,ts_code,trade_date,open,high,low,close,pre_close,change,pct_chg,vol,amount,ma5,ma_v_5,ma13,ma_v_13,ma34,ma_v_34,ma144,ma_v_144,ma169,ma_v_169,ma75,ma_v_75,ma10,ma_v_10,ma20,ma_v_20,ma30,ma_v_30,ma60,ma_v_60,ma120,ma_v_120
0,000650.SZ,20221230,6.3,6.31,6.19,6.19,6.3,-0.10999999999999943,-1.75,401075.4,249880.397,6.34,543619.05,6.89,747018.45,7.06,1073833.29,6.26,479034.19,6.21,440497.53,6.43,729726.75,6.61,662246.48,7.19,1110720.99,7.05,1031619.42,6.63,882875.8,6.26,507247.13
1,000650.SZ,20221229,6.25,6.36,6.21,6.3,6.24,0.05999999999999961,0.96,557533.45,351396.479,6.43,549533.05,7.06,837800.53,7.09,1133012.34,6.26,477158.11,6.21,439353.27,6.42,725312.9,6.79,722149.97,7.23,1140820.07,7.09,1073403.54,6.62,878525.54,6.26,505657.6
2,000650.SZ,20221228,6.31,6.34,6.21,6.24,6.33,-0.08999999999999986,-1.42,464250.55,290823.827,6.52,552963.87,7.22,955279.71,7.1,1166312.12,6.26,474330.21,6.21,436963.86,6.42,718999.03,6.93,743040.81,7.25,1158067.55,7.11,1090715.69,6.6,870766.77,6.26,503448.05
3,000650.SZ,20221227,6.63,6.63,6.18,6.33,6.63,-0.2999999999999998,-4.52,823987.43,520895.504,6.65,592844.56,7.34,1058758.36,7.11,1187842.54,6.26,472402.05,6.21,435527.33,6.41,714375.33,7.09,828838.05,7.27,1166443.13,7.13,1113438.98,6.59,864682.64,6.26,502493.24
4,000650.SZ,20221226,6.73,6.78,6.58,6.63,6.67,-0.040000000000000036,-0.6,471248.43,313777.311,6.78,589127.92,7.45,1201117.95,7.12,1188578.64,6.25,467803.7,6.21,431977.46,6.4,705362.86,7.29,904563.55,7.29,1171606.71,7.16,1142116.17,6.58,852556.53,6.27,500144.08
5,000650.SZ,20221223,6.71,6.8,6.63,6.67,6.73,-0.0600000000000005,-0.89,430645.4,289064.678,6.89,780873.9,7.53,1327372.95,7.11,1193564.17,6.25,466174.74,6.21,429913.44,6.39,700671.01,7.47,1065914.98,7.3,1182307.26,7.19,1206846.66,6.56,846047.17,6.26,500291.24
6,000650.SZ,20221222,6.95,6.96,6.67,6.73,6.88,-0.14999999999999947,-2.18,574687.53,390712.544,7.14,894766.88,7.56,1373394.73,7.09,1192880.69,6.24,465096.4,6.21,428156.52,6.38,696231.8,7.58,1203797.74,7.29,1195030.32,7.18,1248816.01,6.54,840190.5,6.26,499957.7
7,000650.SZ,20221221,7.01,7.1,6.79,6.88,6.98,-0.10000000000000053,-1.43,663654.02,459157.677,7.35,933117.76,7.59,1422383.98,7.08,1192116.84,6.24,462073.47,6.21,426256.29,6.37,689849.89,7.68,1413795.2,7.29,1203465.9,7.18,1269535.92,6.52,831641.01,6.26,498076.42
8,000650.SZ,20221220,7.13,7.28,6.93,6.98,7.19,-0.20999999999999996,-2.92,805404.22,565759.95,7.52,1064831.54,7.59,1448491.89,7.06,1188744.02,6.23,459440.05,6.21,423693.74,6.36,682442.33,7.76,1558686.14,7.28,1219284.98,7.17,1275714.61,6.5,821756.56,6.25,494679.34
9,000650.SZ,20221219,7.96,7.96,7.15,7.19,7.94,-0.75,-9.45,1429978.33,1054851.854,7.8,1219999.18,7.57,1455959.5,7.04,1195607.76,6.22,455123.37,6.21,419978.6,6.34,673215.89,7.77,1581038.57,7.27,1235599.74,7.15,1270226.35,6.47,809497.26,6.25,491160.7
10,000650.SZ,20221216,7.7,8.06,7.68,7.94,7.75,0.1900000000000004,2.45,1000110.32,792962.494,8.04,1350956.05,7.54,1394558.24,7.01,1178637.73,6.21,446467.43,6.21,412755.03,6.33,655800.98,7.77,1559195.51,7.27,1216305.89,7.11,1236140.64,6.44,788083.23,6.24,480984.32
11,000650.SZ,20221215,7.71,7.86,7.65,7.75,7.76,-0.009999999999999787,-0.13,766441.91,594910.756,8.02,1512828.6,7.45,1388954.31,6.96,1177389.15,6.2,440749.62,6.2,408457.79,6.3,644607.59,7.66,1559490.17,7.24,1249030.33,7.05,1221094.19,6.41,774898.32,6.22,474347.32
12,000650.SZ,20221214,8.14,8.15,7.7,7.76,8.37,-0.6099999999999994,-7.29,1322222.92,1039032.48,8.01,1894472.64,7.37,1382709.5,6.91,1178297.41,6.19,436529.23,6.2,405924.77,6.27,636188.98,7.56,1573094.29,7.2,1264553.12,7.0,1213845.4,6.37,764694.41,6.21,470367.01
13,000650.SZ,20221213,8.41,8.46,8.01,8.37,8.4,-0.030000000000001137,-0.36,1581242.41,1299138.488,8.0,2052540.74,7.28,1333700.55,6.87,1178440.09,6.17,428933.84,6.2,399921.77,6.25,619804.45,7.46,1504048.2,7.16,1255739.44,6.95,1204397.02,6.34,744774.04,6.2,461396.03
14,000650.SZ,20221212,8.03,8.49,7.86,8.4,7.83,0.5700000000000003,7.28,2084762.71,1713005.022,7.73,1942077.96,7.15,1269251.07,6.8,1156793.71,6.16,419458.85,6.19,393131.34,6.22,600527.96,7.3,1438649.88,7.1,1260892.48,6.89,1180122.18,6.3,722261.54,6.18,451275.06
15,000650.SZ,20221209,7.77,8.1,7.7,7.83,7.7,0.1299999999999999,1.69,1809473.06,1432010.492,7.49,1767434.97,7.01,1184272.05,6.71,1101546.73,6.14,406606.93,6.19,383228.24,6.19,573859.09,7.13,1298699.55,7.05,1277312.5,6.82,1142552.03,6.26,689204.35,6.16,436517.66
16,000650.SZ,20221208,7.85,8.29,7.48,7.7,7.72,-0.019999999999999574,-0.26,2674662.11,2083133.245,7.3,1606151.73,6.94,1132135.63,6.65,1054163.7,6.13,395667.31,6.19,375660.83,6.16,551040.53,7.0,1186262.9,6.99,1271325.14,6.76,1108813.7,6.23,660213.75,6.15,423980.26
17,000650.SZ,20221207,7.17,7.72,7.03,7.72,7.02,0.7000000000000002,9.97,2112563.42,1579358.398,7.1,1251715.94,6.9,1006707.88,6.59,980144.7,6.12,379151.03,6.18,361579.16,6.14,516932.94,6.9,993136.6,6.93,1197406.28,6.71,1063894.09,6.2,617035.93,6.14,404472.72
18,000650.SZ,20221206,7.16,7.35,6.94,7.02,7.16,-0.14000000000000057,-1.96,1028928.49,736709.249,6.91,955555.66,6.87,971479.85,6.54,923139.09,6.11,365983.8,6.18,351218.21,6.12,489984.75,6.79,879883.81,6.87,1134228.85,6.65,1021650.83,6.17,583784.42,6.12,389119.91
19,000650.SZ,20221205,7.08,7.26,7.01,7.16,6.9,0.2599999999999998,3.77,1211547.78,865768.822,6.86,935221.79,6.86,975169.79,6.5,900059.41,6.1,360184.49,6.19,347853.25,6.1,477764.19,6.77,890160.92,6.84,1114820.24,6.6,994232.06,6.15,569103.15,6.12,383388.08
20,000650.SZ,20221202,6.66,6.99,6.65,6.9,6.72,0.1800000000000006,2.68,1003056.86,689279.079,6.76,829964.13,6.84,970123.76,6.47,874969.21,6.09,353273.76,6.19,343285.74,6.09,463714.3,6.78,873416.27,6.79,1074613.2,6.55,960462.13,6.12,550900.02,6.11,374965.78
21,000650.SZ,20221201,6.87,6.9,6.59,6.72,6.73,-0.010000000000000675,-0.15,902483.17,606592.87,6.71,766374.06,6.87,1022527.32,6.44,852178.01,6.09,347991.57,6.19,340233.62,6.08,452740.48,6.82,938570.49,6.75,1051896.2,6.51,932294.1,6.11,535810.81,6.1,369367.07
22,000650.SZ,20221130,6.74,6.89,6.65,6.73,6.8,-0.0699999999999994,-1.03,631762.01,427288.14,6.7,734557.26,6.91,1138733.47,6.41,833640.83,6.08,343806.76,6.2,337057.44,6.07,441786.1,6.85,956011.95,6.72,1034220.96,6.48,908023.76,6.09,522370.16,6.1,366673.91
23,000650.SZ,20221129,6.61,6.91,6.6,6.8,6.67,0.1299999999999999,1.95,927259.15,630772.44,6.67,804211.96,6.9,1220115.3,6.38,819771.75,6.08,341341.6,6.2,334552.98,6.06,434505.98,6.86,1007430.69,6.7,1054571.43,6.45,895105.67,6.08,513642.26,6.1,366760.53
24,000650.SZ,20221128,6.55,6.8,6.53,6.67,6.61,0.05999999999999961,0.91,685259.45,457998.556,6.69,845100.04,6.89,1240809.6,6.34,795895.24,6.07,336778.29,6.21,331030.79,6.04,423615.69,6.91,1083135.08,6.68,1050858.33,6.43,876146.39,6.06,500078.29,6.09,360849.52
25,000650.SZ,20221125,6.61,6.69,6.4,6.61,6.69,-0.08000000000000007,-1.2,685106.51,450066.548,6.8,916868.41,6.88,1253406.16,6.31,778942.26,6.06,333887.8,6.21,329429.09,6.03,415941.08,6.97,1255925.45,6.66,1064478.27,6.4,860909.62,6.05,490721.62,6.09,356230.02
26,000650.SZ,20221124,6.58,6.73,6.53,6.69,6.57,0.1200000000000001,1.83,743399.17,494607.905,6.93,1110766.92,6.86,1249994.6,6.28,762447.09,6.05,330572.44,6.21,327453.42,6.02,408075.63,6.97,1356387.38,6.63,1070089.1,6.38,847146.71,6.04,481979.95,6.08,351773.43
27,000650.SZ,20221123,6.79,6.87,6.45,6.57,6.89,-0.3199999999999994,-4.64,980035.51,644374.101,6.99,1177466.64,6.82,1224149.06,6.24,744701.81,6.05,326477.47,6.22,324587.31,6.01,400379.54,6.96,1401675.97,6.61,1099272.84,6.34,827707.18,6.02,471840.74,6.07,347133.4
28,000650.SZ,20221122,7.18,7.35,6.76,6.89,7.24,-0.35000000000000053,-4.83,1131699.55,792977.977,7.06,1210649.42,6.79,1190970.69,6.21,718583.33,6.05,321209.7,6.22,320502.44,6.0,390870.01,6.96,1388573.89,6.58,1092534.34,6.31,798887.91,6.01,457063.2,6.07,340314.98
29,000650.SZ,20221121,7.15,7.4,7.0,7.24,7.26,-0.019999999999999574,-0.28,1044101.32,752386.471,7.13,1321170.13,6.73,1146145.98,6.17,688215.78,6.04,314906.64,6.22,315486.44,5.99,377707.82,6.9,1339479.56,6.51,1046267.63,6.26,764793.21,6.0,440459.97,6.06,332856.48
30,000650.SZ,20221118,6.96,7.45,6.91,7.26,7.0,0.2599999999999998,3.71,1654599.06,1190966.305,7.13,1594982.49,6.66,1145735.99,6.12,660342.83,6.04,308506.13,6.22,311013.99,5.97,365741.16,6.79,1275810.14,6.43,1003985.06,6.2,734132.18,5.98,424468.23,6.05,326450.33
31,000650.SZ,20221117,6.86,7.15,6.86,7.0,6.89,0.11000000000000032,1.6,1076897.78,756687.705,7.01,1602007.83,6.59,1084074.31,6.06,614051.29,6.03,297944.51,6.22,303131.84,5.96,345570.17,6.69,1165221.9,6.36,929155.91,6.14,683647.54,5.96,398526.27,6.04,313823.55
32,000650.SZ,20221116,7.25,7.27,6.86,6.89,7.24,-0.35000000000000053,-4.83,1145949.37,802167.548,6.93,1625885.29,6.54,1074902.05,6.02,584708.56,6.03,292226.81,6.22,299420.57,5.94,332490.12,6.6,1112429.96,6.3,884029.66,6.09,650817.85,5.94,382521.19,6.03,307219.75
33,000650.SZ,20221115,7.27,7.31,7.0,7.24,7.28,-0.040000000000000036,-0.55,1684303.1,1205872.604,6.86,1566498.37,6.47,1048084.63,5.98,552819.41,6.03,285870.11,6.23,294669.25,5.93,318673.71,6.54,1101712.16,6.25,838943.16,6.05,615926.3,5.93,364946.19,6.02,299201.86
34,000650.SZ,20221114,6.62,7.28,6.53,7.28,6.62,0.6600000000000001,9.97,2413163.12,1705892.69,6.67,1357788.99,6.4,1020605.47,5.93,505357.18,6.03,275406.52,6.23,286085.1,5.92,297960.73,6.45,1018581.57,6.19,772652.05,5.99,562996.9,5.91,338747.58,6.01,286695.35
35,000650.SZ,20221111,6.81,7.14,6.5,6.62,6.64,-0.019999999999999574,-0.3,1689725.79,1148855.837,6.45,956637.79,6.29,899997.97,5.88,436436.08,6.03,260101.18,6.23,273372.69,5.9,267613.05,6.36,873031.1,6.12,663401.71,5.93,485247.68,5.89,301158.29,6.0,268058.55
36,000650.SZ,20221110,6.5,6.93,6.4,6.64,6.51,0.1299999999999999,2.0,1196285.05,801577.627,6.37,728435.97,6.21,785893.31,5.85,391007.0,6.03,250268.89,6.24,265268.94,5.9,247411.42,6.3,783790.82,6.08,592526.37,5.89,431564.99,5.88,275996.54,5.99,255300.04
37,000650.SZ,20221109,6.31,6.54,6.27,6.51,6.31,0.20000000000000018,3.17,849014.78,547244.679,6.27,598974.64,6.13,709136.76,5.82,361969.66,6.03,244311.1,6.25,260622.68,5.89,233555.8,6.26,796869.71,6.03,540722.78,5.85,393746.1,5.86,257406.85,5.98,247235.06
38,000650.SZ,20221108,6.17,6.35,6.08,6.31,6.17,0.13999999999999968,2.27,640756.23,400141.582,6.22,636925.96,6.08,655983.02,5.8,341534.15,6.04,240552.07,6.25,256960.64,5.89,223781.61,6.2,796494.8,5.98,504044.92,5.82,367798.51,5.85,244685.83,5.98,241966.97
39,000650.SZ,20221107,6.19,6.22,6.1,6.17,6.2,-0.03000000000000025,-0.48,407407.11,250848.523,6.23,679374.15,6.04,620107.36,5.79,326423.69,6.05,239113.91,6.26,254659.55,5.88,217201.81,6.12,753055.69,5.94,477450.03,5.8,348768.17,5.85,235848.01,5.98,238578.06
40,000650.SZ,20221104,6.18,6.24,6.13,6.2,6.18,0.020000000000000462,0.32,548716.68,338942.489,6.26,789424.41,6.02,607554.47,5.78,321220.32,6.06,239139.82,6.27,253200.35,5.88,214938.74,6.07,732159.98,5.9,463293.2,5.77,340025.83,5.84,230885.62,5.98,237134.4
41,000650.SZ,20221103,6.17,6.25,6.1,6.18,6.24,-0.0600000000000005,-0.96,548978.4,338465.502,6.23,839145.67,6.0,592920.94,5.77,308061.93,6.07,239013.87,6.28,251945.04,5.88,209919.86,6.04,693089.92,5.87,442860.35,5.76,328702.45,5.84,223326.98,5.98,235031.06
42,000650.SZ,20221102,6.27,6.57,6.21,6.24,6.36,-0.1200000000000001,-1.89,1038771.38,663184.48,6.25,994764.78,5.98,568242.32,5.76,293975.4,6.08,237249.16,6.28,249897.18,5.88,204358.91,6.0,655629.35,5.84,420011.8,5.75,315543.42,5.83,216947.21,5.98,232260.27
43,000650.SZ,20221101,6.35,6.5,6.21,6.36,6.33,0.03000000000000025,0.47,852997.18,539091.648,6.18,956063.63,5.95,509276.75,5.75,265893.69,6.09,232546.32,6.29,244975.16,5.88,194112.32,5.96,576174.16,5.8,373033.37,5.73,285151.06,5.82,204081.37,5.97,225219.07
44,000650.SZ,20221031,6.04,6.34,5.97,6.33,6.06,0.27000000000000046,4.46,957658.4,593019.616,6.01,826737.23,5.89,455985.69,5.74,244260.62,6.09,229818.91,6.3,241601.12,5.88,186422.74,5.93,526722.53,5.76,335204.56,5.72,264400.91,5.82,192273.67,5.97,219914.12
45,000650.SZ,20221028,6.13,6.25,6.01,6.06,6.27,-0.20999999999999996,-3.35,797322.99,488480.365,5.88,674895.55,5.83,391201.01,5.72,220448.68,6.1,226221.56,6.31,236738.82,5.88,176211.32,5.88,453772.32,5.71,291355.97,5.71,235856.68,5.81,178756.05,5.97,213953.8
46,000650.SZ,20221027,5.95,6.35,5.89,6.27,5.9,0.3699999999999992,6.27,1327073.94,814657.836,5.84,547034.17,5.78,338242.19,5.72,200508.6,6.12,224068.26,6.32,232799.0,5.88,168384.77,5.86,401261.92,5.68,255452.08,5.7,211613.79,5.81,167830.26,5.97,209808.37
47,000650.SZ,20221026,5.55,6.06,5.54,5.9,5.51,0.39000000000000057,7.08,845265.65,502875.857,5.75,316493.93,5.72,245718.85,5.7,164350.66,6.12,217392.11,6.32,225922.37,5.88,154588.96,5.8,284575.86,5.65,192184.29,5.68,170177.76,5.81,147310.59,5.96,201055.92
48,000650.SZ,20221025,5.68,5.71,5.49,5.51,5.67,-0.16000000000000014,-2.82,206365.18,114459.999,5.74,196284.7,5.7,191472.24,5.7,142314.74,6.13,212970.19,6.33,222381.54,5.88,147981.06,5.76,211595.05,5.63,153450.37,5.68,145918.01,5.81,135051.47,5.96,196263.22
49,000650.SZ,20221024,5.83,5.91,5.65,5.67,5.85,-0.17999999999999972,-3.08,198449.97,114430.494,5.84,226707.82,5.7,182675.48,5.72,139424.22,6.15,213842.71,6.34,222841.22,5.9,152457.36,5.75,201844.37,5.63,146624.4,5.69,143974.25,5.82,133792.55,5.96,196785.41
50,000650.SZ,20221021,5.83,5.88,5.76,5.85,5.83,0.019999999999999574,0.34,158016.09,91997.623,5.88,232649.09,5.68,175041.08,5.72,136923.37,6.16,215343.56,6.35,223157.0,5.91,156330.14,5.73,194426.42,5.63,143958.75,5.7,141337.92,5.83,132769.83,5.96,196862.45
51,000650.SZ,20221020,5.82,5.92,5.78,5.83,5.85,-0.019999999999999574,-0.34,174372.75,102204.764,5.88,255489.68,5.66,170303.0,5.72,135918.77,6.17,216685.25,6.36,223575.2,5.92,159431.53,5.71,192630.79,5.62,146508.72,5.7,139327.52,5.84,133046.29,5.97,196826.68
52,000650.SZ,20221019,5.97,5.97,5.82,5.85,6.01,-0.16000000000000014,-2.66,244219.49,143772.31,5.84,252657.79,5.63,163096.37,5.72,135513.87,6.18,217273.12,6.37,224532.35,5.92,161759.01,5.67,184394.24,5.62,145500.45,5.7,136716.57,5.84,132758.63,5.97,197219.22
53,000650.SZ,20221018,5.88,6.03,5.8,6.01,5.87,0.13999999999999968,2.39,358480.81,213645.38,5.77,226905.4,5.6,150406.04,5.72,132302.89,6.19,217588.9,6.38,224704.74,5.93,161916.15,5.64,169892.57,5.62,139639.51,5.7,132178.84,5.84,130620.82,5.97,197051.21
54,000650.SZ,20221017,5.81,5.93,5.78,5.87,5.83,0.040000000000000036,0.69,228156.29,134227.397,5.66,176980.92,5.56,127578.14,5.72,124505.9,6.2,217071.65,6.39,223451.08,5.93,162245.3,5.59,143686.6,5.62,133240.1,5.7,124010.18,5.85,127100.66,5.98,195084.11
55,000650.SZ,20221014,5.65,5.88,5.65,5.83,5.64,0.1900000000000004,3.37,272219.04,158104.974,5.58,156203.75,5.54,115457.44,5.73,121780.9,6.21,217489.02,6.4,223298.06,5.93,161987.38,5.54,128939.63,5.62,126898.86,5.7,120533.63,5.85,127259.33,5.98,194297.19
56,000650.SZ,20221013,5.48,5.67,5.45,5.64,5.51,0.1299999999999999,2.36,160213.34,89687.218,5.53,129771.91,5.52,99890.28,5.73,116262.6,6.22,217838.29,6.41,223086.16,5.94,161073.41,5.51,109642.23,5.62,116789.73,5.7,116813.2,5.85,125594.04,5.99,194141.6
57,000650.SZ,20221012,5.44,5.52,5.33,5.51,5.44,0.0699999999999994,1.29,115457.54,62375.255,5.5,116130.69,5.51,98730.55,5.74,114435.18,6.23,219848.57,6.42,223826.88,5.95,162787.95,5.5,99792.72,5.63,112978.71,5.71,115974.3,5.86,125122.26,6.0,194728.02
58,000650.SZ,20221011,5.49,5.49,5.33,5.44,5.5,-0.05999999999999961,-1.09,108858.39,58758.655,5.5,112879.74,5.52,105927.31,5.76,114468.57,6.24,221428.56,6.43,226843.54,5.96,164524.59,5.51,95305.68,5.65,113079.49,5.72,115238.48,5.87,127702.59,6.01,195245.43
59,000650.SZ,20221010,5.58,5.65,5.48,5.5,5.57,-0.07000000000000028,-1.26,124270.45,69327.215,5.52,110392.28,5.55,109415.7,5.78,113956.55,6.25,222294.69,6.44,227731.88,5.97,167962.83,5.52,91404.44,5.67,115039.19,5.74,116126.74,5.89,130492.93,6.02,196081.56
60,000650.SZ,20220930,5.49,5.62,5.49,5.57,5.5,0.07000000000000028,1.27,140059.81,77979.945,5.5,101675.5,5.58,109625.72,5.79,113607.02,6.27,223270.36,6.46,228794.04,5.98,170490.88,5.52,93491.08,5.69,114793.67,5.76,114804.29,5.9,131618.45,6.04,197328.28
61,000650.SZ,20220929,5.5,5.61,5.47,5.5,5.48,0.019999999999999574,0.36,92007.27,51053.67,5.49,89512.56,5.61,116582.08,5.81,114128.96,6.29,224521.28,6.48,229738.73,5.99,172689.89,5.53,100386.64,5.7,112675.88,5.77,113405.0,5.91,132789.65,6.05,198980.8
62,000650.SZ,20220928,5.52,5.6,5.45,5.48,5.55,-0.0699999999999994,-1.26,99202.8,54769.694,5.5,83454.75,5.64,117299.33,5.82,116717.59,6.3,226736.97,6.5,231637.5,5.99,175913.22,5.56,106606.66,5.72,112877.73,5.79,114224.52,5.92,136129.33,6.07,200778.36
63,000650.SZ,20220927,5.38,5.55,5.37,5.55,5.38,0.16999999999999993,3.16,96421.05,52677.777,5.52,77731.62,5.67,115055.77,5.83,116179.39,6.32,227646.18,6.52,234650.39,6.0,178193.53,5.6,109386.45,5.74,113321.97,5.81,113966.08,5.94,140303.84,6.08,203565.51
64,000650.SZ,20220926,5.5,5.5,5.37,5.38,5.53,-0.15000000000000036,-2.71,80686.57,43864.101,5.52,72416.6,5.69,114099.76,5.84,115865.64,6.33,228725.71,6.54,236430.17,6.01,181456.04,5.65,122793.59,5.76,114171.97,5.83,114498.26,5.95,147731.62,6.1,206188.16
65,000650.SZ,20220923,5.55,5.58,5.48,5.53,5.54,-0.009999999999999787,-0.18,79245.11,43774.093,5.54,85306.66,5.73,116929.49,5.86,116742.12,6.35,229282.07,6.56,238537.31,6.03,183058.5,5.7,124858.09,5.78,116330.63,5.85,117068.89,5.97,154535.32,6.12,209937.27
66,000650.SZ,20220922,5.54,5.6,5.53,5.54,5.59,-0.04999999999999982,-0.89,61718.2,34341.465,5.57,111260.72,5.75,122222.37,5.87,117636.79,6.36,231069.05,6.58,241205.76,6.03,186418.06,5.72,123937.23,5.8,120398.68,5.87,120428.08,5.99,159724.91,6.14,211734.07
67,000650.SZ,20220921,5.54,5.6,5.49,5.59,5.54,0.04999999999999982,0.9,70587.19,39089.035,5.63,129758.57,5.78,126656.35,5.88,118621.49,6.37,232049.4,6.61,244278.31,6.04,193319.21,5.76,126164.71,5.81,124065.09,5.88,121067.61,6.0,164511.83,6.15,214232.77
68,000650.SZ,20220920,5.55,5.59,5.52,5.54,5.51,0.03000000000000025,0.54,69845.94,38790.923,5.69,141041.27,5.8,128742.26,5.88,121433.39,6.39,232996.36,6.63,249704.83,6.06,200940.13,5.79,130853.29,5.83,125204.88,5.88,121573.15,6.01,167602.12,6.17,217479.96
69,000650.SZ,20220919,5.64,5.66,5.48,5.51,5.66,-0.15000000000000036,-2.65,145136.86,80820.784,5.77,173170.59,5.83,130757.52,5.89,127226.79,6.4,234475.1,6.66,253117.84,6.06,202914.68,5.81,138673.94,5.86,128487.89,5.9,122927.85,6.02,172824.14,6.19,220561.57
70,000650.SZ,20220916,5.81,5.84,5.65,5.66,5.83,-0.16999999999999993,-2.92,209015.43,119448.003,5.85,164409.51,5.86,127907.58,5.9,127209.1,6.42,234411.17,6.68,259552.87,6.07,202725.12,5.85,136096.26,5.88,125460.89,5.91,121745.42,6.03,173885.4,6.21,223412.49
71,000650.SZ,20220915,5.91,5.94,5.79,5.83,5.9,-0.07000000000000028,-1.19,154207.45,90426.459,5.88,136613.73,5.87,120554.17,5.91,125373.39,6.43,233872.82,6.7,264542.68,6.07,201942.46,5.87,124965.12,5.9,119914.18,5.92,117951.5,6.04,173796.32,6.22,224718.27
72,000650.SZ,20220914,5.91,5.92,5.84,5.9,5.97,-0.0699999999999994,-1.17,127000.67,74748.467,5.88,122570.84,5.88,118219.72,5.92,125007.73,6.44,233947.23,6.72,267024.8,6.07,202374.31,5.88,119148.81,5.91,118033.45,5.91,118350.99,6.05,176039.6,6.23,225170.78
73,000650.SZ,20220913,5.9,6.02,5.88,5.97,5.88,0.08999999999999986,1.53,230492.52,137520.164,5.88,120665.3,5.87,120804.76,5.93,124092.82,6.45,234779.63,6.74,271824.71,6.07,202838.63,5.88,117257.49,5.92,116255.89,5.91,123011.68,6.05,178018.02,6.25,226879.18
74,000650.SZ,20220909,5.84,5.89,5.83,5.88,5.82,0.05999999999999961,1.03,101331.5,59414.318,5.85,104177.3,5.87,113462.74,5.93,120540.64,6.46,235151.56,6.76,275847.44,6.07,202921.11,5.87,105550.35,5.92,110350.59,5.91,120146.44,6.06,180288.58,6.26,228413.18
75,000650.SZ,20220908,5.86,5.88,5.82,5.82,5.85,-0.02999999999999936,-0.51,70036.5,40860.364,5.85,107783.0,5.87,112851.32,5.94,121408.25,6.47,236196.6,6.78,277443.99,6.07,205241.55,5.86,107803.17,5.93,113174.3,5.91,121655.43,6.06,183830.96,6.27,230495.58
76,000650.SZ,20220907,5.89,5.91,5.83,5.85,5.89,-0.040000000000000036,-0.68,83993.0,49139.707,5.86,113316.5,5.89,117887.45,5.95,123380.31,6.48,237298.38,6.79,279217.17,6.07,206166.2,5.87,116860.13,5.94,118673.51,5.92,124046.72,6.07,187746.78,6.28,232070.49
77,000650.SZ,20220906,5.82,5.89,5.8,5.89,5.82,0.0699999999999994,1.2,117473.0,68819.603,5.87,115726.78,5.9,117933.9,5.96,126045.34,6.5,239049.33,6.81,282897.18,6.07,208838.85,5.87,121965.46,5.94,118519.06,5.93,124443.42,6.08,191909.52,6.29,233784.65
78,000650.SZ,20220905,5.9,5.92,5.78,5.82,5.89,-0.0699999999999994,-1.19,148052.5,86260.697,5.87,113849.68,5.91,116442.23,5.96,127211.23,6.51,240131.84,6.83,284488.0,6.07,209723.24,5.88,119556.47,5.94,116933.09,5.94,124184.93,6.08,194455.4,6.3,235172.34
79,000650.SZ,20220902,5.87,5.94,5.83,5.89,5.86,0.02999999999999936,0.51,119360.02,70118.001,5.88,106923.41,5.93,114022.25,5.97,126267.06,6.52,240121.84,6.85,287121.71,6.07,210196.17,5.9,118301.83,5.94,115054.81,5.95,123610.85,6.09,197673.01,6.32,236340.72
80,000650.SZ,20220901,5.87,5.92,5.84,5.86,5.87,-0.009999999999999787,-0.17,97704.0,57490.19,5.87,107823.33,5.94,111875.29,5.98,127087.98,6.53,240697.78,6.87,289270.64,6.07,210961.33,5.91,114825.52,5.94,114570.0,5.96,124201.74,6.09,199031.53,6.33,238033.68
81,000650.SZ,20220831,5.92,5.92,5.83,5.87,5.9,-0.03000000000000025,-0.51,96044.37,56398.058,5.87,120403.76,5.95,113004.71,5.98,131204.82,6.53,241661.0,6.89,293678.9,6.07,211774.68,5.93,114863.24,5.94,114444.7,5.97,126765.07,6.1,202923.33,6.34,240966.92
82,000650.SZ,20220830,5.87,5.94,5.85,5.9,5.87,0.03000000000000025,0.51,108087.53,63611.985,5.88,128204.15,5.97,117755.58,5.99,133447.67,6.55,242975.93,6.91,296994.21,6.08,213540.58,5.94,116918.09,5.93,117952.08,5.98,128800.69,6.11,210977.66,6.35,243024.69
83,000650.SZ,20220829,5.8,5.88,5.7,5.87,5.86,0.009999999999999787,0.17,113421.12,65856.3,5.89,125263.26,5.97,123288.91,5.99,134148.24,6.56,246567.5,6.92,301286.86,6.08,214990.66,5.96,115254.29,5.93,125888.78,5.98,129062.81,6.12,219878.81,6.36,244070.47
84,000650.SZ,20220826,5.85,5.94,5.81,5.86,5.85,0.010000000000000675,0.17,123859.65,72711.494,5.93,129680.26,5.97,120787.59,6.0,138761.65,6.57,247578.38,6.93,301160.86,6.08,216599.54,5.97,115150.82,5.93,127444.48,5.99,130191.14,6.12,221620.75,6.38,245331.68
85,000650.SZ,20220825,5.9,5.91,5.8,5.85,5.9,-0.05000000000000071,-0.85,160606.12,93755.035,5.95,121827.7,5.97,117856.35,6.02,143244.57,6.59,248827.8,6.95,301104.3,6.08,218070.31,5.99,118545.43,5.94,128581.57,5.99,133985.04,6.12,221738.42,6.4,246967.79
86,000650.SZ,20220824,5.98,6.03,5.88,5.9,5.98,-0.08000000000000007,-1.34,135046.34,80294.593,5.98,109322.73,5.98,114001.03,6.03,144162.09,6.61,249793.82,6.96,300998.26,6.09,219879.79,6.01,120486.89,5.95,127640.02,6.0,134374.88,6.12,221566.91,6.41,249054.95
87,000650.SZ,20220823,6.01,6.03,5.96,5.98,6.04,-0.05999999999999961,-0.99,93383.05,55925.524,6.01,105632.03,5.98,112048.53,6.04,146376.37,6.63,251723.35,6.98,300835.86,6.09,220965.61,6.0,115072.66,5.96,125682.39,6.01,134270.23,6.12,222426.07,6.43,249847.31
88,000650.SZ,20220822,5.95,6.04,5.85,6.04,5.97,0.07000000000000028,1.17,135506.15,81179.626,6.02,105245.32,5.97,112188.14,6.05,152229.45,6.64,255299.72,6.99,301258.98,6.09,222304.86,5.99,114309.71,5.97,126499.16,6.02,140166.69,6.12,223566.77,6.44,251168.06
89,000650.SZ,20220819,6.0,6.03,5.96,5.97,6.01,-0.040000000000000036,-0.67,84596.85,50710.884,6.02,100621.38,5.95,114548.59,6.06,158528.48,6.67,257117.07,7.0,301383.54,6.09,223383.49,5.98,111807.78,5.97,126265.35,6.03,144859.12,6.12,225252.98,6.45,251378.86
90,000650.SZ,20220818,6.06,6.07,5.99,6.01,6.05,-0.040000000000000036,-0.66,98081.27,58944.994,6.04,115263.16,5.93,128565.87,6.07,171984.1,6.69,259562.88,7.02,302515.88,6.09,225487.81,5.97,114314.48,5.98,128889.85,6.04,148432.62,6.12,228432.44,6.47,253478.64
91,000650.SZ,20220817,6.04,6.07,6.02,6.05,6.02,0.03000000000000025,0.5,116592.84,70474.313,6.03,131651.05,5.93,132139.25,6.09,183479.02,6.71,262563.79,7.03,303059.5,6.09,228178.34,5.95,114026.15,5.99,132715.99,6.04,152174.3,6.11,229120.84,6.48,254352.03
92,000650.SZ,20220816,6.04,6.06,6.0,6.02,6.04,-0.020000000000000462,-0.33,91449.5,55115.626,5.99,124513.29,5.92,134447.59,6.1,191538.65,6.74,265788.69,7.04,303291.3,6.09,230314.16,5.93,118986.07,6.0,134741.99,6.05,158034.14,6.11,231918.32,6.49,255105.01
93,000650.SZ,20220815,6.08,6.08,5.97,6.04,6.07,-0.03000000000000025,-0.49,112386.43,67667.496,5.96,123374.09,5.93,138318.79,6.1,199111.71,6.77,272012.45,7.05,304005.26,6.08,232696.73,5.9,136523.26,6.0,135967.07,6.06,166641.6,6.11,233457.53,6.51,256699.47
94,000650.SZ,20220812,6.01,6.1,5.95,6.07,5.99,0.08000000000000007,1.34,157805.74,95531.685,5.94,122994.19,5.94,137050.13,6.11,203335.78,6.79,275722.57,7.07,304152.0,6.08,234785.29,5.89,139738.15,6.0,137711.3,6.08,180964.98,6.11,234643.13,6.52,256895.67
95,000650.SZ,20220811,5.83,6.0,5.82,5.99,5.82,0.16999999999999993,2.92,180020.76,107096.11,5.91,113365.8,5.94,133351.11,6.12,209964.06,6.81,283186.82,7.08,303918.18,6.07,235450.48,5.89,138617.7,5.99,141704.85,6.09,192001.74,6.1,234958.81,6.53,256676.4
96,000650.SZ,20220810,5.88,5.88,5.8,5.82,5.89,-0.0699999999999994,-1.19,80904.0,47175.089,5.87,96401.25,5.95,129567.21,6.12,210810.88,6.84,289244.26,7.09,303458.1,6.07,235099.85,5.9,134793.14,6.0,141318.87,6.11,199021.73,6.1,234603.55,6.54,256550.59
97,000650.SZ,20220809,5.94,5.94,5.86,5.89,5.95,-0.0600000000000005,-1.01,85753.53,50462.874,5.86,113458.86,5.97,133888.96,6.14,214421.66,6.86,292666.36,7.11,303766.08,6.08,236974.15,5.93,136292.12,6.02,143869.02,6.12,207956.04,6.11,237063.27,6.56,257933.6
98,000650.SZ,20220808,5.9,5.98,5.88,5.95,5.89,0.0600000000000005,1.02,110486.91,65630.804,5.83,149672.44,5.99,140723.61,6.14,220393.74,6.88,298586.02,7.12,303964.27,6.08,238818.22,5.95,138688.61,6.03,153095.19,6.13,213631.08,6.11,239248.1,6.57,259586.08
99,000650.SZ,20220805,5.81,5.91,5.79,5.89,5.82,0.0699999999999994,1.2,109663.81,64151.72,5.84,156482.1,6.01,144310.23,6.15,224370.77,6.91,304140.52,7.14,304444.6,6.09,238977.44,5.97,140722.92,6.05,161384.79,6.14,222720.43,6.11,241308.1,6.58,260763.83
100,000650.SZ,20220804,5.8,5.84,5.72,5.82,5.77,0.05000000000000071,0.87,95198.02,55141.396,5.87,163869.6,6.03,144793.86,6.16,231931.42,6.93,305956.39,7.15,304954.24,6.1,239298.27,5.99,143465.22,6.07,165491.69,6.16,226025.38,6.11,243383.17,6.6,261755.73
101,000650.SZ,20220803,5.73,5.88,5.72,5.77,5.74,0.02999999999999936,0.52,166192.05,96457.404,5.93,173185.02,6.05,148799.48,6.17,238363.08,6.94,307862.68,7.17,305364.14,6.11,241409.62,6.03,151405.82,6.09,171248.38,6.17,229641.14,6.12,246735.15,6.61,263763.5
102,000650.SZ,20220802,5.95,5.95,5.66,5.74,5.98,-0.2400000000000002,-4.01,266821.4,153222.829,6.0,159125.38,6.06,154298.29,6.19,242445.24,6.96,311610.75,7.19,304986.42,6.13,242268.17,6.07,150497.91,6.12,177558.17,6.18,233728.21,6.12,247573.33,6.62,264656.52
103,000650.SZ,20220801,6.03,6.04,5.97,5.98,6.04,-0.05999999999999961,-0.99,144535.24,86542.95,6.07,127704.79,6.09,147027.51,6.2,244413.94,6.99,312440.61,7.2,304226.46,6.14,241077.84,6.1,135410.87,6.15,181700.76,6.2,233024.36,6.13,246356.76,6.64,263654.77
104,000650.SZ,20220729,6.1,6.12,6.03,6.04,6.1,-0.05999999999999961,-0.98,146601.3,88922.835,6.1,124963.74,6.1,146056.11,6.21,248110.73,7.01,315555.99,7.22,304366.83,6.15,241939.96,6.11,135684.45,6.17,201578.4,6.21,240430.72,6.13,247554.56,6.65,264136.11
105,000650.SZ,20220728,6.16,6.16,6.09,6.1,6.13,-0.03000000000000025,-0.49,141775.13,86788.36,6.12,123060.84,6.11,155569.62,6.21,253831.54,7.03,317888.83,7.23,304624.99,6.17,243636.96,6.1,144791.99,6.2,218693.76,6.21,246006.49,6.13,249151.55,6.66,264884.5
106,000650.SZ,20220727,6.08,6.15,6.08,6.13,6.12,0.009999999999999787,0.16,95893.85,58643.786,6.13,129626.61,6.13,165916.06,6.22,255569.66,7.05,322756.35,7.25,304651.29,6.18,246258.13,6.1,147844.6,6.21,231136.02,6.22,251446.83,6.13,251786.48,6.67,266081.33
107,000650.SZ,20220726,6.11,6.13,6.04,6.12,6.1,0.020000000000000462,0.33,109718.44,66792.572,6.13,141870.44,6.14,173293.6,6.22,262490.78,7.07,326648.29,7.26,304960.26,6.2,249082.41,6.11,151445.92,6.22,243788.0,6.22,259375.61,6.12,254801.24,6.68,270492.83
108,000650.SZ,20220725,6.09,6.16,6.08,6.1,6.13,-0.03000000000000025,-0.49,130830.0,80013.921,6.13,143116.95,6.15,181033.09,6.22,276302.14,7.09,331674.86,7.27,305441.2,6.22,253401.64,6.11,167501.76,6.22,251102.32,6.22,264725.87,6.11,257474.97,6.7,271736.74
109,000650.SZ,20220722,6.16,6.2,6.06,6.13,6.16,-0.03000000000000025,-0.49,137086.77,84130.118,6.12,146405.16,6.16,193460.61,6.24,291341.15,7.1,331406.09,7.29,306107.63,6.24,257139.09,6.13,182046.65,6.23,263719.19,6.23,271735.17,6.1,259778.28,6.71,273177.96
110,000650.SZ,20220721,6.15,6.2,6.11,6.16,6.16,0.0,0.0,174604.01,107559.52,6.08,166523.14,6.18,209813.43,6.23,293719.11,7.12,331247.86,7.3,306244.08,6.26,262385.66,6.15,187518.16,6.24,267305.47,6.23,273861.32,6.1,260955.08,6.73,274533.17
111,000650.SZ,20220720,6.13,6.18,6.1,6.16,6.1,0.0600000000000005,0.98,157113.0,96655.55,6.08,166062.59,6.21,238081.43,6.23,292434.28,7.13,331026.19,7.32,306105.05,6.28,263989.08,6.15,191090.94,6.24,268758.81,6.23,279081.58,6.1,260607.07,6.75,276518.96
112,000650.SZ,20220719,6.07,6.11,6.03,6.1,6.06,0.040000000000000036,0.66,115950.95,70380.353,6.08,161021.39,6.23,263604.15,6.22,292234.36,7.15,330682.36,7.34,305963.0,6.3,266715.07,6.17,204618.42,6.24,275343.35,6.23,293154.63,6.1,261679.8,6.77,280279.52
113,000650.SZ,20220718,5.95,6.07,5.94,6.06,5.94,0.11999999999999922,2.02,147271.06,88439.258,6.08,191886.58,6.25,284732.57,6.21,294312.15,7.16,331022.22,7.35,306063.88,6.32,271305.73,6.19,227990.66,6.25,281831.11,6.25,310694.81,6.1,263481.6,6.8,282623.3
114,000650.SZ,20220715,6.14,6.14,5.92,5.94,6.12,-0.17999999999999972,-2.94,237676.68,142977.362,6.14,217688.15,6.27,300245.07,6.21,294740.21,7.18,331086.7,7.37,306542.43,6.34,275203.97,6.24,267472.35,6.26,292803.85,6.25,313050.36,6.11,263067.56,6.83,285035.98
115,000650.SZ,20220714,6.15,6.19,6.1,6.12,6.16,-0.040000000000000036,-0.65,172301.25,106013.408,6.21,208513.18,6.3,301654.91,6.21,294710.86,7.19,331352.58,7.39,306095.06,6.36,278531.58,6.29,292595.52,6.27,296613.75,6.25,309491.79,6.12,261335.04,6.86,287473.79
116,000650.SZ,20220713,6.14,6.18,6.1,6.16,6.14,0.020000000000000462,0.33,131907.0,80997.608,6.23,216119.3,6.31,317875.38,6.2,297742.13,7.21,331475.16,7.41,306178.48,6.38,281110.35,6.32,314427.44,6.28,303247.95,6.24,308758.94,6.13,262689.17,6.88,290879.43
117,000650.SZ,20220712,6.32,6.33,6.13,6.14,6.33,-0.1900000000000004,-3.0,270276.9,167524.048,6.25,248215.45,6.31,323791.18,6.19,297962.08,7.22,331640.86,7.42,307192.87,6.4,282131.71,6.33,336130.09,6.28,313340.46,6.23,310581.9,6.14,264333.78,6.92,298010.79
118,000650.SZ,20220711,6.28,6.38,6.27,6.33,6.29,0.040000000000000036,0.64,276278.92,174808.751,6.3,264094.74,6.32,318667.64,6.18,298378.69,7.23,331236.9,7.44,307674.45,6.41,282954.79,6.34,334702.87,6.28,313337.92,6.22,306966.85,6.15,262788.27,6.94,301147.19
119,000650.SZ,20220708,6.26,6.35,6.24,6.29,6.24,0.04999999999999982,0.8,191801.83,120741.518,6.33,317256.56,6.3,319631.1,6.17,295658.78,7.25,330270.99,7.46,308890.06,6.43,284798.71,6.33,345391.72,6.28,316579.42,6.21,305646.83,6.16,261670.2,6.97,309117.01
120,000650.SZ,20220707,6.27,6.28,6.21,6.24,6.27,-0.02999999999999936,-0.48,210331.83,131163.903,6.38,376677.86,6.3,323777.58,6.16,295415.26,7.26,329760.49,7.47,310047.04,6.44,286924.27,6.33,347092.77,6.27,317032.89,6.2,308432.25,6.18,263038.1,7.0,316287.76
121,000650.SZ,20220706,6.36,6.39,6.21,6.27,6.39,-0.1200000000000001,-1.88,292387.75,183891.96,6.4,412735.59,6.3,335807.89,6.15,294427.47,7.28,329010.03,7.49,309804.14,6.45,287573.53,6.33,346426.67,6.27,323076.9,6.18,306067.37,6.19,265171.95,7.02,319315.72
122,000650.SZ,20220705,6.45,6.51,6.33,6.39,6.48,-0.09000000000000075,-1.39,349673.35,224077.997,6.4,424044.74,6.3,337460.73,6.14,290495.63,7.29,327902.84,7.5,308444.29,6.46,287537.59,6.31,346068.29,6.27,337422.73,6.16,305802.51,6.21,265427.4,7.05,324697.36
123,000650.SZ,20220704,6.54,6.63,6.45,6.48,6.5,-0.019999999999999574,-0.31,542088.04,353981.089,6.38,405311.01,6.28,334023.19,6.13,286931.33,7.3,326302.67,7.51,307103.6,6.47,286661.89,6.3,335671.56,6.28,352046.89,6.15,300273.46,6.23,266827.19,7.07,329369.53
124,000650.SZ,20220701,6.4,6.56,6.35,6.5,6.38,0.1200000000000001,1.88,488908.35,316306.631,6.33,373526.87,6.26,317997.74,6.12,277365.31,7.32,323869.15,7.53,304692.38,6.49,283277.48,6.28,318135.35,6.25,335839.36,6.14,288321.27,6.25,264644.7,7.09,327945.04
125,000650.SZ,20220630,6.28,6.38,6.24,6.38,6.26,0.1200000000000001,1.92,390620.45,247314.59,6.28,317507.68,6.24,301176.02,6.11,269870.56,7.33,321833.63,7.54,302311.95,6.5,281058.91,6.25,300631.97,6.23,317939.93,6.12,277915.88,6.27,265339.22,7.1,326951.67
126,000650.SZ,20220629,6.29,6.34,6.25,6.26,6.29,-0.03000000000000025,-0.48,348933.52,219737.025,6.25,280117.75,6.23,297367.45,6.1,265269.02,7.35,320263.16,7.55,300429.01,6.51,281846.55,6.23,292068.46,6.2,305924.69,6.1,270185.38,6.29,263743.23,7.12,329579.12
127,000650.SZ,20220628,6.23,6.29,6.17,6.29,6.24,0.04999999999999982,0.8,256004.7,159863.083,6.23,268091.84,6.22,285978.04,6.09,263721.47,7.36,318550.82,7.57,298822.07,6.52,281767.12,6.22,290550.83,6.19,297807.81,6.09,266170.5,6.31,263953.71,7.15,329890.69
128,000650.SZ,20220627,6.3,6.43,6.21,6.24,6.23,0.009999999999999787,0.16,383167.35,241423.662,6.21,266032.11,6.21,291763.22,6.08,262559.07,7.38,317734.04,7.58,297749.75,6.54,281468.14,6.22,291972.96,6.17,293098.83,6.08,264865.12,6.33,267357.8,7.17,332700.23
129,000650.SZ,20220624,6.22,6.28,6.2,6.23,6.21,0.020000000000000462,0.32,208812.4,130244.938,6.23,262743.82,6.22,306850.69,6.08,256990.23,7.39,316241.61,7.59,296040.16,6.56,279889.46,6.22,287767.13,6.15,285774.39,6.08,259895.77,6.35,268299.0,7.2,333528.25
130,000650.SZ,20220623,6.16,6.22,6.11,6.21,6.16,0.04999999999999982,0.81,203670.79,125538.463,6.22,283756.26,6.24,340184.85,6.07,257213.49,7.41,316112.56,7.61,295454.78,6.58,281374.53,6.22,286973.01,6.13,289101.99,6.07,260740.95,6.38,272939.58,7.22,338810.63
131,000650.SZ,20220622,6.22,6.3,6.16,6.16,6.23,-0.07000000000000028,-1.12,288803.97,179784.314,6.22,304019.17,6.23,341282.28,6.07,258353.2,7.42,315713.61,7.62,295384.92,6.6,284139.79,6.21,299727.13,6.11,285887.73,6.07,263829.16,6.4,275640.22,7.24,342582.82
132,000650.SZ,20220621,6.29,6.33,6.17,6.23,6.3,-0.0699999999999994,-1.11,245706.03,153446.954,6.22,313009.82,6.21,329137.33,6.06,258678.7,7.44,314736.55,7.64,294874.96,6.62,283357.48,6.22,328777.18,6.09,285669.61,6.06,261418.46,6.42,274301.97,7.26,347122.33
133,000650.SZ,20220620,6.19,6.34,6.17,6.3,6.19,0.10999999999999943,1.78,366725.9,229113.786,6.22,317913.81,6.19,321799.62,6.05,259592.63,7.46,314356.63,7.65,294526.97,6.64,283439.7,6.25,368422.22,6.08,282574.41,6.06,259689.16,6.44,275740.34,7.28,345842.5
134,000650.SZ,20220617,6.16,6.21,6.1,6.19,6.22,-0.02999999999999936,-0.48,313874.6,193372.129,6.21,312790.44,6.16,307943.47,6.03,256751.92,7.47,313500.6,7.67,293379.39,6.66,280694.05,6.23,353543.37,6.06,273414.23,6.05,254678.4,6.46,276537.79,7.29,343738.96
135,000650.SZ,20220616,6.17,6.29,6.17,6.22,6.17,0.04999999999999982,0.81,304985.33,189937.547,6.21,290189.77,6.14,296247.35,6.01,255432.92,7.49,312433.04,7.68,292288.93,6.67,280996.65,6.2,335247.88,6.05,266557.84,6.05,252296.61,6.48,277160.19,7.31,342312.38
136,000650.SZ,20220615,6.21,6.25,6.15,6.17,6.2,-0.03000000000000025,-0.48,333757.26,207018.543,6.2,295435.1,6.11,290992.99,5.99,252571.44,7.51,311364.45,7.69,292051.41,6.69,279635.36,6.17,319780.92,6.03,259243.84,6.04,252126.13,6.49,276394.2,7.33,340667.51
137,000650.SZ,20220614,6.2,6.23,6.05,6.2,6.28,-0.08000000000000007,-1.27,270225.98,166251.012,6.22,344544.53,6.09,286501.23,5.99,247276.32,7.53,309971.05,7.7,290915.03,6.71,277944.61,6.15,305064.79,6.02,253980.33,6.02,250226.87,6.5,275659.79,7.34,339260.29
138,000650.SZ,20220613,6.15,6.32,6.12,6.28,6.2,0.08000000000000007,1.29,341109.05,212561.538,6.29,418930.63,6.06,276436.57,5.99,245842.52,7.55,309018.09,7.72,290423.09,6.73,278112.06,6.12,294224.7,6.02,251311.2,6.01,250224.07,6.52,275889.29,7.36,338313.04
139,000650.SZ,20220610,6.1,6.2,6.04,6.2,6.13,0.07000000000000028,1.14,200871.21,123829.461,6.25,394296.3,6.02,272077.55,6.0,242399.87,7.56,308233.62,7.73,289628.0,6.75,275376.34,6.08,283781.65,6.01,245960.09,5.98,247821.39,6.54,275008.43,7.38,337770.16
140,000650.SZ,20220609,6.28,6.28,6.06,6.13,6.3,-0.16999999999999993,-2.7,331212.0,203705.163,6.19,380306.0,6.0,270764.53,6.01,240092.73,7.58,307964.17,7.75,289570.98,6.77,274451.29,6.05,291230.98,6.0,247624.92,5.97,248048.85,6.56,277035.83,7.39,337679.17
141,000650.SZ,20220608,6.44,6.44,6.22,6.3,6.56,-0.2599999999999998,-3.96,579304.42,365644.865,6.15,344126.74,5.99,259403.78,6.02,234284.32,7.6,306958.53,7.77,288400.95,6.78,272234.11,6.01,272048.32,6.0,245880.17,5.97,242132.56,6.58,279010.52,7.41,336217.13
142,000650.SZ,20220607,6.05,6.56,6.03,6.56,6.05,0.5099999999999998,8.43,642156.45,404208.219,6.08,265585.04,5.96,228437.81,6.03,224703.27,7.62,305042.1,7.78,286102.36,6.8,267801.59,5.96,242562.05,5.99,227739.1,5.96,230204.97,6.59,275071.71,7.43,333157.16
143,000650.SZ,20220606,5.93,6.05,5.9,6.05,5.93,0.1200000000000001,2.02,217937.42,130795.124,5.94,169518.78,5.91,191249.26,6.04,212598.18,7.64,303024.8,7.8,283439.26,6.81,263026.86,5.9,196726.6,5.96,205322.63,5.96,216268.38,6.61,268262.12,7.44,328949.08
144,000650.SZ,20220602,5.89,5.95,5.83,5.93,5.92,0.009999999999999787,0.17,130919.69,77167.665,5.91,173267.01,5.9,192060.78,6.06,211410.22,7.67,304856.6,7.82,282994.15,6.83,263478.59,5.89,193285.08,5.96,205245.91,5.97,213084.75,6.64,269042.61,7.46,328118.68
145,000650.SZ,20220601,5.9,5.97,5.88,5.92,5.93,-0.009999999999999787,-0.17,150315.71,89077.618,5.91,202155.96,5.92,198670.29,6.09,213712.42,7.69,306637.23,7.84,283864.56,6.85,264782.22,5.89,197867.8,5.97,210820.98,6.0,213178.29,6.67,272197.16,7.48,327879.91
146,000650.SZ,20220531,5.87,5.96,5.79,5.93,5.87,0.05999999999999961,1.02,186595.93,109492.273,5.88,199969.9,5.93,205114.23,6.12,217346.54,7.7,306768.95,7.86,283732.17,6.87,267259.75,5.89,198706.75,5.97,218298.74,6.02,216619.4,6.7,276542.99,7.5,327735.21
147,000650.SZ,20220530,5.89,5.91,5.82,5.87,5.88,-0.009999999999999787,-0.17,161825.15,94899.239,5.84,219539.06,5.94,208773.61,6.16,221810.27,7.72,305907.68,7.88,283771.22,6.89,268416.52,5.9,202895.88,5.96,222807.92,6.05,218085.65,6.73,277268.56,7.52,327173.98
148,000650.SZ,20220527,5.95,5.95,5.83,5.88,5.94,-0.0600000000000005,-1.01,236678.55,139375.358,5.87,223934.43,5.95,219119.13,6.21,226101.15,7.74,305638.72,7.9,283916.96,6.91,268213.68,5.92,208397.7,5.95,228223.76,6.08,218609.7,6.76,278769.35,7.54,327422.62
149,000650.SZ,20220526,5.79,5.94,5.71,5.94,5.77,0.17000000000000082,2.95,275364.46,164504.239,5.88,213303.16,5.97,217565.62,6.26,231894.74,7.76,304929.79,7.92,283428.36,6.93,267755.24,5.94,208138.53,5.93,229841.26,6.12,217693.56,6.79,277504.74,7.56,327081.91
150,000650.SZ,20220525,5.72,5.77,5.66,5.77,5.72,0.04999999999999982,0.87,139385.4,81312.444,5.88,193579.64,5.98,211293.51,6.3,235888.1,7.78,303619.04,7.94,283216.82,6.94,267235.82,5.96,204018.87,5.92,226457.78,6.15,217643.94,6.82,278524.84,7.59,326157.81
151,000650.SZ,20220524,6.03,6.04,5.7,5.72,6.03,-0.3100000000000005,-5.14,284441.73,169336.637,5.91,197443.61,6.0,217217.95,6.36,247393.81,7.8,303153.88,7.96,284948.34,6.96,269182.61,5.98,219712.03,5.94,227174.68,6.2,224276.52,6.85,279583.23,7.61,325849.24
152,000650.SZ,20220523,5.96,6.04,5.94,6.03,5.96,0.07000000000000028,1.17,183802.0,112057.941,5.96,186252.71,6.02,213985.59,6.42,247700.26,7.82,301715.83,7.98,285666.65,6.99,273727.03,6.01,212916.14,5.96,224026.43,6.26,225052.3,6.88,278291.71,7.63,324632.13
153,000650.SZ,20220520,5.95,5.99,5.89,5.96,5.9,0.05999999999999961,1.02,183522.21,110951.603,5.97,192860.97,6.02,222913.96,6.46,252928.51,7.83,300958.74,8.0,286197.91,7.02,274729.51,6.02,213918.65,5.98,226039.27,6.31,233380.92,6.91,279941.42,7.65,324502.59
154,000650.SZ,20220519,5.79,5.91,5.75,5.9,5.92,-0.019999999999999574,-0.34,176746.84,104816.82,6.0,202973.91,6.0,230087.61,6.51,261067.56,7.85,300338.77,8.02,286307.81,7.05,276332.9,6.03,217206.74,6.01,222984.59,6.36,240968.13,6.93,279148.22,7.67,324558.48
155,000650.SZ,20220518,5.98,6.02,5.9,5.92,5.98,-0.0600000000000005,-1.0,158705.28,96091.547,6.03,214458.11,5.99,237271.85,6.56,268799.7,7.87,299874.44,8.03,286024.31,7.08,277972.43,6.04,223774.16,6.05,220833.54,6.42,252762.56,6.96,278393.99,7.69,324304.1
156,000650.SZ,20220517,6.08,6.1,5.86,5.98,6.11,-0.1299999999999999,-2.13,228487.2,138231.735,6.05,241980.44,5.96,245758.25,6.61,278462.7,7.89,300104.71,8.05,286106.97,7.12,281361.69,6.05,237890.71,6.08,225575.73,6.48,257301.08,6.99,278497.62,7.72,324215.79
157,000650.SZ,20220516,6.19,6.23,6.07,6.11,6.11,0.0,0.0,216843.33,135551.579,6.07,239579.58,5.94,244158.84,6.66,282498.62,7.91,299925.08,8.07,285783.93,7.15,286426.93,6.02,242719.96,6.12,225680.53,6.53,261736.92,7.01,278803.92,7.74,323903.38
158,000650.SZ,20220513,6.09,6.21,6.02,6.11,6.05,0.0600000000000005,0.99,234086.89,145209.048,6.06,234976.33,5.94,239303.46,6.69,282253.49,7.93,299717.12,8.08,286191.4,7.19,288831.75,5.98,248049.82,6.16,223715.69,6.58,269850.48,7.03,279924.06,7.76,324125.17
159,000650.SZ,20220512,5.91,6.09,5.85,6.05,6.0,0.04999999999999982,0.83,234167.83,143129.707,6.05,231439.56,5.94,238333.44,6.74,285133.54,7.95,299291.4,8.1,285902.69,7.24,291534.49,5.92,251543.98,6.2,222471.07,6.63,276702.23,7.05,280219.56,7.78,323508.99
160,000650.SZ,20220511,6.09,6.23,5.99,6.0,6.08,-0.08000000000000007,-1.32,296316.95,184436.956,6.05,233090.21,5.97,237555.83,6.78,290439.57,7.96,298565.15,8.12,285964.22,7.28,295481.76,5.89,248896.69,6.25,224456.48,6.68,285138.22,7.08,280128.3,7.8,322816.83
161,000650.SZ,20220510,6.02,6.11,5.95,6.08,6.07,0.009999999999999787,0.16,216482.92,133037.763,6.04,233800.99,6.02,224179.8,6.81,292054.33,7.97,298346.59,8.13,285698.26,7.33,299277.25,5.91,234637.34,6.31,226558.77,6.74,287451.27,7.1,280791.86,7.83,321456.74
162,000650.SZ,20220509,6.09,6.09,6.0,6.07,6.05,0.020000000000000462,0.33,193827.06,119282.749,5.98,245860.33,6.05,217813.88,6.84,293305.59,7.99,297827.33,8.15,285296.45,7.38,309559.75,5.91,235136.71,6.38,231120.37,6.78,287185.47,7.12,281739.7,7.85,320761.06
163,000650.SZ,20220506,5.92,6.11,5.88,6.05,6.05,0.0,0.0,216403.06,132400.402,5.9,261123.31,6.1,222407.87,6.86,296125.16,8.01,297780.53,8.16,285577.47,7.43,315597.31,5.94,238159.89,6.46,243112.05,6.83,291791.52,7.14,280952.79,7.87,321047.04
164,000650.SZ,20220505,6.0,6.11,5.97,6.05,5.96,0.08999999999999986,1.51,242421.04,148963.169,5.8,271648.39,6.16,223498.66,6.9,298113.19,8.03,297713.42,8.18,285615.81,7.47,329147.37,6.0,228762.44,6.53,252848.83,6.88,298397.18,7.16,280717.67,7.9,320594.27
165,000650.SZ,20220429,5.88,5.98,5.77,5.96,5.76,0.20000000000000018,3.47,299870.87,179570.254,5.73,264703.17,6.22,218508.32,6.94,299461.32,8.05,297357.96,8.19,285925.91,7.52,339945.66,6.05,217892.93,6.61,267256.76,6.91,302023.77,7.18,280617.44,7.92,320127.42
166,000650.SZ,20220428,5.68,5.84,5.61,5.76,5.68,0.08000000000000007,1.41,276779.62,161411.08,5.77,235473.68,6.29,211533.21,6.99,300127.33,8.07,296202.45,8.21,285693.04,7.56,343596.53,6.12,213260.74,6.69,267006.27,6.94,300662.27,7.21,280376.17,7.95,320156.32
167,000650.SZ,20220427,5.43,5.7,5.32,5.68,5.53,0.14999999999999947,2.71,270141.94,152114.46,5.84,224413.08,6.39,211309.85,7.02,305213.03,8.1,295605.66,8.23,286278.69,7.61,352415.27,6.23,208641.1,6.78,271245.41,6.99,301092.7,7.23,286184.41,7.98,320780.36
168,000650.SZ,20220426,5.74,5.82,5.51,5.53,5.73,-0.20000000000000018,-3.49,269028.49,154329.791,5.99,215196.47,6.5,216557.61,7.07,307355.21,8.12,295063.66,8.25,286365.82,7.65,360951.16,6.34,199381.57,6.87,280750.81,7.04,301554.5,7.28,285998.51,8.01,322543.49
169,000650.SZ,20220425,6.07,6.13,5.71,5.73,6.14,-0.40999999999999925,-6.68,207694.93,125048.727,6.21,185876.48,6.65,219533.49,7.13,306312.64,8.14,294186.46,8.27,285877.01,7.7,362312.77,6.49,193398.17,6.98,289281.36,7.11,302195.47,7.32,286577.63,8.04,323529.34
170,000650.SZ,20220422,6.05,6.19,5.96,6.14,6.11,0.02999999999999936,0.49,153723.44,94920.685,6.38,171082.69,6.8,236915.47,7.19,307991.23,8.17,294674.83,8.29,286290.79,7.73,364472.89,6.61,200016.27,7.08,303258.98,7.16,306022.81,7.37,288111.25,8.06,323209.24
171,000650.SZ,20220421,6.39,6.45,6.07,6.11,6.42,-0.3099999999999996,-4.83,221476.62,140621.586,6.47,191047.79,6.9,256716.64,7.24,312887.37,8.19,294495.79,8.31,286889.49,7.77,371835.43,6.71,218480.21,7.15,313858.24,7.19,315888.47,7.41,292430.85,8.08,322449.65
172,000650.SZ,20220420,6.67,6.67,6.39,6.42,6.63,-0.20999999999999996,-3.17,224058.88,148090.852,6.61,192869.11,7.02,280493.8,7.29,318463.53,8.21,294299.39,8.33,287927.8,7.81,374033.37,6.85,227104.04,7.21,313209.86,7.22,319938.45,7.45,298879.25,8.1,321629.81
173,000650.SZ,20220419,6.6,6.66,6.55,6.63,6.58,0.04999999999999982,0.76,122428.55,82313.665,6.69,183566.67,7.11,285940.11,7.32,318642.09,8.23,294038.26,8.35,289121.63,7.85,378954.58,6.97,248064.22,7.27,318607.33,7.27,320255.87,7.5,301765.01,8.12,320884.26
174,000650.SZ,20220418,6.57,6.61,6.43,6.58,6.62,-0.040000000000000036,-0.6,133725.94,88666.056,6.77,200919.85,7.19,304335.02,7.35,322449.26,8.25,294258.23,8.36,290691.33,7.88,383755.93,7.05,276935.23,7.31,333214.55,7.31,325000.47,7.54,307004.41,8.13,320585.82
175,000650.SZ,20220415,6.79,6.8,6.6,6.62,6.82,-0.20000000000000018,-2.93,253548.96,171897.187,6.84,228949.86,7.25,329452.25,7.38,323245.62,8.27,294993.57,8.38,291891.51,7.91,393208.89,7.17,316620.6,7.34,344089.19,7.35,331216.02,7.59,313612.53,8.15,320074.79
176,000650.SZ,20220414,6.84,6.94,6.79,6.82,6.82,0.0,0.0,230583.24,160397.497,6.95,245912.62,7.34,343766.92,7.41,325687.43,8.3,296232.89,8.4,292585.39,7.94,398579.35,7.27,320751.8,7.36,344363.04,7.39,336466.58,7.64,319069.7,8.17,318606.57
177,000650.SZ,20220413,7.0,7.0,6.8,6.82,6.99,-0.16999999999999993,-2.43,177546.66,123661.286,7.08,261338.96,7.41,363510.3,7.44,324872.88,8.31,297449.93,8.42,293909.72,7.97,406618.84,7.34,333849.72,7.37,347318.5,7.41,336451.48,7.69,331687.81,8.18,317308.22
178,000650.SZ,20220412,6.95,7.0,6.8,6.99,6.96,0.03000000000000025,0.43,209194.45,147101.125,7.24,312561.77,7.46,377984.3,7.46,325737.69,8.33,298116.86,8.43,294538.83,7.98,405479.91,7.41,362120.04,7.39,352640.96,7.44,338929.0,7.74,339506.1,8.2,316614.05
179,000650.SZ,20220411,7.15,7.24,6.89,6.96,7.17,-0.20999999999999996,-2.93,273876.01,195862.769,7.34,352950.61,7.49,377931.57,7.48,327902.11,8.34,298067.56,8.44,295280.77,8.0,404214.66,7.48,385164.56,7.42,356594.12,7.46,337315.93,7.78,356563.82,8.21,315786.46
180,000650.SZ,20220408,7.42,7.42,7.04,7.17,7.45,-0.28000000000000025,-3.76,338362.75,246839.996,7.49,404291.33,7.53,382403.29,7.5,323844.89,8.35,297060.34,8.46,296422.37,8.01,402465.44,7.55,406501.68,7.44,359026.08,7.48,339405.74,7.82,369537.43,8.23,315103.03
181,000650.SZ,20220407,7.59,7.76,7.44,7.45,7.64,-0.1899999999999995,-2.49,307714.95,236185.319,7.58,395590.98,7.56,388265.61,7.5,317760.48,8.36,295909.72,8.47,297224.1,8.03,399388.62,7.59,409236.27,7.43,364592.61,7.5,334889.93,7.85,373459.49,8.24,313971.84
182,000650.SZ,20220406,7.62,7.83,7.57,7.64,7.49,0.14999999999999947,2.0,433660.67,338850.07,7.61,406360.47,7.53,391612.05,7.51,313560.72,8.37,294980.41,8.49,298744.76,8.04,397484.3,7.58,399315.67,7.41,366355.66,7.5,331531.11,7.88,383967.32,8.25,312965.02
183,000650.SZ,20220401,7.64,7.64,7.42,7.49,7.72,-0.22999999999999954,-2.98,411138.67,313039.976,7.57,411678.32,7.48,378178.62,7.5,308066.74,8.38,293952.95,8.5,300828.04,8.05,393789.57,7.57,389150.44,7.42,356351.69,7.51,326501.92,7.91,391911.88,8.26,310791.05
184,000650.SZ,20220331,7.54,7.93,7.5,7.72,7.6,0.1200000000000001,1.58,530579.62,420984.786,7.61,417378.5,7.45,368836.6,7.5,304328.88,8.39,292384.58,8.51,301790.11,8.06,391987.24,7.57,389493.87,7.43,349033.1,7.5,317328.31,7.93,391245.38,8.26,308444.79
185,000650.SZ,20220330,7.63,7.67,7.44,7.6,7.59,0.009999999999999787,0.13,294860.99,226049.642,7.61,408712.04,7.42,349868.63,7.49,296129.99,8.4,290398.38,8.52,300393.84,8.06,387445.55,7.51,371557.78,7.44,338513.73,7.5,304025.41,7.94,388564.12,8.27,306230.33
186,000650.SZ,20220329,7.44,7.68,7.31,7.59,7.44,0.14999999999999947,2.02,361562.4,277810.916,7.6,422881.57,7.41,349360.67,7.49,294183.84,8.4,290096.35,8.53,300803.07,8.07,385590.96,7.45,367974.27,7.45,344323.98,7.49,299694.15,7.96,395415.01,8.27,304954.06
187,000650.SZ,20220328,7.67,7.81,7.36,7.44,7.69,-0.25,-3.25,460249.93,351131.414,7.56,392270.88,7.39,346357.04,7.48,293435.85,8.41,288617.29,8.54,300599.24,8.08,383598.23,7.39,360787.28,7.44,337752.36,7.49,295870.92,7.99,395827.66,8.28,303500.11
188,000650.SZ,20220325,7.72,7.91,7.67,7.69,7.73,-0.040000000000000036,-0.52,439639.58,348632.636,7.57,366622.56,7.35,345545.0,7.48,287938.9,8.42,287096.94,8.55,300376.39,8.09,379290.72,7.38,343161.88,7.45,327333.49,7.49,289997.64,8.02,398042.66,8.3,301387.52
189,000650.SZ,20220324,7.49,7.86,7.41,7.73,7.56,0.17000000000000082,2.25,487247.28,379335.621,7.53,361609.23,7.31,338109.34,7.47,279320.44,8.43,285591.68,8.56,302700.74,8.1,375006.06,7.36,328023.68,7.45,313391.61,7.48,283736.89,8.04,398757.49,8.31,299317.49
190,000650.SZ,20220323,7.36,7.65,7.3,7.56,7.36,0.1999999999999993,2.72,365708.64,279483.698,7.4,334403.51,7.31,318596.57,7.45,270939.52,8.43,284255.44,8.57,303709.08,8.11,369872.99,7.32,311550.47,7.44,305857.76,7.47,275118.38,8.06,404681.68,8.32,296369.4
191,000650.SZ,20220322,7.46,7.48,7.29,7.36,7.51,-0.14999999999999947,-2.0,208508.96,156058.188,7.3,313066.98,7.33,310831.8,7.44,267136.55,8.44,283524.94,8.58,306402.75,8.12,366769.56,7.26,319948.94,7.45,297716.76,7.47,274132.44,8.08,409525.42,8.33,294912.18
192,000650.SZ,20220321,7.51,7.66,7.35,7.51,7.51,0.0,0.0,332008.33,252800.437,7.22,329303.69,7.37,319422.83,7.44,269397.88,8.45,284686.36,8.6,309290.65,8.13,365579.42,7.24,333395.65,7.46,297638.84,7.46,276293.93,8.1,419942.7,8.34,294775.38
193,000650.SZ,20220318,7.09,7.51,7.04,7.51,7.07,0.4399999999999995,6.22,414572.95,310134.568,7.18,319701.21,7.39,325504.18,7.44,278023.34,8.46,284358.99,8.61,315033.52,8.14,363708.14,7.26,323552.95,7.47,295177.65,7.46,270114.06,8.11,415944.66,8.36,293197.92
194,000650.SZ,20220317,7.08,7.36,7.03,7.07,7.03,0.040000000000000036,0.57,351218.69,257166.11,7.18,294438.12,7.39,311316.26,7.46,273447.31,8.47,282774.59,8.62,323310.46,8.16,360791.08,7.29,308572.32,7.47,281245.53,7.45,263038.16,8.12,410940.13,8.37,292059.97
195,000650.SZ,20220316,7.06,7.12,6.69,7.03,6.98,0.04999999999999982,0.72,259025.97,182512.63,7.24,288697.43,7.44,303674.25,7.5,272051.94,8.49,282263.52,8.63,327271.86,8.18,358301.12,7.37,305469.68,7.49,270259.23,7.45,259211.12,8.14,407464.57,8.39,290199.33
196,000650.SZ,20220315,7.26,7.32,6.95,6.98,7.33,-0.34999999999999964,-4.77,289692.5,210012.903,7.22,326830.91,7.48,296118.57,7.54,273248.59,8.5,282234.89,8.65,335183.4,8.2,356212.2,7.45,320673.68,7.51,265554.09,7.47,260090.07,8.16,404940.82,8.41,289650.75
197,000650.SZ,20220314,7.57,7.66,7.26,7.33,7.51,-0.17999999999999972,-2.4,283995.94,216224.607,7.27,337487.62,7.53,299724.56,7.59,276872.31,8.52,282979.74,8.67,338045.23,8.22,354194.82,7.5,314717.43,7.54,263412.74,7.48,271276.12,8.18,402860.79,8.43,288790.44
198,000650.SZ,20220311,7.35,7.52,7.18,7.51,7.36,0.14999999999999947,2.04,288257.5,216011.749,7.34,327404.68,7.55,293485.53,7.63,286413.04,8.54,283964.6,8.7,342315.73,8.23,352651.64,7.53,311505.09,7.55,263415.51,7.51,270442.52,8.2,400736.79,8.45,287708.01
199,000650.SZ,20220310,7.04,7.39,7.04,7.36,6.94,0.41999999999999993,6.05,322515.25,237945.836,7.4,322706.52,7.56,287231.14,7.68,289617.36,8.55,284655.23,8.71,346735.88,8.24,351344.59,7.54,298759.55,7.54,261593.5,7.54,270959.8,8.21,400531.89,8.47,287302.65
200,000650.SZ,20220309,7.19,7.29,6.63,6.94,7.2,-0.2599999999999998,-3.61,449693.35,318162.57,7.5,322241.92,7.59,284174.94,7.74,292978.47,8.57,284752.74,8.74,353783.8,8.26,348994.01,7.56,300165.05,7.54,256902.33,7.57,270199.69,8.22,398322.52,8.49,288215.12
201,000650.SZ,20220308,7.67,7.68,7.12,7.2,7.71,-0.5099999999999998,-6.61,342976.04,255075.676,7.67,314516.45,7.63,260039.34,7.81,295346.69,8.59,284204.97,8.76,358370.96,8.28,344972.87,7.64,275484.58,7.57,251224.19,7.63,268973.22,8.24,393423.75,8.5,287849.65
202,000650.SZ,20220307,7.75,7.96,7.67,7.71,7.77,-0.05999999999999961,-0.77,233581.28,185022.666,7.74,291947.24,7.65,243771.38,7.88,302346.78,8.6,284978.71,8.77,359440.29,8.3,342946.49,7.68,261882.02,7.58,247743.08,7.68,277820.04,8.26,391242.61,8.52,287271.39
203,000650.SZ,20220304,7.87,7.97,7.7,7.77,7.89,-0.1200000000000001,-1.52,264766.7,211116.141,7.72,295605.49,7.64,238490.0,7.94,324525.87,8.61,285327.92,8.78,364287.2,8.31,343078.18,7.68,266802.36,7.56,243394.62,7.73,283274.15,8.27,389636.03,8.53,287009.0
204,000650.SZ,20220303,7.82,7.99,7.72,7.89,7.78,0.10999999999999943,1.41,320192.23,255428.346,7.69,274812.58,7.61,237112.98,8.0,335757.55,8.62,285812.74,8.8,366721.49,8.32,341683.23,7.65,253918.74,7.53,240271.08,7.78,289008.35,8.28,387194.75,8.54,285876.25
205,000650.SZ,20220302,7.52,7.84,7.49,7.78,7.53,0.25,3.32,411066.0,321549.147,7.62,278088.19,7.58,234332.92,8.04,362594.76,8.63,286830.89,8.81,369456.21,8.33,339428.78,7.61,235048.78,7.49,236081.84,7.83,296009.04,8.29,383562.66,8.54,284646.93
206,000650.SZ,20220301,7.64,7.67,7.49,7.53,7.64,-0.10999999999999943,-1.44,230129.99,176648.781,7.61,236452.7,7.54,222083.01,8.1,381454.37,8.65,287266.93,8.83,372559.95,8.35,335722.65,7.58,210434.51,7.48,229798.27,7.89,301672.81,8.3,378927.42,8.55,282670.5
207,000650.SZ,20220228,7.64,7.73,7.55,7.64,7.61,0.02999999999999936,0.39,251872.52,195342.36,7.63,231816.8,7.54,221972.38,8.14,391558.98,8.66,289590.39,8.84,375342.58,8.37,334427.6,7.58,212108.05,7.47,249555.46,7.97,326924.15,8.31,377079.4,8.56,283133.63
208,000650.SZ,20220225,7.6,7.68,7.57,7.61,7.56,0.05000000000000071,0.66,160802.15,124831.089,7.64,237999.23,7.53,228453.78,8.19,411744.63,8.68,293297.76,8.85,377089.92,8.38,334111.24,7.56,215325.94,7.5,249911.23,8.03,340083.2,8.32,376075.89,8.57,282578.81
209,000650.SZ,20220224,7.64,7.9,7.47,7.56,7.7,-0.14000000000000057,-1.82,336570.27,262571.014,7.62,233024.9,7.51,237111.59,8.23,433789.68,8.69,296165.3,8.87,379779.71,8.4,334128.15,7.53,224427.45,7.53,257059.93,8.1,375811.7,8.34,376659.08,8.58,283276.85
210,000650.SZ,20220223,7.65,7.74,7.61,7.7,7.64,0.0600000000000005,0.79,202888.58,158395.233,7.59,192009.37,7.49,222499.43,8.26,434806.7,8.7,295873.91,8.88,382579.18,8.42,332125.87,7.52,213639.6,7.58,255217.02,8.17,399669.12,8.36,373790.77,8.59,282566.84
211,000650.SZ,20220222,7.67,7.67,7.54,7.64,7.71,-0.07000000000000028,-0.91,206950.47,160004.799,7.56,184416.31,7.45,222453.83,8.29,439713.04,8.72,296992.89,8.89,386636.26,8.44,333465.2,7.5,226963.81,7.62,265717.54,8.21,412029.06,8.37,372115.24,8.6,282114.25
212,000650.SZ,20220221,7.46,7.73,7.43,7.71,7.47,0.2400000000000002,3.21,282784.69,218382.404,7.52,192399.3,7.42,224719.76,8.32,454388.44,8.73,297827.36,8.91,389452.29,8.46,335394.73,7.47,233604.13,7.67,285789.06,8.26,436403.53,8.38,370972.55,8.61,282400.66
213,000650.SZ,20220218,7.42,7.51,7.34,7.47,7.45,0.019999999999999574,0.27,135930.5,102930.879,7.47,192652.65,7.4,224920.51,8.36,457433.65,8.74,298798.23,8.92,392512.52,8.49,338047.15,7.43,219986.88,7.75,291510.04,8.31,457321.84,8.4,369063.76,8.61,281901.47
214,000650.SZ,20220217,7.5,7.52,7.42,7.45,7.52,-0.0699999999999994,-0.93,131492.61,99839.622,7.44,215830.0,7.4,262562.31,8.42,470881.27,8.75,303635.2,8.94,397129.23,8.5,341399.16,7.41,226623.42,7.85,306553.16,8.35,465162.45,8.41,369968.74,8.62,283225.61
215,000650.SZ,20220216,7.45,7.53,7.41,7.52,7.47,0.04999999999999982,0.67,164923.3,125428.086,7.44,235269.83,7.45,272369.64,8.47,481205.89,8.76,307289.11,8.96,402376.46,8.51,341903.02,7.38,237114.91,7.94,326489.17,8.39,473102.83,8.43,370214.22,8.63,284300.81
216,000650.SZ,20220215,7.5,7.58,7.38,7.47,7.46,0.009999999999999787,0.13,246865.41,187575.28,7.44,269511.31,7.51,283050.62,8.51,501140.45,8.78,311844.77,8.98,405903.52,8.53,340538.36,7.37,249162.02,8.05,347291.96,8.42,491135.86,8.45,369933.97,8.64,286057.74
217,000650.SZ,20220214,7.23,7.51,7.21,7.46,7.31,0.15000000000000036,2.05,284051.42,215112.757,7.41,274808.96,7.59,287115.75,8.55,513183.62,8.79,314967.68,9.0,410458.62,8.54,338888.09,7.37,287002.87,8.17,384332.2,8.48,495784.41,8.46,369002.83,8.66,286374.42
218,000650.SZ,20220211,7.42,7.46,7.28,7.31,7.46,-0.15000000000000036,-2.01,251817.26,188621.257,7.38,247321.12,7.66,297027.11,8.58,529345.21,8.81,322040.62,9.02,418269.71,8.56,336895.31,7.44,284496.52,8.27,402461.83,8.54,506087.68,8.48,368326.27,8.67,285560.81
219,000650.SZ,20220210,7.49,7.53,7.4,7.46,7.49,-0.03000000000000025,-0.4,228691.77,173547.275,7.37,237416.84,7.77,324455.07,8.61,524648.42,8.82,332884.77,9.05,426733.5,8.58,334692.63,7.54,289692.4,8.38,451503.83,8.6,513778.09,8.51,366798.42,8.69,285775.88
220,000650.SZ,20220209,7.33,7.52,7.23,7.49,7.33,0.16000000000000014,2.18,336130.7,253529.799,7.31,238959.99,7.91,337417.58,8.63,521283.99,8.83,338384.79,9.07,433230.78,8.59,332608.77,7.64,296794.43,8.49,492683.88,8.66,534244.98,8.53,365505.36,8.7,285994.3
221,000650.SZ,20220208,7.32,7.42,7.13,7.33,7.32,0.009999999999999787,0.14,273353.67,201749.368,7.3,228812.73,8.06,345160.83,8.65,515594.4,8.85,347134.41,9.1,441349.45,8.61,329158.52,7.74,304471.27,8.56,504561.68,8.7,544918.39,8.55,362121.62,8.72,286501.14
222,000650.SZ,20220207,7.38,7.42,7.28,7.32,7.27,0.05000000000000071,0.69,146612.2,109369.871,7.33,299196.78,8.21,364919.23,8.67,510719.33,8.88,350606.56,9.12,453643.1,8.62,326510.9,7.88,337973.98,8.66,537803.23,8.74,563591.46,8.58,359782.41,8.74,287771.66
223,000650.SZ,20220128,7.17,7.38,7.1,7.27,7.15,0.11999999999999922,1.68,202295.85,149113.484,7.5,321671.93,8.39,398332.06,8.7,511256.93,8.9,356572.52,9.14,465285.48,8.64,325812.68,8.07,363033.2,8.75,575989.32,8.77,561775.26,8.61,361141.29,8.76,289780.79
224,000650.SZ,20220127,7.49,7.53,7.13,7.15,7.44,-0.29000000000000004,-3.9,236407.52,175096.184,7.7,341967.96,8.59,458745.47,8.73,509911.64,8.93,362357.01,9.16,477495.6,8.66,324580.52,8.29,386482.91,8.82,584431.96,8.8,558842.1,8.63,360470.87,8.78,290899.63
225,000650.SZ,20220126,7.51,7.64,7.36,7.44,7.48,-0.040000000000000036,-0.53,285394.43,216969.47,7.96,354628.87,8.78,490302.12,8.76,511075.05,8.95,371226.5,9.18,483332.78,8.68,323986.6,8.5,415863.44,8.89,591096.8,8.83,555718.01,8.67,359637.4,8.8,292019.68
226,000650.SZ,20220125,8.16,8.25,7.42,7.48,8.17,-0.6899999999999995,-8.45,625273.88,489764.978,8.17,380129.81,8.93,563168.5,8.78,508267.95,8.97,377751.01,9.19,491744.69,8.7,322882.95,8.72,445421.9,8.95,612122.78,8.86,549791.57,8.69,359936.47,8.82,293428.03
227,000650.SZ,20220124,8.24,8.24,8.07,8.17,8.25,-0.08000000000000007,-0.97,258987.96,214405.42,8.43,376751.18,9.11,596016.1,8.8,494458.92,8.99,377045.58,9.2,500256.13,8.71,317037.92,8.96,481661.53,9.04,600175.18,8.88,534445.46,8.73,355376.32,8.83,290582.97
228,000650.SZ,20220121,8.49,8.5,8.14,8.25,8.48,-0.23000000000000043,-2.71,303776.03,254558.722,8.64,404394.47,9.16,620223.7,8.8,493080.09,9.0,382557.54,9.21,506100.39,8.72,315888.54,9.1,520427.13,9.09,616883.26,8.89,531031.06,8.75,359088.47,8.84,291212.91
229,000650.SZ,20220120,8.49,8.64,8.37,8.48,8.49,-0.009999999999999787,-0.12,299712.06,258868.701,8.88,430997.85,9.24,669024.36,8.8,488180.41,9.01,385143.54,9.21,511533.67,8.72,313566.02,9.23,613315.26,9.14,625820.94,8.89,530103.98,8.75,360481.05,8.85,292571.5
230,000650.SZ,20220119,8.74,8.8,8.41,8.49,8.74,-0.25,-2.86,412899.14,359813.08,9.03,477098.0,9.29,715995.28,8.8,482844.46,9.02,388495.27,9.21,514477.01,8.71,313101.11,9.35,688573.33,9.17,652970.26,8.88,526445.34,8.75,358307.22,8.86,294022.69
231,000650.SZ,20220118,9.24,9.24,8.69,8.74,9.25,-0.5099999999999998,-5.51,608380.71,547881.709,9.27,510713.98,9.3,712783.71,8.79,473708.21,9.04,392125.12,9.21,517196.07,8.71,309485.25,9.39,704652.08,9.18,665141.95,8.86,517874.28,8.75,352468.46,8.87,295287.76
232,000650.SZ,20220117,9.39,9.49,9.18,9.25,9.42,-0.16999999999999993,-1.8,397204.39,375012.264,9.5,586571.89,9.29,694423.98,8.78,459725.01,9.04,392764.11,9.21,518127.51,8.71,303868.02,9.44,737632.48,9.17,676400.2,8.84,504665.17,8.75,344380.37,8.88,296765.7
233,000650.SZ,20220114,9.15,9.62,9.12,9.42,9.25,0.16999999999999993,1.84,436792.93,419198.055,9.56,636459.79,9.24,718170.89,8.76,451549.83,9.05,393805.55,9.21,522001.51,8.71,301328.48,9.44,788945.44,9.12,661146.3,8.81,495997.92,8.74,340003.51,8.89,298236.74
234,000650.SZ,20220113,9.47,9.64,9.24,9.25,9.68,-0.4299999999999997,-4.44,530212.85,505918.676,9.57,795632.68,9.23,714288.48,8.73,444340.11,9.05,395045.71,9.2,527385.96,8.7,298054.38,9.35,782381.02,9.05,645021.7,8.77,485381.15,8.72,334167.23,8.88,297051.88
235,000650.SZ,20220112,9.73,9.86,9.5,9.68,9.91,-0.23000000000000043,-2.32,580979.0,572614.784,9.67,900048.65,9.23,719129.78,8.71,434504.24,9.06,396986.46,9.19,528965.52,8.7,292764.57,9.28,766330.16,9.0,625645.29,8.74,471116.28,8.71,326537.05,8.88,295666.96
236,000650.SZ,20220111,9.51,10.18,9.44,9.91,9.55,0.35999999999999943,3.77,987670.26,992285.766,9.51,898590.19,9.18,711556.75,8.68,422254.03,9.05,399122.27,9.18,534262.25,8.69,287562.74,9.18,778823.67,8.93,601976.41,8.7,456182.04,8.7,318143.44,8.88,293551.42
237,000650.SZ,20220110,9.55,9.69,9.25,9.55,9.48,0.07000000000000028,0.74,646643.92,624604.798,9.38,888693.08,9.13,700405.07,8.64,396215.4,9.06,397005.53,9.17,535167.16,8.68,276955.05,9.11,718688.82,8.84,560837.42,8.65,427234.64,8.67,302928.64,8.87,288842.41
238,000650.SZ,20220107,9.83,10.01,9.42,9.48,9.74,-0.2599999999999998,-2.67,1232657.37,1217651.678,9.31,941431.08,9.06,701150.38,8.6,381266.72,9.06,398070.25,9.17,538275.24,8.67,270235.96,9.08,713339.4,8.78,536333.03,8.61,412068.59,8.66,293722.0,8.87,290390.83
239,000650.SZ,20220106,8.77,9.74,8.7,9.74,8.85,0.8900000000000006,10.06,1052292.72,1007487.498,9.13,769129.35,8.99,670449.48,8.57,349960.84,9.07,395872.32,9.16,533052.41,8.67,257507.46,9.05,638326.62,8.72,488498.34,8.59,377506.45,8.65,275009.11,8.87,285599.15
240,000650.SZ,20220105,9.31,9.34,8.7,8.85,9.3,-0.45000000000000107,-4.84,573686.69,518962.818,8.89,632611.66,8.87,596590.53,8.53,324606.03,9.07,395636.08,9.15,530077.45,8.67,245182.77,8.99,617367.19,8.64,445381.35,8.55,347912.43,8.63,260668.63,8.87,283671.2
241,000650.SZ,20220104,9.34,9.66,9.26,9.3,9.17,0.13000000000000078,1.42,938184.7,901529.309,8.86,659057.15,8.82,561253.17,8.52,312033.52,9.09,396936.84,9.14,528444.91,8.67,240109.57,8.97,625631.82,8.6,424485.37,8.53,332201.43,8.63,254484.19,8.87,284695.18
242,000650.SZ,20211231,8.58,9.39,8.55,9.17,8.58,0.5899999999999999,6.88,910333.92,848231.997,8.84,548684.55,8.73,500060.86,8.5,288795.98,9.1,397481.93,9.13,525499.12,8.68,230086.51,8.9,615167.91,8.54,388181.51,8.5,305541.57,8.62,241962.72,8.88,287731.59
243,000650.SZ,20211230,8.54,8.63,8.38,8.58,8.57,0.009999999999999787,0.12,371148.73,320991.029,8.86,485247.72,8.65,438312.2,8.48,267639.02,9.11,402299.92,9.12,523016.49,8.68,220003.45,8.8,533347.16,8.5,349524.16,8.48,280805.68,8.61,229670.23,8.88,295256.94
244,000650.SZ,20211229,8.67,8.88,8.54,8.57,8.68,-0.10999999999999943,-1.27,369704.25,326802.952,8.96,507523.89,8.62,422446.19,8.48,263883.4,9.14,411404.43,9.12,523708.59,8.69,218249.66,8.76,507662.39,8.48,336881.21,8.47,274775.03,8.6,225644.21,8.89,300669.82
245,000650.SZ,20211228,9.05,9.12,8.53,8.68,9.2,-0.5199999999999996,-5.65,705914.17,628434.104,9.09,602122.73,8.6,406050.17,8.49,257719.92,9.16,418050.46,9.11,524448.96,8.71,219080.42,8.71,484960.43,8.47,323509.34,8.47,267325.6,8.59,223896.53,8.9,310889.59
246,000650.SZ,20211227,9.24,9.41,9.08,9.2,9.25,-0.05000000000000071,-0.54,386321.7,362657.475,9.08,592206.49,8.58,372977.04,8.49,241402.1,9.18,425010.68,9.1,522087.11,8.72,215079.39,8.67,425129.14,8.46,294861.22,8.47,248732.07,8.59,214493.12,8.92,311451.49
247,000650.SZ,20211224,9.07,9.43,8.85,9.25,9.12,0.13000000000000078,1.43,593149.75,559147.876,8.97,681651.26,8.49,357871.76,8.48,233954.6,9.19,438654.15,9.09,521637.22,8.71,213576.24,8.57,402986.03,8.42,281507.55,8.45,242221.26,8.58,211172.56,8.93,316613.06
248,000650.SZ,20211223,9.18,9.39,9.0,9.12,9.18,-0.0600000000000005,-0.65,482529.58,449038.031,8.74,581446.6,8.4,324226.94,8.47,220420.8,9.21,449216.82,9.08,521361.66,8.71,208362.17,8.47,359326.66,8.38,261433.18,8.43,230564.86,8.58,204732.39,8.94,320297.34
249,000650.SZ,20211222,8.66,9.33,8.63,9.18,8.65,0.5299999999999994,6.13,842698.45,772778.283,8.55,507800.89,8.33,303425.24,8.47,212938.92,9.22,461600.68,9.07,519953.94,8.7,203646.26,8.39,338670.06,8.36,247096.37,8.41,219818.74,8.57,199877.48,8.96,328889.71
250,000650.SZ,20211221,8.74,9.05,8.53,8.65,8.64,0.009999999999999787,0.12,656332.97,586063.949,8.34,367798.14,8.26,249155.12,8.46,192920.45,9.22,464240.91,9.06,517216.32,8.69,194712.6,8.29,273395.51,8.32,213185.04,8.4,196765.73,8.57,188057.12,8.97,332074.92
251,000650.SZ,20211220,8.12,8.88,8.07,8.64,8.11,0.5300000000000011,6.54,833545.57,720898.111,8.25,258051.79,8.23,207767.18,8.47,179098.87,9.23,471537.26,9.05,514186.35,8.69,188280.09,8.23,223338.92,8.31,185486.23,8.4,179324.85,8.58,180298.94,8.98,330969.58
252,000650.SZ,20211217,8.15,8.19,8.1,8.11,8.15,-0.040000000000000924,-0.49,92126.44,76126.809,8.17,124320.8,8.21,151514.97,8.49,163504.54,9.23,480080.04,9.03,510257.07,8.7,180975.56,8.18,161195.11,8.3,150728.4,8.41,155973.36,8.58,169608.07,8.98,332795.95
253,000650.SZ,20211216,8.13,8.18,8.08,8.15,8.13,0.019999999999999574,0.25,114301.03,94527.215,8.2,137206.71,8.23,154655.39,8.52,171138.03,9.24,488097.69,9.03,510896.62,8.71,182217.79,8.2,165701.16,8.32,154534.94,8.44,160507.32,8.6,170451.17,9.0,337662.9
254,000650.SZ,20211215,8.24,8.24,8.11,8.13,8.24,-0.10999999999999943,-1.33,142684.68,118396.837,8.24,169539.22,8.25,155035.94,8.56,181944.38,9.24,495790.05,9.02,511862.88,8.72,183954.67,8.21,166100.04,8.33,158331.35,8.47,162099.64,8.62,173179.81,9.02,343230.06
255,000650.SZ,20211214,8.2,8.28,8.17,8.24,8.2,0.040000000000000924,0.49,107601.24,90222.782,8.24,178992.88,8.28,158803.45,8.58,189139.86,9.24,500334.85,9.01,513096.32,8.72,185403.79,8.24,162058.25,8.35,158508.18,8.5,163556.8,8.64,172934.09,9.04,349837.67
256,000650.SZ,20211213,8.26,8.31,8.17,8.2,8.3,-0.10000000000000142,-1.2,164890.61,137657.369,8.21,188626.05,8.31,165587.46,8.57,190954.0,9.24,505646.1,9.01,515010.17,8.73,185950.14,8.25,164593.31,8.37,160533.54,8.53,170081.37,8.66,174360.68,9.05,354777.62
257,000650.SZ,20211210,8.34,8.42,8.26,8.3,8.32,-0.019999999999999574,-0.24,156555.98,132517.36,8.2,198069.42,8.34,165555.25,8.58,187944.68,9.25,509819.04,9.0,515733.22,8.73,186969.19,8.27,160029.08,8.39,161838.88,8.57,176307.18,8.68,174720.09,9.07,357963.3
258,000650.SZ,20211209,8.13,8.35,8.08,8.32,8.13,0.1899999999999995,2.34,275963.58,231710.235,8.19,194195.61,8.35,161386.09,8.59,186960.54,9.25,516036.78,8.99,516050.19,8.74,187853.54,8.29,163539.7,8.4,166183.97,8.6,187145.87,8.7,174679.23,9.08,361786.8
259,000650.SZ,20211208,8.13,8.15,8.02,8.13,8.09,0.040000000000000924,0.49,189953.0,156228.549,8.19,162660.85,8.36,150803.42,8.6,182802.58,9.26,523472.89,8.97,515430.61,8.74,188105.07,8.32,155522.68,8.42,160393.08,8.62,190858.12,8.72,174073.41,9.09,366234.44
260,000650.SZ,20211207,8.14,8.19,8.04,8.09,8.14,-0.05000000000000071,-0.61,155767.07,128267.16,8.24,145123.61,8.39,149134.52,8.62,179763.26,9.25,527689.6,8.96,515789.33,8.75,189045.91,8.36,152974.57,8.45,158450.85,8.62,190169.1,8.75,178107.72,9.1,372055.97
261,000650.SZ,20211206,8.27,8.28,8.04,8.14,8.26,-0.11999999999999922,-1.45,212107.47,175890.1,8.29,140560.57,8.4,151785.45,8.64,177311.35,9.25,536858.76,8.96,515917.84,8.76,191979.08,8.4,147633.55,8.49,157317.82,8.63,187062.65,8.77,182275.55,9.12,376448.4
262,000650.SZ,20211203,8.31,8.32,8.22,8.26,8.31,-0.05000000000000071,-0.6,137186.93,115003.699,8.35,121988.73,8.43,146717.28,8.65,173348.25,9.25,543306.62,8.95,515722.83,8.77,192949.2,8.43,140261.69,8.53,153362.48,8.65,184095.57,8.78,183300.17,9.14,381347.2
263,000650.SZ,20211202,8.37,8.42,8.29,8.31,8.39,-0.08000000000000007,-0.95,118289.8,100228.735,8.38,132883.8,8.46,147557.4,8.66,171512.81,9.26,550492.2,8.94,516335.44,8.78,193605.63,8.45,143368.73,8.57,157910.41,8.66,184009.1,8.79,184381.97,9.16,387838.6
264,000650.SZ,20211201,8.36,8.42,8.29,8.39,8.36,0.030000000000001137,0.36,102266.8,86832.726,8.45,148384.5,8.48,153150.29,8.67,170805.63,9.25,552101.3,8.93,517490.17,8.8,195730.1,8.45,150562.67,8.6,160099.44,8.67,182953.32,8.79,184557.74,9.18,395338.48
265,000650.SZ,20211130,8.41,8.43,8.29,8.36,8.42,-0.0600000000000005,-0.71,132951.85,113102.801,8.49,160825.53,8.49,164011.13,8.68,171029.66,9.25,555207.25,8.92,519146.9,8.81,197765.25,8.47,154958.12,8.63,164306.07,8.68,181957.83,8.8,185731.2,9.2,400827.88
266,000650.SZ,20211129,8.41,8.55,8.36,8.42,8.43,-0.009999999999999787,-0.12,119248.27,102317.04,8.51,154706.53,8.52,166102.97,8.69,172762.37,9.25,556351.94,8.91,522766.97,8.82,201285.23,8.49,156473.77,8.67,172825.4,8.69,180104.84,8.8,186413.58,9.22,408192.27
267,000650.SZ,20211126,8.64,8.64,8.36,8.43,8.67,-0.2400000000000002,-2.77,191662.26,165037.171,8.51,158534.65,8.55,168553.75,8.7,175214.5,9.24,558581.79,8.9,526688.81,8.84,205372.81,8.5,163648.68,8.72,184446.23,8.7,178622.63,8.81,189187.87,9.24,420566.24
268,000650.SZ,20211125,8.56,8.73,8.49,8.67,8.55,0.11999999999999922,1.4,195793.31,171897.185,8.52,153853.66,8.58,164049.47,8.71,175074.33,9.24,560658.92,8.88,526744.59,8.85,207986.75,8.52,168828.23,8.76,198948.96,8.71,175375.41,8.82,189081.72,9.27,432987.37
269,000650.SZ,20211124,8.44,8.58,8.42,8.55,8.46,0.08999999999999986,1.06,164471.96,141923.856,8.45,152740.84,8.6,159219.26,8.7,174397.59,9.23,562688.92,8.87,526283.68,8.87,209863.6,8.52,165263.48,8.77,208525.85,8.71,172511.76,8.82,189894.62,9.3,442411.87
270,000650.SZ,20211123,8.42,8.48,8.39,8.46,8.43,0.030000000000001137,0.36,102356.84,87735.01,8.44,149090.7,8.63,164117.22,8.69,173371.58,9.22,564983.05,8.85,526274.09,8.88,212614.82,8.54,163927.12,8.75,208766.36,8.72,173424.83,8.83,191342.9,9.32,455276.15
271,000650.SZ,20211122,8.54,8.54,8.39,8.43,8.5,-0.07000000000000028,-0.82,138388.89,118704.531,8.47,158241.01,8.67,168710.58,8.68,178150.61,9.21,566402.53,8.84,527294.71,8.9,217308.67,8.58,167002.09,8.75,206777.2,8.72,176766.95,8.83,192113.25,9.34,474014.68
272,000650.SZ,20211119,8.34,8.51,8.25,8.5,8.32,0.17999999999999972,2.16,168257.32,143486.088,8.5,168762.71,8.72,172403.7,8.68,178248.26,9.21,567596.29,8.83,526788.0,8.91,219248.37,8.64,166463.27,8.76,206012.52,8.73,178383.87,8.83,193828.76,9.37,490479.56
273,000650.SZ,20211118,8.48,8.51,8.3,8.32,8.51,-0.1899999999999995,-2.23,190229.2,162135.451,8.52,183802.8,8.76,182794.55,8.69,178802.12,9.2,570223.53,8.81,526215.28,8.92,221466.03,8.68,172452.08,8.77,204329.29,8.73,178534.77,8.83,194739.17,9.39,507959.13
274,000650.SZ,20211117,8.61,8.61,8.43,8.51,8.58,-0.07000000000000028,-0.82,146221.27,126207.499,8.59,177786.11,8.85,195212.68,8.71,179287.71,9.19,570601.28,8.79,525737.66,8.93,225153.72,8.75,169636.21,8.78,199148.64,8.73,176513.38,8.83,196482.48,9.4,516564.64
275,000650.SZ,20211116,8.58,8.7,8.52,8.58,8.57,0.009999999999999787,0.12,148108.39,129603.001,8.64,178763.54,8.91,221020.03,8.72,180611.65,9.18,572225.03,8.78,525722.65,8.95,229522.18,8.8,173654.03,8.79,195457.68,8.71,180467.47,8.84,198387.41,9.41,529571.2
276,000650.SZ,20211115,8.59,8.8,8.54,8.57,8.61,-0.03999999999999915,-0.46,190997.37,167356.16,8.7,175763.17,8.92,239421.77,8.74,180181.31,9.17,572198.36,8.76,525526.71,8.97,235076.83,8.85,189177.03,8.8,191920.37,8.71,180254.16,8.84,202181.51,9.41,545534.51
277,000650.SZ,20211112,8.7,8.8,8.49,8.61,8.69,-0.08000000000000007,-0.92,243457.77,213444.716,8.77,164163.83,8.89,237751.38,8.75,180176.75,9.15,572049.05,8.75,525421.67,8.99,243006.65,8.94,205243.78,8.8,186109.6,8.72,180123.86,8.85,203746.0,9.42,554331.77
278,000650.SZ,20211111,8.71,8.82,8.61,8.69,8.77,-0.08000000000000007,-0.91,160145.74,141959.072,8.84,161101.36,8.89,223837.21,8.76,178666.03,9.14,571748.72,8.73,524607.35,9.0,247410.27,9.01,229069.69,8.8,178649.0,8.73,178899.91,8.86,202795.35,9.42,562486.29
279,000650.SZ,20211110,8.92,8.95,8.68,8.77,8.86,-0.08999999999999986,-1.02,151108.44,134874.072,8.9,161486.31,8.88,220987.17,8.77,178153.28,9.13,572564.37,8.72,524181.0,9.0,249203.12,9.01,251788.22,8.8,176135.9,8.74,179936.23,8.87,204753.34,9.41,567794.55
280,000650.SZ,20211109,8.86,8.98,8.82,8.86,8.94,-0.08000000000000007,-0.89,133106.55,120160.697,8.96,168544.52,8.87,219716.74,8.79,181885.96,9.12,573953.45,8.7,524032.66,9.01,252041.97,8.95,253605.6,8.8,178173.69,8.75,179348.51,8.88,206483.25,9.41,573805.48
281,000650.SZ,20211108,8.94,8.97,8.73,8.94,8.94,0.0,0.0,133000.67,119584.808,9.0,202590.89,8.85,216140.57,8.8,181734.05,9.1,576022.45,8.68,524898.67,9.02,254628.74,8.92,246552.3,8.79,181649.39,8.76,181273.03,8.89,210880.65,9.41,579077.88
282,000650.SZ,20211105,8.99,9.32,8.9,8.94,9.01,-0.07000000000000028,-0.78,228145.41,210307.313,9.1,246323.73,8.83,211479.14,8.82,183504.51,9.09,577092.48,8.66,524728.03,9.02,258489.92,8.88,245561.76,8.78,184344.17,8.75,183242.78,8.9,215760.92,9.41,586735.46
283,000650.SZ,20211104,8.98,9.13,8.92,9.01,9.04,-0.02999999999999936,-0.33,162070.5,148298.247,9.18,297038.02,8.81,199880.42,8.83,182278.32,9.07,576967.33,8.65,524083.76,9.03,266547.37,8.86,236206.5,8.76,181576.12,8.76,180395.02,8.91,218420.28,9.41,596057.28
284,000650.SZ,20211103,9.06,9.13,8.86,9.04,9.08,-0.040000000000000924,-0.44,186399.48,170623.352,9.12,342090.12,8.78,193165.92,8.85,182044.03,9.05,577031.12,8.63,523976.41,9.03,273155.18,8.82,228661.08,8.71,179951.96,8.77,184259.98,8.92,221328.39,9.4,601349.68
285,000650.SZ,20211102,9.48,9.48,9.05,9.08,9.42,-0.33999999999999986,-3.61,303338.41,283503.042,8.95,338666.68,8.75,186077.18,8.86,183609.18,9.04,577476.78,8.61,523760.06,9.03,281615.7,8.78,217261.34,8.66,183874.18,8.78,182311.38,8.93,224401.96,9.39,612097.41
286,000650.SZ,20211101,9.34,9.57,9.23,9.42,9.34,0.08000000000000007,0.86,351664.85,335857.877,8.84,290513.71,8.72,171196.04,8.88,187393.68,9.02,576602.8,8.59,523535.72,9.04,286858.7,8.74,194663.71,8.64,175792.72,8.79,178639.98,8.94,226919.59,9.38,619074.59
287,000650.SZ,20211029,8.74,9.42,8.67,9.34,8.74,0.5999999999999996,6.86,481716.85,449627.437,8.67,244799.79,8.68,158903.68,8.87,188986.97,9.0,575404.79,8.57,522364.35,9.04,299537.23,8.66,166975.43,8.61,167563.9,8.79,173132.99,8.94,225789.61,9.38,625909.97
288,000650.SZ,20211028,8.29,8.92,8.21,8.74,8.16,0.5800000000000001,7.11,387331.03,341569.454,8.55,175374.98,8.62,137434.73,8.86,182865.45,8.98,573731.19,8.54,520154.39,9.04,317292.68,8.59,128228.32,8.59,153815.02,8.8,162212.58,8.94,223337.36,9.37,624812.32
289,000650.SZ,20211027,8.53,8.53,8.08,8.16,8.53,-0.3699999999999992,-4.34,169282.25,142172.26,8.52,115232.03,8.61,122016.68,8.86,177417.33,8.97,573218.05,8.52,518806.73,9.05,325737.53,8.59,100483.58,8.6,144010.23,8.82,157288.7,8.95,224661.94,9.36,626163.93
290,000650.SZ,20211026,8.57,8.61,8.46,8.53,8.57,-0.040000000000000924,-0.47,62573.55,54368.082,8.62,95856.0,8.64,122286.07,8.88,176227.73,8.96,574697.02,8.51,519211.03,9.08,344761.45,8.66,102741.77,8.64,142219.97,8.87,166046.33,8.97,229738.16,9.35,627234.81
291,000650.SZ,20211025,8.7,8.77,8.46,8.57,8.73,-0.16000000000000014,-1.83,123095.28,107347.978,8.64,98813.72,8.61,127440.99,8.88,179465.99,8.94,579434.31,8.49,519777.83,9.11,354238.37,8.66,116746.47,8.67,148633.4,8.9,177488.45,9.0,238107.06,9.35,630382.91
292,000650.SZ,20211022,8.54,8.81,8.54,8.73,8.61,0.120000000000001,1.39,134592.81,119097.897,8.64,89151.06,8.57,138344.73,8.89,180960.08,8.93,584010.32,8.47,519337.11,9.14,366006.57,8.67,123126.58,8.69,152083.29,8.91,182504.77,9.02,249151.03,9.34,633446.86
293,000650.SZ,20211021,8.66,8.69,8.5,8.61,8.65,-0.040000000000000924,-0.46,86616.28,75692.611,8.63,81081.65,8.56,138892.14,8.89,185404.58,8.91,584472.1,8.45,519402.14,9.17,378015.51,8.65,126945.73,8.71,152489.27,8.91,184754.84,9.03,256469.97,9.33,636392.87
294,000650.SZ,20211020,8.65,8.7,8.59,8.65,8.65,0.0,0.0,72402.07,63637.938,8.65,85735.13,8.58,146620.77,8.9,188306.85,8.89,584689.34,8.43,519312.7,9.2,397042.14,8.61,131242.85,8.74,162059.44,8.91,186162.17,9.04,259936.53,9.32,639794.62
295,000650.SZ,20211019,8.57,8.71,8.5,8.65,8.57,0.08000000000000007,0.93,77362.14,68025.68,8.69,109627.54,8.6,156954.39,8.91,193370.53,8.88,585317.46,8.41,519231.83,9.22,412409.09,8.55,150487.03,8.78,164836.41,8.91,189504.58,9.05,264796.86,9.31,641747.61
296,000650.SZ,20211018,8.68,8.69,8.52,8.57,8.69,-0.11999999999999922,-1.38,74782.02,65159.204,8.68,134679.23,8.62,165713.87,8.91,198488.38,8.86,586688.84,8.39,519260.54,9.23,418360.17,8.54,156921.74,8.82,170628.12,8.92,192722.31,9.06,268959.39,9.3,643688.68
297,000650.SZ,20211015,8.67,8.71,8.55,8.69,8.7,-0.009999999999999787,-0.11,94245.76,82714.986,8.7,157102.1,8.66,170228.86,8.91,200658.84,8.84,586535.87,8.37,519652.62,9.25,431399.2,8.56,168152.38,8.86,176211.77,8.93,199753.1,9.08,274756.18,9.29,647620.34
298,000650.SZ,20211014,8.85,8.85,8.66,8.7,8.85,-0.15000000000000036,-1.69,109883.68,97680.742,8.66,172809.81,8.69,177659.36,8.9,204984.53,8.82,586377.7,8.35,519816.73,9.27,439158.06,8.59,179401.71,8.9,179204.71,8.94,202788.03,9.09,287059.66,9.28,648873.5
299,000650.SZ,20211013,8.68,8.91,8.49,8.85,8.61,0.2400000000000002,2.79,191864.12,170424.663,8.56,176750.56,8.7,183983.16,8.9,208308.01,8.8,586375.11,8.34,519582.81,9.29,448124.42,8.61,187536.88,8.94,185691.25,8.94,207277.48,9.1,296189.2,9.26,651124.81
300,000650.SZ,20211012,8.72,8.91,8.48,8.61,8.64,-0.030000000000001137,-0.35,202620.55,179709.535,8.4,191346.51,8.73,180202.26,8.89,211336.36,8.78,586040.53,8.32,518880.88,9.31,458040.88,8.63,181698.17,8.98,197698.62,8.93,209260.98,9.1,306673.77,9.24,650728.17
301,000650.SZ,20211011,8.77,9.0,8.56,8.64,8.52,0.120000000000001,1.41,186896.37,165834.387,8.4,179164.24,8.78,186002.19,8.9,213039.19,8.76,585432.02,8.3,518452.46,9.33,464677.87,8.68,180520.33,9.01,207859.44,8.93,207459.54,9.12,314906.16,9.23,650452.14
302,000650.SZ,20211008,8.19,8.61,8.16,8.52,8.19,0.33000000000000007,4.03,172784.31,148879.445,8.43,179202.66,8.84,181467.19,8.9,218593.84,8.74,585337.23,8.28,518230.8,9.35,469481.54,8.7,181040.01,9.03,212193.87,8.93,209273.65,9.14,333500.46,9.21,650563.09
303,000650.SZ,20210930,8.05,8.28,8.05,8.19,8.05,0.1399999999999988,1.74,129587.45,107576.987,8.52,185993.62,8.9,183037.35,8.92,221890.38,8.73,584872.31,8.26,517950.55,9.36,475382.77,8.77,178032.82,9.04,213659.39,8.93,210943.57,9.15,360843.65,9.2,651436.55
304,000650.SZ,20210929,8.6,8.63,8.0,8.05,8.6,-0.5499999999999989,-6.4,264843.87,221920.114,8.66,198323.2,9.0,187411.79,8.95,223561.89,8.71,584584.15,8.25,517676.63,9.38,484450.68,8.88,192876.03,9.07,213621.82,8.94,216451.59,9.17,375695.44,9.19,653282.79
305,000650.SZ,20210928,8.67,8.76,8.56,8.6,8.78,-0.17999999999999972,-2.05,141709.22,124476.643,8.85,172049.82,9.11,178893.37,8.98,223937.81,8.7,583620.24,8.24,516812.6,9.4,492766.57,9.01,179185.79,9.09,209013.35,8.97,216307.34,9.21,397882.64,9.18,654667.77
306,000650.SZ,20210927,8.96,8.96,8.65,8.78,8.97,-0.19000000000000128,-2.12,187088.44,167371.432,8.97,181876.42,9.18,186424.55,9.0,227267.04,8.68,584576.85,8.22,516839.55,9.42,499981.9,9.09,184334.5,9.1,210622.6,8.98,224108.86,9.24,408409.87,9.17,655879.24
307,000650.SZ,20210924,8.86,9.23,8.77,8.97,8.9,0.07000000000000028,0.79,206739.13,189506.71,8.98,182877.36,9.25,205264.78,9.02,233439.46,8.66,584000.98,8.2,516792.89,9.44,508153.57,9.16,184271.17,9.11,215553.47,8.99,227368.13,9.28,422053.56,9.15,656071.2
308,000650.SZ,20210923,9.02,9.13,8.85,8.9,9.02,-0.11999999999999922,-1.33,191235.33,173923.406,9.03,170072.02,9.27,220580.0,9.04,239882.91,8.63,583393.51,8.18,516588.58,9.47,517612.45,9.21,179007.7,9.11,214481.19,8.99,226690.78,9.31,435862.3,9.13,655775.51
309,000650.SZ,20210922,9.0,9.25,8.95,9.02,9.16,-0.14000000000000057,-1.53,133477.0,123117.475,9.11,187428.86,9.28,226914.58,9.06,245661.5,8.61,583064.99,8.16,516914.16,9.49,528639.64,9.27,183845.62,9.11,217147.78,9.01,229570.44,9.34,457901.93,9.1,656270.01
310,000650.SZ,20210917,8.85,9.2,8.73,9.16,8.85,0.3100000000000005,3.5,190842.22,173456.791,9.17,186321.75,9.26,232192.88,9.08,251634.45,8.59,583178.59,8.14,516607.59,9.51,537006.56,9.33,213699.07,9.09,223042.38,9.02,233617.99,9.37,476092.71,9.08,656636.75
311,000650.SZ,20210916,9.15,9.27,8.84,8.85,9.2,-0.34999999999999964,-3.8,192093.13,176464.583,9.22,186792.57,9.22,227423.18,9.09,256927.73,8.57,583696.53,8.12,516505.99,9.54,548017.7,9.35,235198.54,9.06,220929.15,9.02,240488.26,9.37,481640.22,9.06,656539.31
312,000650.SZ,20210915,9.23,9.37,9.14,9.2,9.3,-0.10000000000000142,-1.08,142712.41,133533.132,9.33,185664.98,9.2,225929.42,9.12,264642.51,8.55,583429.93,8.11,516222.37,9.57,566844.79,9.36,243347.73,9.04,223390.47,9.05,248279.05,9.38,495983.82,9.04,656944.53
313,000650.SZ,20210914,9.27,9.54,9.17,9.3,9.32,-0.019999999999999574,-0.21,278019.54,265016.677,9.39,187943.38,9.17,228328.03,9.12,268794.1,8.52,583190.49,8.09,516377.51,9.61,587371.26,9.31,249285.97,9.01,227398.94,9.06,256445.55,9.4,504874.62,9.02,658367.24
314,000650.SZ,20210913,9.41,9.52,9.28,9.32,9.42,-0.09999999999999964,-1.06,127941.45,121784.478,9.43,180262.39,9.14,228919.27,9.11,270457.69,8.49,582367.97,8.07,515521.89,9.64,601354.11,9.25,234367.62,8.97,228239.37,9.07,258396.8,9.42,513280.31,9.0,659235.87
315,000650.SZ,20210910,9.42,9.45,9.24,9.42,9.42,0.0,0.0,193196.32,183999.842,9.5,241076.38,9.11,233330.98,9.12,280424.3,8.47,583129.56,8.05,515601.9,9.66,622424.03,9.18,238840.91,8.95,234868.12,9.08,266492.54,9.44,526741.26,8.98,664375.89
316,000650.SZ,20210909,9.44,9.54,9.24,9.42,9.5,-0.08000000000000007,-0.84,186455.17,178284.194,9.47,283604.51,9.06,237282.58,9.12,288678.97,8.44,582887.65,8.03,515212.34,9.69,651194.49,9.12,236910.7,8.92,243996.04,9.09,275199.19,9.44,535194.56,8.96,669282.92
317,000650.SZ,20210908,9.46,9.58,9.4,9.5,9.49,0.009999999999999787,0.11,154104.42,148491.482,9.38,301030.47,9.0,242275.96,9.14,299804.04,8.41,581930.42,8.0,514764.7,9.72,676897.41,9.07,246835.76,8.9,248916.61,9.09,278446.23,9.45,541206.51,8.93,669404.87
318,000650.SZ,20210907,9.66,9.66,9.41,9.49,9.67,-0.17999999999999972,-1.86,239614.57,232034.266,9.24,310628.56,8.93,241850.81,9.16,318381.38,8.38,581871.25,7.98,514302.22,9.73,705053.43,9.01,249954.68,8.88,250532.32,9.07,284462.14,9.46,548894.38,8.9,669103.16
319,000650.SZ,20210906,9.38,9.69,9.13,9.67,9.28,0.39000000000000057,4.2,432011.43,416315.543,9.07,288472.85,8.87,241981.96,9.16,328208.27,8.35,580703.78,7.96,513354.32,9.73,718163.78,8.94,250449.94,8.87,252432.85,9.08,292035.19,9.46,558395.48,8.87,668463.47
320,000650.SZ,20210903,8.93,9.34,8.87,9.28,8.96,0.3199999999999985,3.57,405836.98,377663.155,8.86,236605.44,8.78,225895.07,9.14,324167.05,8.32,578111.59,7.94,512256.03,9.74,735163.73,8.84,232385.7,8.86,243577.45,9.07,293429.98,9.46,566004.22,8.84,667153.71
321,000650.SZ,20210902,8.65,9.0,8.61,8.96,8.78,0.1800000000000015,2.05,273584.96,246761.04,8.76,190216.89,8.72,217355.92,9.14,322937.19,8.3,575864.21,7.92,510277.45,9.74,757268.65,8.77,206659.76,8.86,243133.12,9.09,298725.67,9.47,570621.26,8.82,664211.36
322,000650.SZ,20210901,8.65,8.83,8.52,8.78,8.67,0.10999999999999943,1.27,202094.84,178501.695,8.76,192641.05,8.71,216350.66,9.15,324511.58,8.27,574943.79,7.9,509957.14,9.73,770243.11,8.73,203433.21,8.89,250744.71,9.13,315797.3,9.5,579394.23,8.79,662527.05
323,000650.SZ,20210831,8.57,8.68,8.53,8.67,8.61,0.0600000000000005,0.7,128836.06,112632.055,8.78,189280.81,8.71,229709.11,9.17,330996.71,8.25,574387.44,7.89,510158.58,9.73,783841.84,8.71,205511.92,8.93,260025.33,9.15,328185.1,9.53,591295.23,8.77,661755.52
324,000650.SZ,20210830,8.77,8.87,8.56,8.61,8.77,-0.16000000000000014,-1.82,172674.37,152792.73,8.81,212427.02,8.74,241711.46,9.19,351691.37,8.23,573981.29,7.87,510911.74,9.72,792752.52,8.69,222111.11,8.98,270411.39,9.17,333710.9,9.56,606119.21,8.74,661879.25
325,000650.SZ,20210827,8.95,8.95,8.74,8.77,8.95,-0.17999999999999972,-2.01,173894.24,155788.376,8.82,228165.96,8.79,242768.71,9.21,365955.55,8.2,573290.76,7.86,510614.16,9.72,802082.47,8.72,230895.33,9.03,280318.35,9.19,340089.14,9.59,615924.57,8.72,661398.6
326,000650.SZ,20210826,8.99,9.07,8.78,8.95,8.89,0.05999999999999872,0.67,285705.75,260071.03,8.77,223102.62,8.83,250748.02,9.22,384986.24,8.18,572987.45,7.84,510356.68,9.72,809974.46,8.72,251081.37,9.08,294343.43,9.21,345196.47,9.63,629970.96,8.7,661393.2
327,000650.SZ,20210825,8.86,8.92,8.73,8.89,8.85,0.040000000000000924,0.45,185293.64,165982.75,8.71,214225.36,8.85,248378.59,9.24,397070.31,8.16,572041.13,7.83,509613.89,9.72,820190.53,8.73,250997.47,9.1,294251.47,9.22,349759.26,9.67,651944.61,8.67,659894.29
328,000650.SZ,20210824,8.63,8.86,8.57,8.85,8.62,0.23000000000000043,2.67,244567.09,216914.429,8.64,221743.02,8.89,264659.89,9.26,429930.93,8.14,571625.36,7.81,509287.46,9.72,835676.8,8.76,251109.97,9.11,301715.87,9.24,371331.29,9.73,676893.01,8.65,659084.28
329,000650.SZ,20210823,8.5,8.69,8.37,8.62,8.56,0.05999999999999872,0.7,251369.08,217571.863,8.57,231795.21,8.95,278602.17,9.27,476072.35,8.12,570505.41,7.8,508288.04,9.71,843044.68,8.8,254415.77,9.14,312827.82,9.25,385100.93,9.77,694929.11,8.62,658096.55
330,000650.SZ,20210820,8.62,8.64,8.48,8.56,8.64,-0.08000000000000007,-0.93,148577.56,129088.823,8.62,233624.71,9.02,289089.73,9.31,498699.58,8.1,569584.95,7.78,507652.71,9.7,859374.78,8.87,254769.19,9.19,323952.12,9.27,404086.56,9.82,719209.39,8.6,658330.66
331,000650.SZ,20210819,8.52,8.69,8.5,8.64,8.52,0.120000000000001,1.41,241319.45,211671.306,8.67,279060.12,9.1,303549.7,9.35,541273.07,8.08,569568.88,7.77,507635.84,9.69,872601.75,8.95,279606.48,9.26,344758.63,9.31,422352.77,9.86,755916.11,8.58,657960.53
332,000650.SZ,20210818,8.51,8.7,8.49,8.52,8.51,0.009999999999999787,0.12,222881.94,194730.567,8.75,287769.57,9.18,313510.79,9.41,556920.81,8.06,569137.52,7.75,506609.69,9.7,885009.63,9.05,298056.21,9.33,371979.34,9.34,457727.28,9.91,787130.36,8.56,656943.4
333,000650.SZ,20210817,8.85,8.86,8.48,8.51,8.88,-0.370000000000001,-4.17,294828.01,259159.228,8.89,280476.91,9.28,331319.55,9.48,579945.17,8.04,568785.63,7.74,505960.68,9.69,886704.52,9.15,314538.75,9.38,389521.7,9.36,510743.73,9.94,821179.09,8.53,656285.45
334,000650.SZ,20210816,8.79,9.05,8.6,8.88,8.8,0.08000000000000007,0.91,260516.58,234006.139,9.04,277036.34,9.33,330476.35,9.55,601722.67,8.02,568448.34,7.73,505050.95,9.68,890100.48,9.27,318711.67,9.41,389510.79,9.41,534939.29,9.96,836646.8,8.51,655077.19
335,000650.SZ,20210813,9.05,9.05,8.75,8.8,9.05,-0.25,-2.76,375754.63,339110.883,9.13,275913.68,9.35,336173.66,9.61,638578.46,8.0,567206.33,7.71,504564.77,9.66,890597.41,9.35,329741.38,9.43,394686.05,9.44,579457.94,9.98,860754.99,8.48,655118.09
336,000650.SZ,20210812,9.16,9.19,9.03,9.05,9.2,-0.14999999999999858,-1.63,284866.7,262990.852,9.23,280152.84,9.41,343177.62,9.66,663554.02,7.97,565802.97,7.7,503209.11,9.65,891458.64,9.44,337605.49,9.45,392254.02,9.51,592710.87,9.99,888887.51,8.46,653267.66
337,000650.SZ,20210811,9.26,9.3,9.17,9.2,9.26,-0.0600000000000005,-0.65,186418.62,174766.381,9.35,308342.85,9.45,357715.2,9.67,670578.31,7.95,564825.86,7.68,502786.11,9.63,894204.0,9.46,337505.47,9.47,399140.16,9.57,616739.0,9.98,904917.55,8.43,651795.72
338,000650.SZ,20210810,9.27,9.33,9.15,9.26,9.32,-0.0600000000000005,-0.64,277625.15,260324.386,9.41,348600.6,9.5,386814.35,9.68,696057.45,7.93,564704.41,7.67,502391.24,9.61,898226.6,9.45,352321.77,9.48,431441.95,9.62,645033.81,9.97,922177.23,8.4,651572.03
339,000650.SZ,20210809,9.25,9.33,9.16,9.32,9.34,-0.019999999999999574,-0.21,254903.28,239313.348,9.5,360387.01,9.56,425899.63,9.71,707779.08,7.91,563702.98,7.65,501401.32,9.59,901122.62,9.48,371239.86,9.47,450443.51,9.68,686233.42,9.95,930835.77,8.37,651238.57
340,000650.SZ,20210806,9.57,9.6,9.21,9.34,9.64,-0.3000000000000007,-3.11,396950.44,376117.467,9.57,383569.07,9.58,450424.69,9.75,723292.54,7.88,562915.21,7.63,500637.2,9.56,901814.06,9.5,393135.06,9.47,478745.24,9.72,718567.43,9.94,941127.72,8.33,650434.06
341,000650.SZ,20210805,9.58,9.88,9.43,9.64,9.5,0.14000000000000057,1.47,425816.74,418731.769,9.64,395058.15,9.57,442552.34,9.78,739135.12,7.86,561043.06,7.61,499051.43,9.53,900658.6,9.56,409910.77,9.49,493725.92,9.72,722792.17,9.93,947275.12,8.3,647531.26
342,000650.SZ,20210804,9.67,9.77,9.39,9.5,9.69,-0.1899999999999995,-1.96,387707.37,375654.818,9.56,366668.09,9.54,437798.88,9.78,747210.94,7.83,558855.48,7.6,497421.47,9.5,902268.78,9.6,445902.48,9.49,537562.82,9.72,743688.59,9.92,957710.01,8.26,645195.98
343,000650.SZ,20210803,9.64,9.88,9.57,9.69,9.69,0.0,0.0,336557.2,333739.66,9.49,356042.94,9.52,433137.86,9.79,751901.08,7.81,556690.46,7.58,497094.66,9.47,900361.02,9.61,464504.64,9.47,608846.22,9.75,753303.7,9.9,973694.28,8.23,642560.92
344,000650.SZ,20210802,9.68,10.13,9.62,9.69,9.7,-0.009999999999999787,-0.1,370813.62,368826.733,9.46,382092.71,9.49,439755.72,9.79,760101.65,7.78,554904.77,7.56,496996.23,9.44,900940.79,9.56,460309.91,9.47,643053.1,9.77,768163.82,9.88,981370.97,8.19,640245.74
345,000650.SZ,20210730,9.35,9.79,9.29,9.7,9.24,0.4599999999999991,4.98,454395.81,443209.959,9.43,402701.04,9.48,475266.55,9.8,773009.5,7.75,554040.8,7.54,496407.62,9.4,897920.19,9.52,459630.72,9.49,704316.23,9.8,786989.97,9.84,999792.85,8.16,637840.74
346,000650.SZ,20210729,9.22,9.35,9.15,9.24,9.15,0.08999999999999986,0.98,283866.46,267530.725,9.48,424763.4,9.43,490901.97,9.79,785778.32,7.73,551381.49,7.52,495810.49,9.36,894121.53,9.47,446902.56,9.54,720263.57,9.8,795189.94,9.82,1011229.59,8.12,635229.48
347,000650.SZ,20210728,9.5,9.59,9.0,9.15,9.54,-0.3899999999999988,-4.09,334581.61,314871.367,9.64,525136.86,9.43,532215.17,9.82,797513.4,7.7,550934.19,7.51,498144.6,9.33,893006.12,9.48,460774.84,9.63,756355.76,9.82,803966.78,9.81,1026030.32,8.09,633880.43
348,000650.SZ,20210727,9.64,9.81,9.25,9.54,9.52,0.019999999999999574,0.21,466806.07,453737.448,9.72,572966.35,9.47,560059.97,9.85,811201.1,7.68,550250.55,7.49,502520.39,9.3,892246.36,9.51,510562.13,9.71,791389.83,9.84,813326.62,9.79,1026287.29,8.06,631678.5
349,000650.SZ,20210726,9.88,10.02,9.21,9.52,9.96,-0.4400000000000013,-4.42,473855.26,461175.336,9.65,538527.11,9.48,624348.32,9.89,824417.25,7.66,548787.45,7.48,501582.58,9.26,890704.09,9.47,529647.15,9.78,843730.2,9.85,824755.77,9.77,1027665.92,8.03,628398.77
350,000650.SZ,20210723,9.99,10.33,9.74,9.96,10.03,-0.06999999999999851,-0.7,564707.59,576226.357,9.6,516560.4,9.45,727388.34,9.91,840429.59,7.64,546346.67,7.46,500676.51,9.23,890133.24,9.44,564355.42,9.82,881283.61,9.85,838578.45,9.74,1024731.45,7.99,625535.12
351,000650.SZ,20210722,9.5,10.23,9.3,10.03,9.54,0.4900000000000002,5.14,785733.76,777173.083,9.46,469041.71,9.44,762464.28,9.94,846202.77,7.61,543330.51,7.44,498748.76,9.18,886431.62,9.41,577541.07,9.8,879232.87,9.85,842516.84,9.7,1022658.77,7.96,622074.52
352,000650.SZ,20210721,9.23,9.64,9.17,9.54,9.22,0.3199999999999985,3.47,573729.06,554227.379,9.31,396412.83,9.44,824798.31,9.97,852995.25,7.59,538986.34,7.42,496009.63,9.14,878756.81,9.37,629223.16,9.78,892581.65,9.86,842991.15,9.66,1017742.68,7.92,616571.93
353,000650.SZ,20210720,9.15,9.38,9.11,9.22,9.26,-0.03999999999999915,-0.43,294609.9,277023.712,9.3,448157.91,9.53,840153.19,10.02,883300.99,7.57,535905.78,7.4,493571.79,9.1,873390.5,9.33,753187.8,9.82,897703.22,9.9,854405.36,9.63,1016315.76,7.89,612484.98
354,000650.SZ,20210719,9.24,9.41,9.11,9.26,9.24,0.019999999999999574,0.22,364021.7,343204.461,9.28,520767.19,9.66,894853.23,10.11,924112.41,7.55,534385.33,7.38,493396.09,9.06,872803.38,9.39,825796.29,9.88,922090.78,9.94,878527.52,9.6,1019652.71,7.86,611020.08
355,000650.SZ,20210716,9.25,9.39,9.07,9.24,9.3,-0.0600000000000005,-0.65,327114.14,307262.622,9.28,612150.44,9.78,946487.18,10.17,952427.45,7.52,532857.38,7.36,493740.51,9.02,870316.23,9.47,949001.73,9.94,950669.6,9.99,891759.99,9.57,1018698.37,7.83,609205.44
356,000650.SZ,20210715,9.39,9.44,9.17,9.3,9.48,-0.17999999999999972,-1.9,422589.34,397531.144,9.36,686040.43,9.9,1037756.35,10.23,993047.19,7.5,531597.75,7.35,492579.42,8.99,868343.38,9.62,993624.58,9.96,969333.63,10.05,914745.46,9.53,1018417.97,7.8,607972.85
357,000650.SZ,20210714,9.12,9.66,9.0,9.48,9.11,0.370000000000001,4.06,832454.45,790911.23,9.43,862033.48,10.0,1099474.37,10.28,1049764.6,7.48,529134.63,7.33,491151.07,8.95,865918.44,9.78,1051936.68,9.99,975562.76,10.12,954129.96,9.5,1020484.49,7.77,605886.34
358,000650.SZ,20210713,9.22,9.3,8.98,9.11,9.28,-0.16999999999999993,-1.83,657656.32,608105.022,9.36,1058217.69,10.0,1075723.47,10.35,1087462.23,7.46,524139.81,7.31,487051.02,8.91,858998.23,9.91,1072217.54,10.0,964708.86,10.21,982454.74,9.46,1010687.34,7.74,601001.38
359,000650.SZ,20210712,9.47,9.69,9.17,9.28,9.62,-0.33999999999999986,-3.53,820937.96,784463.201,9.5,1130825.38,10.04,1106112.16,10.39,1134760.76,7.44,520552.49,7.29,483841.23,8.88,855326.21,10.09,1157813.25,10.04,972310.08,10.29,1004757.3,9.43,1006060.41,7.71,596201.47
360,000650.SZ,20210709,9.35,9.7,9.14,9.62,9.64,-0.02000000000000135,-0.21,696564.08,668251.044,9.65,1285853.02,10.11,1094975.44,10.41,1146582.9,7.42,516090.09,7.27,480072.73,8.85,854310.27,10.21,1198211.81,10.05,975689.96,10.36,1034332.22,9.39,994782.58,7.68,590807.58
361,000650.SZ,20210708,9.39,9.77,9.28,9.64,9.15,0.4900000000000002,5.36,1302554.61,1263951.535,9.88,1301208.72,10.18,1101575.19,10.41,1176301.83,7.4,512271.23,7.25,477035.28,8.81,855449.96,10.2,1180924.68,10.08,975004.72,10.41,1089479.45,9.34,985998.11,7.65,586204.23
362,000650.SZ,20210707,9.56,9.67,8.84,9.15,9.82,-0.6699999999999999,-6.82,1813375.5,1676907.588,10.14,1241839.87,10.24,1073347.78,10.4,1198688.63,7.38,504707.52,7.23,470715.07,8.76,840763.75,10.2,1155940.15,10.11,949875.15,10.47,1116533.43,9.29,967625.72,7.62,576757.36
363,000650.SZ,20210706,10.02,10.24,9.35,9.82,10.02,-0.1999999999999993,-2.0,1020694.77,1012482.684,10.45,1086217.38,10.28,987733.87,10.39,1182020.79,7.36,492945.78,7.22,461222.5,8.72,818157.4,10.3,1042218.65,10.19,905014.14,10.52,1131614.45,9.26,942029.45,7.59,562757.73
364,000650.SZ,20210705,10.83,11.08,9.69,10.02,10.76,-0.7400000000000002,-6.88,1596076.14,1662544.559,10.67,1184801.12,10.29,951309.03,10.36,1187941.52,7.33,486623.8,7.19,455769.28,8.67,806719.49,10.37,1018385.26,10.22,904893.14,10.52,1138354.32,9.21,930870.14,7.56,555430.8
365,000650.SZ,20210702,10.73,10.98,10.35,10.76,10.93,-0.16999999999999993,-1.56,773342.59,840485.753,10.76,1110570.59,10.26,875870.6,10.3,1164443.32,7.31,476413.31,7.17,447191.38,8.62,789103.02,10.41,952337.47,10.26,863139.12,10.52,1142052.04,9.16,911452.9,7.53,543191.51
366,000650.SZ,20210701,10.74,11.28,10.65,10.93,10.74,0.1899999999999995,1.77,1005710.34,1125908.277,10.52,1060640.63,10.19,878665.84,10.23,1167357.37,7.28,471938.4,7.15,443350.03,8.56,779495.18,10.3,945042.68,10.27,875305.89,10.46,1185064.15,9.09,903348.61,7.49,537670.36
367,000650.SZ,20210630,10.83,10.87,10.35,10.74,10.9,-0.16000000000000014,-1.47,1035263.06,1120324.967,10.26,1070040.43,10.08,869652.4,10.16,1160301.02,7.24,465998.43,7.12,438164.62,8.49,767038.62,10.2,899188.84,10.29,905226.6,10.39,1193096.1,9.01,890088.83,7.44,529922.32
368,000650.SZ,20210629,10.82,10.93,10.41,10.9,10.49,0.41000000000000014,3.91,1513613.45,1649156.233,10.15,998219.91,10.04,842544.42,10.11,1160790.65,7.21,461117.96,7.09,432899.42,8.42,754695.25,10.1,857200.19,10.37,937573.34,10.32,1199320.65,8.94,875688.72,7.4,521956.94
369,000650.SZ,20210628,9.62,10.49,9.58,10.49,9.54,0.9500000000000011,9.96,1224923.52,1281837.844,10.07,851969.41,9.99,787648.25,10.05,1155883.3,7.19,452828.44,7.07,424811.35,8.36,736429.53,9.99,786806.91,10.4,928229.32,10.23,1175438.11,8.87,854638.08,7.36,511396.84
370,000650.SZ,20210625,9.54,9.77,9.42,9.54,9.61,-0.07000000000000028,-0.73,523692.78,509208.863,10.05,794104.35,10.01,763896.84,9.98,1143301.98,7.16,446206.32,7.04,419794.54,8.29,721630.5,9.9,753168.11,10.44,952392.42,10.16,1163688.01,8.8,837180.78,7.32,501784.61
371,000650.SZ,20210624,10.15,10.38,9.4,9.61,10.23,-0.620000000000001,-6.06,1052709.34,1044314.635,10.09,829444.73,10.08,801941.61,9.92,1171314.73,7.14,445024.3,7.02,418206.0,8.25,716957.87,9.95,769084.77,10.51,1043756.84,10.13,1171758.06,8.75,831438.41,7.29,499249.29
372,000650.SZ,20210623,10.32,10.57,10.01,10.23,10.47,-0.2400000000000002,-2.29,676160.48,704102.356,10.15,728337.24,10.17,779502.1,9.89,1173899.75,7.12,442424.44,7.0,412910.3,8.2,704332.9,10.03,743810.16,10.61,1096830.08,10.11,1171731.43,8.7,817905.24,7.27,492444.53
373,000650.SZ,20210622,10.42,10.89,10.14,10.47,10.42,0.05000000000000071,0.48,782360.93,835171.622,10.04,716180.46,10.23,805695.76,9.85,1188480.63,7.09,445187.85,6.98,409649.92,8.14,696492.0,10.07,767809.63,10.63,1176312.36,10.06,1194084.87,8.65,811859.87,7.23,488944.19
374,000650.SZ,20210621,9.83,10.47,9.76,10.42,9.7,0.7200000000000006,7.42,935598.22,969863.174,9.92,721644.4,10.3,868908.33,9.77,1175764.12,7.07,441895.87,6.95,406260.08,8.08,687741.05,10.07,791401.01,10.59,1198338.85,9.98,1194578.13,8.58,805191.43,7.2,483444.37
375,000650.SZ,20210618,9.81,10.29,9.39,9.7,9.94,-0.2400000000000002,-2.41,700394.69,697008.32,9.74,712231.88,10.44,926339.08,9.7,1164409.0,7.04,437625.94,6.93,401962.18,8.02,678992.56,10.11,773940.77,10.57,1236909.32,9.89,1212595.73,8.52,802010.51,7.16,476734.22
376,000650.SZ,20210617,9.83,10.12,9.7,9.94,9.67,0.2699999999999996,2.79,547171.88,553183.526,9.82,708724.81,10.57,974518.96,9.64,1152567.6,7.02,434421.24,6.91,398493.85,7.97,671042.8,10.24,805569.11,10.54,1305074.88,9.84,1227269.24,8.47,803371.27,7.14,472232.38
377,000650.SZ,20210616,9.7,10.17,9.52,9.67,9.87,-0.1999999999999993,-2.03,615376.57,615028.122,9.9,759283.07,10.68,1063827.7,9.57,1149425.68,6.99,432863.25,6.88,395675.24,7.92,665337.36,10.38,911264.36,10.48,1340049.74,9.81,1248093.86,8.41,797603.23,7.1,468757.02
378,000650.SZ,20210615,9.79,9.99,9.32,9.87,9.51,0.35999999999999943,3.79,809680.66,802133.234,10.1,819438.81,10.78,1197335.74,9.51,1145760.73,6.97,429712.95,6.86,392435.07,7.86,659051.38,10.64,1017946.5,10.44,1370380.89,9.75,1239247.95,8.35,789311.94,7.08,464259.42
379,000650.SZ,20210611,10.06,10.09,9.39,9.51,10.11,-0.5999999999999996,-5.93,888535.58,875745.041,10.22,861157.62,10.92,1297681.39,9.45,1136302.89,6.95,425929.87,6.84,388378.99,7.81,650253.46,10.8,1069651.74,10.34,1369753.72,9.69,1230576.08,8.29,778531.45,7.05,458712.06
380,000650.SZ,20210610,10.42,10.42,9.86,10.11,10.33,-0.22000000000000064,-2.13,682859.36,700280.23,10.48,835649.66,11.01,1403625.28,9.39,1124723.22,6.93,422691.63,6.82,384137.9,7.76,641945.32,10.98,1151616.74,10.28,1368947.96,9.63,1210884.46,8.23,768303.21,7.02,452521.99
381,000650.SZ,20210609,10.42,10.61,10.02,10.33,10.68,-0.34999999999999964,-3.28,799963.18,836639.899,10.66,902413.41,10.97,1445166.15,9.31,1113661.51,6.9,418858.5,6.8,381674.01,7.7,634889.9,11.07,1318428.9,10.22,1373094.7,9.54,1202800.69,8.16,757801.46,6.99,447397.33
382,000650.SZ,20210608,10.48,10.96,10.47,10.68,10.47,0.20999999999999908,2.01,916155.27,993136.759,10.86,1063245.64,10.94,1514938.81,9.22,1099259.37,6.87,414561.53,6.77,377886.68,7.64,625666.83,11.2,1449850.0,10.15,1385692.07,9.45,1192494.2,8.08,745659.88,6.95,441674.3
383,000650.SZ,20210607,10.62,10.65,10.13,10.47,10.79,-0.3199999999999985,-2.97,1018274.73,1074188.648,11.18,1216454.18,10.82,1603211.93,9.12,1088389.52,6.84,409168.41,6.74,373394.17,7.57,615579.12,11.2,1584815.08,10.06,1407222.49,9.35,1178226.16,8.0,732215.8,6.92,435215.37
384,000650.SZ,20210604,10.87,11.12,10.54,10.79,11.03,-0.2400000000000002,-2.18,760995.74,838620.777,11.38,1278145.85,10.69,1620780.73,9.02,1065635.12,6.81,402897.07,6.72,367949.1,7.5,605170.25,11.12,1605276.68,9.93,1396166.68,9.26,1160777.9,7.93,717639.3,6.88,428216.01
385,000650.SZ,20210603,11.31,11.5,10.92,11.03,11.34,-0.3100000000000005,-2.73,1016678.12,1157298.446,11.48,1467583.81,10.54,1656242.56,8.91,1054430.56,6.78,398890.58,6.69,364065.33,7.43,597135.14,11.03,1699877.88,9.78,1431923.22,9.14,1145636.74,7.85,706872.64,6.85,423096.45
386,000650.SZ,20210602,12.02,12.15,11.04,11.34,12.27,-0.9299999999999997,-7.58,1604124.35,1874614.101,11.47,1734444.4,10.3,1639354.8,8.79,1028771.44,6.74,393102.78,6.66,359068.42,7.35,584227.61,10.84,1804580.65,9.65,1438119.31,9.02,1122090.49,7.76,692815.43,6.81,416402.3
387,000650.SZ,20210601,11.21,12.61,11.14,12.27,11.46,0.8099999999999987,7.07,1682197.97,2098710.461,11.54,1836454.35,10.07,1583069.88,8.65,986576.5,6.71,383591.08,6.63,350205.38,7.27,564780.39,10.58,1768835.12,9.52,1416508.61,8.88,1086839.02,7.67,667843.96,6.77,404031.97
388,000650.SZ,20210531,11.43,11.62,10.43,11.46,11.28,0.1800000000000015,1.6,1326733.09,1519214.697,11.22,1953175.98,9.81,1512577.28,8.49,942988.64,6.67,373361.45,6.59,340956.59,7.18,543304.43,10.24,1722815.28,9.31,1349898.68,8.71,1038919.93,7.57,641275.55,6.72,390933.07
389,000650.SZ,20210528,11.16,11.84,10.85,11.28,11.01,0.2699999999999996,2.45,1708185.54,1995023.605,10.86,1932407.5,9.62,1491437.09,8.36,912131.78,6.63,364836.22,6.56,333955.53,7.1,526397.8,9.89,1669855.69,9.13,1311038.25,8.56,1007363.52,7.48,621263.99,6.67,380925.01
390,000650.SZ,20210527,11.67,11.67,10.63,11.01,11.7,-0.6899999999999995,-5.9,2350981.04,2700510.837,10.59,1932171.94,9.43,1463635.41,8.23,872218.56,6.59,353990.57,6.53,324915.95,7.02,504718.17,9.59,1586279.18,8.95,1240518.32,8.41,955232.93,7.39,597451.92,6.63,367764.76
391,000650.SZ,20210526,10.87,11.7,10.87,11.7,10.63,1.0699999999999985,10.07,2114174.11,2533212.112,10.21,1874716.9,9.19,1344110.6,8.11,815749.75,6.56,338526.5,6.5,312756.7,6.95,475252.35,9.37,1427760.5,8.78,1144986.59,8.27,882516.78,7.3,560004.95,6.59,349426.2
392,000650.SZ,20210525,9.91,10.63,9.47,10.63,9.67,0.9600000000000009,9.93,2265806.13,2375778.979,9.62,1701215.9,8.89,1295030.01,7.96,762011.85,6.52,324743.17,6.47,302449.81,6.86,448689.76,9.11,1321534.15,8.57,1063816.31,8.11,818718.0,7.2,526756.44,6.55,334578.71
393,000650.SZ,20210524,9.98,10.22,9.67,9.67,9.92,-0.25,-2.52,1222890.69,1254118.032,9.26,1492454.58,8.71,1208475.69,7.84,701550.6,6.49,310018.44,6.45,291231.12,6.79,419417.03,8.92,1229629.9,8.43,974931.71,7.99,752444.45,7.12,491391.81,6.52,318363.02
394,000650.SZ,20210521,9.24,10.06,9.24,9.92,9.14,0.7799999999999994,8.53,1707007.72,1735844.819,8.92,1407303.89,8.65,1204554.13,7.75,670620.16,6.47,302545.1,6.43,287222.82,6.74,404088.33,8.75,1187056.69,8.33,938528.51,7.89,723385.96,7.06,473507.57,6.49,310433.42
395,000650.SZ,20210520,8.72,9.63,8.71,9.14,8.75,0.39000000000000057,4.46,2063705.83,1983423.612,8.6,1240386.43,8.5,1100168.87,7.65,627783.91,6.45,293309.51,6.41,279820.08,6.68,383064.45,8.53,1163968.56,8.2,868516.18,7.8,680853.76,6.99,449481.2,6.46,299154.03
396,000650.SZ,20210519,8.89,9.12,8.58,8.75,8.8,-0.05000000000000071,-0.57,1246669.12,1138571.049,8.53,980804.1,8.41,983693.38,7.57,572306.85,6.43,280750.64,6.4,273495.25,6.63,357540.86,8.45,1071657.97,8.1,780845.41,7.71,621633.08,6.93,417647.81,6.44,287609.23
397,000650.SZ,20210518,7.87,8.8,7.51,8.8,7.99,0.8100000000000005,10.14,1221999.55,1032218.713,8.59,941852.39,8.32,910702.44,7.51,540909.24,6.41,273188.61,6.38,267072.52,6.59,342590.89,8.46,1064182.1,8.03,745840.97,7.64,587081.56,6.88,398673.88,6.43,286171.08
398,000650.SZ,20210517,8.27,8.38,7.97,7.99,8.32,-0.33000000000000007,-3.97,797137.21,669441.459,8.58,966805.22,8.23,850575.28,7.44,512048.05,6.39,265571.65,6.37,260540.73,6.55,327408.17,8.38,976982.08,7.95,696972.26,7.56,552056.78,6.82,380966.83,6.41,278557.05
399,000650.SZ,20210514,8.81,8.84,8.26,8.32,8.81,-0.4900000000000002,-5.56,872420.44,760780.124,8.58,966809.48,8.2,827008.45,7.41,497821.61,6.38,261490.68,6.36,256887.93,6.52,318363.97,8.38,952220.8,7.9,676117.43,7.51,533838.04,6.78,371641.38,6.4,274586.98
400,000650.SZ,20210513,8.89,9.03,8.61,8.81,9.02,-0.20999999999999908,-2.33,765794.18,699615.678,8.46,1087550.69,8.15,797446.43,7.36,483404.98,6.36,256885.34,6.34,252791.33,6.49,308681.89,8.31,894757.45,7.82,639709.81,7.45,510673.55,6.73,359740.4,6.38,269307.79
401,000650.SZ,20210512,8.79,9.1,8.52,9.02,8.78,0.2400000000000002,2.73,1051910.59,959620.692,8.37,1162511.84,8.06,776602.78,7.3,482785.82,6.35,252360.72,6.33,248939.96,6.45,300860.68,8.19,862212.68,7.72,609894.92,7.38,491118.76,6.67,347787.4,6.36,265616.35
402,000650.SZ,20210511,7.95,8.78,7.88,8.78,7.97,0.8099999999999996,10.16,1346763.68,1184575.952,8.33,1186511.81,7.93,719283.59,7.23,474848.46,6.32,245547.63,6.31,243798.7,6.41,289131.33,8.04,806098.47,7.61,567309.93,7.3,464079.05,6.61,332681.94,6.34,258198.21
403,000650.SZ,20210510,7.64,8.14,7.62,7.97,7.71,0.2599999999999998,3.37,797158.53,653945.68,8.17,987158.95,7.81,639554.88,7.15,441152.15,6.3,236665.85,6.3,236714.17,6.37,274457.92,7.93,720233.51,7.52,513851.73,7.23,429634.86,6.55,311427.55,6.32,249182.82
404,000650.SZ,20210507,8.38,8.46,7.54,7.71,8.38,-0.6700000000000008,-8.0,1476126.45,1177630.307,8.17,937632.12,7.77,620279.63,7.1,421173.95,6.29,231992.55,6.29,232765.36,6.34,264918.04,7.9,690000.33,7.47,491550.6,7.19,415804.74,6.51,299120.5,6.31,246058.41
405,000650.SZ,20210506,8.88,9.12,8.29,8.38,8.81,-0.4299999999999997,-4.88,1140599.94,1024549.104,8.16,701964.21,7.72,525548.78,7.05,382548.2,6.28,222934.67,6.28,224867.97,6.31,247551.97,7.86,573063.8,7.43,439296.37,7.16,391425.29,6.47,275888.63,6.3,234848.09
406,000650.SZ,20210430,7.92,8.81,7.91,8.81,8.0,0.8100000000000005,10.13,1171910.45,1039878.511,8.0,561913.52,7.62,467044.21,6.98,357084.7,6.26,216864.27,6.27,219042.13,6.27,234266.13,7.75,490032.85,7.35,396620.64,7.1,379473.3,6.42,259229.37,6.28,226853.08
407,000650.SZ,20210429,7.91,8.08,7.85,8.0,7.96,0.040000000000000036,0.5,349999.36,288747.533,7.75,425685.12,7.46,387994.79,6.9,324168.34,6.25,209836.45,6.25,213437.81,6.24,220893.07,7.61,427499.84,7.23,348531.29,7.01,347112.6,6.37,241730.53,6.25,218250.05
408,000650.SZ,20210428,7.75,7.99,7.58,7.96,7.65,0.3099999999999996,4.05,549524.4,447757.422,7.69,453308.08,7.37,374109.95,6.83,315976.26,6.23,208495.62,6.24,212932.2,6.21,218005.33,7.52,416962.44,7.15,339594.12,6.95,339375.93,6.32,237069.72,6.24,216293.4
409,000650.SZ,20210427,7.59,7.7,7.41,7.65,7.58,0.07000000000000028,0.92,297786.89,233226.382,7.63,442368.54,7.28,347239.68,6.77,303034.68,6.22,205360.44,6.23,211229.02,6.18,212564.52,7.43,400014.05,7.08,324646.66,6.88,326486.83,6.28,229131.62,6.22,213247.87
410,000650.SZ,20210426,7.49,7.67,7.43,7.58,7.56,0.020000000000000462,0.26,440346.52,343491.077,7.56,444163.38,7.22,345686.81,6.72,298502.26,6.21,204019.13,6.23,210405.9,6.16,210292.18,7.34,384662.17,7.02,318631.61,6.83,325721.96,6.25,226338.78,6.21,212293.28
411,000650.SZ,20210423,7.83,7.88,7.46,7.56,7.72,-0.16000000000000014,-2.07,490768.44,386116.417,7.5,418152.18,7.17,338824.47,6.67,288933.13,6.2,202157.01,6.22,208720.49,6.13,205898.29,7.26,357577.15,6.97,305571.81,6.78,312802.22,6.22,221490.28,6.2,210577.38
412,000650.SZ,20210422,7.65,7.95,7.54,7.72,7.63,0.08999999999999986,1.18,488114.13,390879.87,7.47,429314.55,7.13,334230.1,6.62,279594.22,6.19,199486.89,6.21,207498.08,6.11,200367.31,7.19,328521.4,6.92,293069.34,6.72,298825.55,6.19,215401.17,6.19,208230.41
413,000650.SZ,20210421,7.26,7.71,7.22,7.63,7.32,0.3099999999999996,4.23,494826.71,385481.519,7.34,380616.8,7.05,318766.35,6.57,268350.76,6.18,196924.65,6.21,206581.05,6.09,194918.03,7.11,307469.94,6.88,284335.54,6.66,286205.44,6.15,208654.19,6.18,204988.63
414,000650.SZ,20210420,7.3,7.51,7.24,7.32,7.29,0.03000000000000025,0.41,306761.12,234207.16,7.23,357659.56,6.96,296866.11,6.52,256388.0,6.17,194485.25,6.2,205636.58,6.06,191605.69,7.03,293100.88,6.83,278706.95,6.6,274500.7,6.12,202387.46,6.17,202085.17
415,000650.SZ,20210419,7.48,7.48,7.23,7.29,7.38,-0.08999999999999986,-1.22,310290.51,235632.966,7.12,325160.95,6.89,286442.64,6.48,251072.67,6.16,193608.42,6.19,205500.39,6.04,188468.29,7.0,305528.94,6.81,300606.04,6.55,268108.53,6.1,199712.51,6.16,200563.44
416,000650.SZ,20210416,7.09,7.51,7.01,7.38,7.09,0.29000000000000004,4.09,546580.3,414836.906,7.02,297002.12,6.83,281849.15,6.45,250165.93,6.15,193509.65,6.19,205854.81,6.03,187257.14,6.94,303208.42,6.77,324193.52,6.51,263540.37,6.07,197527.72,6.15,199055.82
417,000650.SZ,20210415,7.05,7.2,6.96,7.09,7.07,0.019999999999999574,0.28,244625.38,178769.249,6.91,227728.25,6.77,253457.26,6.4,237153.65,6.15,192299.44,6.18,204644.34,6.01,183117.9,6.84,269562.75,6.71,306918.97,6.46,248848.9,6.05,191288.2,6.14,195713.02
418,000650.SZ,20210414,6.79,7.12,6.79,7.07,6.76,0.3100000000000005,4.59,380040.51,276382.102,6.87,234323.08,6.73,248420.73,6.36,233466.54,6.14,193169.04,6.18,205943.76,6.0,183271.16,6.79,262225.81,6.66,300582.68,6.42,243631.16,6.02,191315.42,6.14,194897.23
419,000650.SZ,20210413,6.8,6.86,6.73,6.76,6.8,-0.040000000000000036,-0.59,144268.05,101477.573,6.84,228542.19,6.69,237703.7,6.32,226522.06,6.14,194317.98,6.18,206861.92,5.99,179835.73,6.72,249279.28,6.61,289723.22,6.39,235164.47,6.0,186342.53,6.13,194872.57
420,000650.SZ,20210412,6.79,6.93,6.77,6.8,6.81,-0.009999999999999787,-0.15,169496.35,119930.999,6.88,285896.92,6.69,250716.78,6.3,226685.84,6.14,196482.39,6.18,208464.82,5.98,179650.56,6.71,252601.05,6.58,296251.85,6.36,239670.91,5.98,186832.59,6.13,195797.25
421,000650.SZ,20210409,6.9,6.96,6.75,6.81,6.9,-0.09000000000000075,-1.3,200210.95,141291.88,6.86,309414.73,6.68,267082.83,6.27,229507.27,6.14,202213.74,6.18,209969.96,5.98,179526.26,6.69,253566.46,6.53,290414.75,6.33,237493.13,5.97,186410.34,6.12,195699.25
422,000650.SZ,20210408,6.86,7.1,6.82,6.9,6.91,-0.009999999999999787,-0.14,277599.55,199906.08,6.78,311397.25,6.69,308969.91,6.23,228139.38,6.13,201943.02,6.17,210373.18,5.97,178591.82,6.66,257617.27,6.49,283977.62,6.29,234794.88,5.95,185889.01,6.12,195073.8
423,000650.SZ,20210407,6.99,7.12,6.86,6.91,6.98,-0.07000000000000028,-1.0,351136.07,252676.817,6.7,290128.53,6.66,347773.03,6.19,223158.02,6.13,200835.57,6.17,209833.93,5.96,175899.35,6.65,261201.13,6.43,275573.19,6.26,230339.17,5.93,183486.0,6.11,194506.12
424,000650.SZ,20210406,6.67,7.08,6.61,6.98,6.69,0.29000000000000004,4.33,431041.68,306432.901,6.61,270016.36,6.6,336230.97,6.15,217523.92,6.12,199645.84,6.17,209053.3,5.95,173137.51,6.63,264313.02,6.38,265200.61,6.22,223629.18,5.92,179991.46,6.1,193323.75
425,000650.SZ,20210402,6.46,6.71,6.37,6.69,6.43,0.2600000000000007,4.04,287085.39,195510.989,6.53,219305.18,6.54,312143.11,6.11,211834.76,6.12,197903.15,6.16,208808.07,5.94,169333.31,6.62,295683.15,6.33,249398.33,6.18,218108.63,5.9,174930.12,6.1,190683.8
426,000650.SZ,20210401,6.51,6.57,6.35,6.43,6.51,-0.08000000000000007,-1.23,210123.55,139330.294,6.51,197718.2,6.49,302586.64,6.07,208048.77,6.12,196707.51,6.16,209471.07,5.94,166410.85,6.6,345178.63,6.29,243706.34,6.15,213662.54,5.89,171992.11,6.09,188881.64
427,000650.SZ,20210331,6.52,6.62,6.44,6.51,6.45,0.05999999999999961,0.93,171255.98,115507.173,6.54,203837.29,6.46,307564.89,6.03,203298.48,6.11,196519.41,6.16,210281.69,5.93,165118.53,6.57,344275.2,6.27,238491.98,6.12,210266.2,5.88,169755.8,6.09,187695.51
428,000650.SZ,20210330,6.52,6.54,6.28,6.45,6.58,-0.1299999999999999,-1.98,250575.19,166033.014,6.59,232273.73,6.42,298449.38,6.0,202543.4,6.11,196368.18,6.16,211614.41,5.93,164716.22,6.53,338939.55,6.24,234333.84,6.08,209876.89,5.86,168225.17,6.08,187303.41
429,000650.SZ,20210329,6.58,6.61,6.48,6.58,6.59,-0.009999999999999787,-0.15,177485.78,120005.707,6.64,258609.68,6.37,284671.92,5.97,197276.49,6.11,195529.52,6.16,212730.39,5.93,163753.24,6.5,330167.15,6.22,228107.06,6.06,209444.72,5.85,168155.6,6.08,186646.87
430,000650.SZ,20210326,6.67,6.79,6.55,6.59,6.59,0.0,0.0,179150.48,122688.247,6.7,372061.12,6.31,279443.09,5.93,193783.84,6.11,195279.41,6.16,213839.85,5.93,163342.08,6.45,339902.66,6.19,233205.85,6.01,208807.25,5.84,166388.44,6.08,187388.34
431,000650.SZ,20210325,6.67,6.74,6.52,6.59,6.72,-0.1299999999999999,-1.93,240719.02,164861.825,6.68,492639.06,6.26,276714.93,5.9,190932.76,6.11,195118.86,6.16,216502.13,5.93,163798.48,6.38,327263.04,6.15,229456.46,5.97,204456.03,5.83,167060.17,6.07,187227.97
432,000650.SZ,20210324,6.73,6.86,6.61,6.72,6.73,-0.010000000000000675,-0.15,313438.19,218824.746,6.59,484713.11,6.21,267043.93,5.87,188001.16,6.11,195008.17,6.16,220291.06,5.92,162184.7,6.31,310337.97,6.11,223383.68,5.93,201284.83,5.83,166983.81,6.07,186529.64
433,000650.SZ,20210323,6.85,6.98,6.67,6.73,6.89,-0.15999999999999925,-2.32,382254.93,267387.747,6.48,445605.37,6.15,256259.9,5.83,182370.04,6.11,194668.68,6.16,225430.76,5.92,159476.57,6.22,289945.24,6.06,214908.2,5.88,193220.24,5.82,166028.51,6.06,184734.8
434,000650.SZ,20210322,6.47,6.95,6.47,6.89,6.46,0.4299999999999997,6.66,744742.96,527803.577,6.36,401724.63,6.09,234996.93,5.79,173196.39,6.1,193831.41,6.17,230588.46,5.91,156056.73,6.13,266088.2,6.02,203287.27,5.84,182436.27,5.81,161697.31,6.06,182421.34
435,000650.SZ,20210319,6.13,6.71,6.13,6.46,6.17,0.29000000000000004,4.7,782040.18,526028.616,6.2,307744.2,6.02,184485.4,5.75,153446.25,6.1,189761.53,6.17,238742.54,5.91,147846.22,6.04,203113.51,5.97,179321.37,5.79,160351.96,5.8,151457.94,6.05,177650.15
436,000650.SZ,20210318,6.12,6.39,6.1,6.17,6.15,0.019999999999999574,0.33,201089.29,129908.552,6.08,161887.03,5.98,134023.83,5.72,134274.98,6.1,185410.64,6.17,238802.18,5.91,139423.75,5.99,142234.06,5.92,147904.5,5.75,138985.44,5.8,141093.49,6.05,172018.74
437,000650.SZ,20210317,6.11,6.2,6.06,6.15,6.12,0.03000000000000025,0.49,117899.47,74641.785,6.03,135962.84,5.97,140052.45,5.7,132755.77,6.1,185987.66,6.17,241102.45,5.91,141175.56,5.97,132708.77,5.89,143261.7,5.73,136348.46,5.8,139910.81,6.05,171335.93
438,000650.SZ,20210316,6.09,6.18,6.01,6.12,6.08,0.040000000000000036,0.66,162851.24,102808.378,5.96,134285.12,5.95,138995.78,5.69,132977.02,6.1,187482.36,6.18,244943.04,5.92,143869.21,5.95,129728.12,5.86,145345.56,5.7,134763.51,5.8,139206.89,6.05,171549.71
439,000650.SZ,20210315,5.86,6.16,5.82,6.08,5.88,0.20000000000000018,3.4,274840.82,171684.294,5.91,130451.77,5.92,135642.88,5.68,130637.14,6.11,188679.31,6.18,246882.67,5.92,145315.7,5.94,126046.98,5.83,149083.5,5.68,131776.41,5.81,138892.67,6.05,171696.76
440,000650.SZ,20210312,5.9,5.91,5.84,5.88,5.9,-0.020000000000000462,-0.34,52754.33,32038.061,5.88,98482.81,5.9,125572.69,5.67,126048.36,6.11,188741.14,6.18,247371.0,5.93,146364.24,5.93,126509.03,5.79,143259.55,5.66,126955.61,5.81,136740.76,6.05,171873.65
441,000650.SZ,20210311,5.78,5.91,5.76,5.9,5.8,0.10000000000000053,1.72,71468.33,43324.164,5.9,122581.08,5.89,133040.54,5.67,128798.66,6.11,190945.54,6.18,248659.53,5.94,154705.25,5.92,131649.87,5.76,143052.52,5.66,130178.34,5.82,136993.21,6.06,174536.62
442,000650.SZ,20210310,5.92,5.93,5.78,5.8,5.88,-0.08000000000000007,-1.36,109510.89,65920.077,5.9,129454.69,5.89,147960.29,5.67,131967.33,6.12,192824.3,6.18,249608.62,5.95,168073.55,5.91,136429.39,5.74,146758.27,5.65,131976.8,5.82,137688.73,6.06,177023.11
443,000650.SZ,20210309,5.93,6.03,5.8,5.88,5.94,-0.0600000000000005,-1.01,143684.5,87849.608,5.94,125171.13,5.88,151359.66,5.67,133811.4,6.12,195287.61,6.18,249826.07,5.96,170724.29,5.91,139871.15,5.71,144857.73,5.65,131102.95,5.83,138214.93,6.07,180656.26
444,000650.SZ,20210308,6.0,6.08,5.93,5.94,5.98,-0.040000000000000036,-0.67,114996.01,71547.042,5.96,121642.18,5.85,148632.65,5.67,136828.27,6.13,198006.53,6.18,249711.14,5.97,173084.88,5.91,140486.34,5.69,140610.3,5.65,130274.21,5.84,138792.71,6.07,183258.41
445,000650.SZ,20210305,5.91,6.01,5.83,5.98,5.92,0.0600000000000005,1.01,173245.69,106083.098,5.98,154535.25,5.82,152061.92,5.66,135848.02,6.13,200091.0,6.17,249696.71,5.98,174737.17,5.89,155529.23,5.66,138971.19,5.64,131316.49,5.84,139320.25,6.08,190590.2
446,000650.SZ,20210304,5.93,6.03,5.91,5.92,6.0,-0.08000000000000007,-1.33,105836.38,65256.359,5.95,140718.66,5.79,157013.04,5.65,135860.54,6.14,201831.41,6.17,249560.26,5.99,176731.51,5.86,153574.93,5.64,137361.13,5.64,131515.07,5.85,139989.17,6.08,190490.04
447,000650.SZ,20210303,5.98,6.04,5.93,6.0,5.98,0.019999999999999574,0.33,88093.05,54606.112,5.91,143404.09,5.73,161053.46,5.64,136987.75,6.14,202960.01,6.17,249968.57,5.99,177476.81,5.82,153814.64,5.61,138168.31,5.63,133727.5,5.86,140219.98,6.09,190592.47
448,000650.SZ,20210302,6.04,6.09,5.93,5.98,6.04,-0.05999999999999961,-0.99,126039.75,78141.104,5.88,154571.17,5.68,158016.59,5.64,139365.34,6.14,203643.15,6.17,250760.29,6.0,179834.46,5.77,160962.99,5.58,137281.21,5.63,138999.67,5.87,140590.58,6.09,191356.82
449,000650.SZ,20210301,5.79,6.14,5.79,6.04,5.8,0.2400000000000002,4.14,279461.4,174164.245,5.85,159330.49,5.63,159519.93,5.64,139582.39,6.14,204290.17,6.17,251785.43,6.0,183783.65,5.73,172120.03,5.56,134641.12,5.62,137520.59,5.87,140586.03,6.09,191807.27
450,000650.SZ,20210226,5.68,5.81,5.67,5.8,5.74,0.05999999999999961,1.05,104162.74,62178.839,5.8,156523.21,5.58,143522.91,5.64,135523.63,6.14,205055.0,6.17,253251.61,6.0,181802.68,5.65,160010.07,5.53,127178.9,5.6,133994.26,5.88,138077.59,6.09,190436.03
451,000650.SZ,20210225,5.84,5.88,5.73,5.74,5.83,-0.08999999999999986,-1.54,119263.5,71264.616,5.77,166431.2,5.55,140028.54,5.64,136205.93,6.15,207103.41,6.17,253762.47,6.01,182829.83,5.6,154455.17,5.52,129442.58,5.6,135327.56,5.89,138847.45,6.09,191093.32
452,000650.SZ,20210224,5.82,5.93,5.78,5.83,5.82,0.009999999999999787,0.17,143928.45,87143.547,5.73,164225.19,5.53,137178.55,5.64,135957.14,6.15,208685.73,6.17,255094.77,6.02,183100.26,5.56,157087.14,5.53,129750.5,5.61,136983.14,5.9,142400.98,6.1,191345.11
453,000650.SZ,20210223,5.8,5.88,5.74,5.82,5.81,0.010000000000000675,0.17,149836.38,90223.403,5.66,167354.81,5.49,136956.71,5.64,133957.63,6.16,210439.6,6.17,255410.31,6.02,182717.24,5.51,149844.32,5.52,126718.85,5.61,136632.83,5.91,145334.22,6.1,191227.45
454,000650.SZ,20210222,5.67,5.88,5.63,5.81,5.65,0.15999999999999925,2.83,265424.98,158822.488,5.62,184909.56,5.46,134813.92,5.64,131886.51,6.17,212448.9,6.17,255752.79,6.02,183173.57,5.47,140734.27,5.52,125168.15,5.61,136353.74,5.93,147359.26,6.11,191157.72
455,000650.SZ,20210219,5.57,5.68,5.48,5.65,5.53,0.1200000000000001,2.17,153702.71,89061.159,5.5,163496.93,5.43,119808.23,5.64,131326.99,6.17,213140.28,6.17,256294.18,6.03,182077.71,5.44,122413.14,5.52,119210.11,5.62,131751.61,5.94,148826.87,6.11,190246.11
456,000650.SZ,20210218,5.57,5.59,5.49,5.53,5.51,0.020000000000000462,0.36,108233.44,61986.13,5.43,142479.14,5.42,113618.64,5.65,128907.97,6.17,216441.49,6.17,256080.79,6.04,183154.19,5.41,121147.32,5.53,120485.14,5.63,130321.68,5.96,157570.65,6.12,190838.42
457,000650.SZ,20210210,5.59,5.68,5.48,5.51,5.59,-0.08000000000000007,-1.43,159576.53,91973.486,5.4,149949.09,5.42,115309.68,5.67,132179.16,6.18,221808.26,6.17,256037.18,6.05,184499.5,5.4,122521.98,5.54,123683.93,5.63,129245.4,5.98,173668.28,6.13,192141.07
458,000650.SZ,20210209,5.2,5.64,5.17,5.59,5.2,0.3899999999999997,7.5,237610.16,133285.552,5.36,132333.83,5.43,114529.66,5.69,134430.96,6.19,228908.76,6.17,255710.91,6.06,183693.15,5.39,113599.43,5.55,128018.01,5.64,126573.46,6.0,176147.27,6.13,192992.0
459,000650.SZ,20210208,5.33,5.34,5.16,5.2,5.32,-0.1200000000000001,-2.26,158361.83,85420.494,5.33,96558.97,5.44,105899.8,5.71,134975.37,6.21,235966.36,6.17,255124.59,6.07,182477.17,5.38,97162.21,5.56,120220.87,5.65,126866.49,6.01,177532.58,6.14,192334.25
460,000650.SZ,20210205,5.36,5.4,5.31,5.32,5.38,-0.05999999999999961,-1.12,48613.75,26867.4,5.38,81329.35,5.49,100125.46,5.74,133917.17,6.22,249608.18,6.18,255866.05,6.08,182021.07,5.42,94347.73,5.58,120986.36,5.68,123969.63,6.03,178875.18,6.15,192310.5
461,000650.SZ,20210204,5.31,5.4,5.14,5.38,5.32,0.05999999999999961,1.13,145583.16,79508.227,5.4,99815.49,5.52,105526.12,5.77,136322.07,6.23,254771.41,6.18,256353.53,6.09,183097.9,5.45,104429.98,5.6,125763.75,5.7,129664.3,6.05,183445.3,6.16,194273.55
462,000650.SZ,20210203,5.42,5.44,5.32,5.32,5.42,-0.09999999999999964,-1.85,71500.25,39611.003,5.39,95094.88,5.56,105578.52,5.79,136751.2,6.24,257856.49,6.18,256547.67,6.11,183096.05,5.49,102413.87,5.63,126931.15,5.73,132682.79,6.07,183714.48,6.17,195836.5
463,000650.SZ,20210202,5.43,5.48,5.41,5.42,5.45,-0.03000000000000025,-0.55,58735.85,33046.886,5.42,94865.03,5.59,113863.35,5.82,138475.55,6.25,262686.06,6.18,256649.08,6.12,184099.11,5.53,103593.38,5.66,130027.09,5.76,138836.78,6.09,186938.09,6.18,198034.1
464,000650.SZ,20210201,5.4,5.47,5.35,5.45,5.41,0.040000000000000036,0.74,82213.72,45957.635,5.44,97765.46,5.62,122592.08,5.85,138973.45,6.25,265685.46,6.18,256895.85,6.13,188343.73,5.57,109602.04,5.69,134163.48,5.79,140958.36,6.1,192996.31,6.19,199909.16
465,000650.SZ,20210129,5.36,5.5,5.27,5.41,5.35,0.0600000000000005,1.12,141044.48,78614.39,5.45,107366.11,5.65,135210.89,5.87,140790.64,6.26,267596.25,6.18,256961.78,6.15,190650.6,5.61,116007.09,5.71,136420.85,5.81,142563.91,6.12,193807.56,6.19,202308.95
466,000650.SZ,20210128,5.41,5.46,5.31,5.35,5.46,-0.11000000000000032,-2.01,121980.1,67818.691,5.5,109044.47,5.67,130643.41,5.9,140928.34,6.26,268495.37,6.18,257223.84,6.15,190873.17,5.65,119822.95,5.73,134908.86,5.85,143201.55,6.13,194476.8,6.2,203983.67
467,000650.SZ,20210127,5.51,5.51,5.45,5.46,5.51,-0.04999999999999982,-0.91,70351.01,39843.618,5.58,109732.86,5.69,134619.68,5.92,139337.78,6.26,269258.45,6.18,257050.81,6.17,190915.52,5.69,124845.87,5.75,132607.11,5.88,143473.15,6.14,194769.57,6.21,206835.73
468,000650.SZ,20210126,5.53,5.57,5.48,5.51,5.53,-0.020000000000000462,-0.36,73237.98,41800.442,5.64,112321.73,5.71,140297.41,5.94,140598.02,6.27,269785.6,6.18,257852.17,6.18,192770.54,5.72,142436.59,5.77,133060.48,5.9,143650.26,6.16,195517.07,6.23,210709.55
469,000650.SZ,20210125,5.66,5.66,5.51,5.53,5.65,-0.1200000000000001,-2.12,130217.0,74912.431,5.7,121438.61,5.75,147658.43,5.97,142593.47,6.27,270139.92,6.18,258220.36,6.19,194584.06,5.73,143279.52,5.79,141718.63,5.93,146008.93,6.17,197364.13,6.23,213558.89
470,000650.SZ,20210122,5.76,5.77,5.59,5.65,5.77,-0.11999999999999922,-2.08,149436.25,87597.215,5.76,124648.06,5.78,147904.75,5.99,144009.19,6.27,270017.29,6.18,258378.26,6.19,194371.14,5.74,147624.98,5.81,138780.58,5.96,146525.92,6.18,198247.78,6.24,216005.95
471,000650.SZ,20210121,5.74,5.82,5.73,5.77,5.76,0.009999999999999787,0.17,125422.06,74965.532,5.79,130601.44,5.8,147291.47,6.01,143927.2,6.27,270022.49,6.18,258158.8,6.2,193323.01,5.76,147097.51,5.83,142281.47,5.97,143808.08,6.19,199664.48,6.25,216996.94
472,000650.SZ,20210120,5.79,5.8,5.75,5.76,5.81,-0.04999999999999982,-0.86,83295.38,49699.046,5.79,139958.88,5.8,147440.62,6.03,146514.21,6.27,270365.67,6.18,258416.47,6.2,192554.55,5.77,151448.42,5.85,147817.25,5.99,143400.65,6.2,201059.64,6.25,217505.64
473,000650.SZ,20210119,5.78,5.87,5.76,5.81,5.8,0.009999999999999787,0.17,118822.37,71523.692,5.79,172551.45,5.82,149556.72,6.05,147584.5,6.27,271328.17,6.18,258701.23,6.2,193099.99,5.79,156460.8,5.88,156458.48,6.0,145326.91,6.2,201323.06,6.26,218638.26
474,000650.SZ,20210118,5.8,5.83,5.74,5.8,5.81,-0.009999999999999787,-0.17,146264.25,87628.657,5.76,165120.43,5.82,146258.47,6.07,147334.7,6.27,272581.41,6.18,258946.56,6.21,193806.24,5.8,158724.93,5.9,156636.53,6.02,147311.22,6.21,201782.88,6.26,220894.72
475,000650.SZ,20210115,5.84,5.95,5.73,5.81,5.76,0.04999999999999982,0.87,179203.13,108086.356,5.72,170601.9,5.82,141116.48,6.09,146731.82,6.27,275227.11,6.18,258800.36,6.21,195408.88,5.81,156834.61,5.92,155842.32,6.04,147324.02,6.22,201414.38,6.27,223001.96
476,000650.SZ,20210114,5.77,5.91,5.73,5.76,5.77,-0.009999999999999787,-0.17,172209.25,103349.499,5.72,163593.59,5.82,146285.55,6.1,145253.94,6.27,275305.55,6.18,258492.64,6.22,195151.57,5.82,149994.76,5.95,154890.84,6.07,148463.27,6.23,200583.92,6.27,224401.25
477,000650.SZ,20210113,5.68,5.93,5.58,5.77,5.67,0.09999999999999964,1.76,246258.26,146043.259,5.76,162937.97,5.83,138535.3,6.12,144611.15,6.28,276501.47,6.18,258446.9,6.22,194947.72,5.82,140368.35,5.97,152786.79,6.09,146712.47,6.24,200137.85,6.28,226270.22
478,000650.SZ,20210112,5.61,5.7,5.59,5.67,5.61,0.05999999999999961,1.07,81667.28,47773.846,5.79,140370.15,5.85,136473.43,6.14,147146.94,6.27,276161.17,6.18,257887.17,6.23,192971.71,5.83,123684.36,6.0,144257.1,6.11,142181.5,6.25,198479.04,6.29,227877.87
479,000650.SZ,20210111,5.78,5.8,5.61,5.61,5.81,-0.1999999999999993,-3.44,173671.58,102156.526,5.84,152329.43,5.89,148355.78,6.17,154154.47,6.28,277036.5,6.18,258203.42,6.23,193278.0,5.84,140157.73,6.03,147373.64,6.13,143651.47,6.26,203402.62,6.29,230238.84
480,000650.SZ,20210108,5.87,5.91,5.72,5.81,5.94,-0.13000000000000078,-2.19,144161.57,86748.685,5.89,143067.32,5.94,154697.96,6.2,157027.02,6.28,278309.06,6.19,258232.31,6.24,193258.39,5.88,129936.18,6.06,145976.39,6.16,142160.92,6.27,204761.91,6.3,234033.88
481,000650.SZ,20210107,5.93,6.06,5.91,5.94,5.93,0.010000000000000675,0.17,168931.17,104387.393,5.91,136395.93,5.98,153022.71,6.22,163183.49,6.28,278124.88,6.19,258404.04,6.24,192753.17,5.89,137465.42,6.08,142163.37,6.17,142367.34,6.28,204988.17,6.31,240174.6
482,000650.SZ,20210106,5.89,5.96,5.87,5.93,5.9,0.02999999999999936,0.51,133419.17,81822.461,5.89,117798.72,6.0,150057.25,6.24,178165.81,6.27,277652.19,6.18,258652.27,6.25,192089.46,5.92,144186.08,6.1,139376.77,6.19,147818.81,6.28,204258.59,6.31,248617.24
483,000650.SZ,20210105,5.87,5.94,5.82,5.9,5.89,0.010000000000000675,0.17,141463.64,85900.088,5.86,106998.56,6.03,152115.27,6.27,205832.62,6.27,277450.93,6.18,259537.42,6.25,192224.58,5.96,156456.16,6.11,139759.96,6.22,154035.61,6.29,205526.23,6.33,257954.63
484,000650.SZ,20210104,5.88,5.92,5.82,5.89,5.9,-0.010000000000000675,-0.17,127361.06,77237.954,5.84,127986.04,6.06,151243.32,6.29,210740.04,6.27,277430.49,6.18,260652.36,6.25,192745.03,6.0,154548.12,6.13,141604.36,6.24,158364.77,6.29,206656.04,6.34,274465.62
485,000650.SZ,20201231,5.81,5.9,5.78,5.9,5.81,0.09000000000000075,1.55,110804.59,67010.889,5.86,116805.03,6.09,147266.66,6.31,216427.34,6.27,278515.96,6.18,262100.09,6.26,194994.45,6.03,154850.04,6.16,142568.73,6.26,165902.12,6.3,206437.49,6.35,280005.28
486,000650.SZ,20201230,5.81,5.85,5.79,5.81,5.81,0.0,0.0,75945.15,45692.606,5.88,138534.91,6.13,149820.0,6.33,220195.37,6.27,278656.19,6.19,263681.76,6.26,198481.19,6.08,159786.93,6.19,147697.52,6.29,184819.63,6.3,205771.18,6.35,283997.19
487,000650.SZ,20201229,5.79,5.86,5.79,5.81,5.8,0.009999999999999787,0.17,79418.37,47818.819,5.95,170573.43,6.16,155187.8,6.35,227456.42,6.27,279367.64,6.19,264682.01,6.27,202399.89,6.12,165205.23,6.22,149884.53,6.33,218091.16,6.3,205635.22,6.36,289755.64
488,000650.SZ,20201228,5.94,5.95,5.68,5.8,5.98,-0.1800000000000006,-3.01,246401.03,147660.648,6.06,205913.76,6.19,154301.86,6.36,229877.46,6.26,279431.67,6.19,265668.43,6.29,208614.15,6.17,164829.84,6.25,151430.07,6.35,225721.08,6.3,206381.64,6.36,293182.57
489,000650.SZ,20201225,5.98,6.03,5.94,5.98,5.98,0.0,0.0,71456.0,44329.551,6.15,181110.21,6.22,144055.56,6.38,230422.05,6.26,278418.05,6.2,265784.69,6.3,211408.05,6.22,154589.55,6.28,145398.33,6.37,228198.68,6.31,205138.14,6.36,294107.29
490,000650.SZ,20201224,6.16,6.17,5.94,5.98,6.19,-0.20999999999999996,-3.39,219454.02,137531.578,6.2,192895.04,6.24,149411.49,6.39,240738.9,6.26,278570.13,6.2,268040.54,6.3,223719.44,6.25,162016.6,6.3,148273.29,6.39,233780.74,6.31,208388.24,6.36,295766.13
491,000650.SZ,20201223,6.32,6.32,6.16,6.19,6.34,-0.14999999999999947,-2.37,236137.75,151590.941,6.27,181038.94,6.27,146249.77,6.4,238134.05,6.26,278333.17,6.2,270198.59,6.31,222943.08,6.27,146861.31,6.32,144818.31,6.41,237226.29,6.31,207395.77,6.36,295869.54
492,000650.SZ,20201222,6.24,6.4,6.22,6.34,6.26,0.08000000000000007,1.28,256120.02,168142.332,6.29,159837.03,6.29,139365.97,6.4,236518.19,6.25,277337.34,6.2,274147.24,6.31,221369.61,6.27,134567.45,6.33,149635.18,6.41,234746.16,6.31,206075.47,6.36,295120.57
493,000650.SZ,20201221,6.23,6.27,6.16,6.26,6.24,0.019999999999999574,0.32,122383.24,78656.965,6.28,123745.92,6.3,136078.32,6.39,233089.55,6.25,276987.77,6.2,274733.98,6.31,220352.21,6.26,123063.76,6.34,152825.34,6.41,235039.39,6.31,203441.1,6.35,294021.74
494,000650.SZ,20201218,6.33,6.33,6.22,6.24,6.34,-0.09999999999999964,-1.58,130380.19,84432.852,6.3,128068.89,6.31,135870.78,6.39,232878.32,6.24,277078.59,6.2,275899.45,6.31,221121.69,6.27,128660.6,6.36,160273.1,6.42,245034.25,6.31,203145.36,6.35,293939.86
495,000650.SZ,20201217,6.23,6.39,6.21,6.34,6.27,0.07000000000000028,1.12,160173.51,104803.883,6.3,131138.15,6.32,134328.39,6.39,234457.17,6.24,277262.78,6.2,277389.93,6.31,220915.45,6.29,130287.42,6.38,171428.16,6.42,245051.21,6.3,203842.37,6.35,294104.9
496,000650.SZ,20201216,6.23,6.28,6.14,6.27,6.31,-0.040000000000000036,-0.63,130128.2,83576.309,6.27,112683.68,6.32,131681.69,6.38,235135.48,6.23,276930.65,6.2,279178.24,6.31,221220.31,6.31,135608.12,6.4,197335.98,6.41,245752.05,6.3,202943.99,6.34,294227.13
497,000650.SZ,20201215,6.32,6.36,6.28,6.31,6.33,-0.020000000000000462,-0.32,75664.47,49443.784,6.25,109297.87,6.33,131591.45,6.39,238203.43,6.23,277200.37,6.2,280552.33,6.31,221478.31,6.32,134563.83,6.43,244534.12,6.41,246065.98,6.3,202761.05,6.34,294991.85
498,000650.SZ,20201214,6.27,6.38,6.18,6.33,6.26,0.07000000000000028,1.12,143998.08,93789.045,6.23,122381.59,6.34,137336.83,6.39,242128.94,6.22,277587.56,6.2,282532.39,6.31,222200.23,6.33,138030.29,6.44,256166.69,6.41,247383.88,6.3,203892.54,6.33,296855.38
499,000650.SZ,20201211,6.2,6.31,6.15,6.26,6.19,0.0699999999999994,1.13,145726.48,93899.748,6.24,129252.31,6.34,151835.07,6.38,240808.41,6.22,277700.65,6.2,283104.49,6.31,222166.51,6.33,136207.12,6.45,265003.24,6.4,248719.32,6.29,204500.85,6.33,300049.1
500,000650.SZ,20201210,6.17,6.22,6.12,6.19,6.17,0.020000000000000462,0.32,67901.16,43446.739,6.28,129436.7,6.37,165234.81,6.38,240828.57,6.21,277532.8,6.2,283454.07,6.31,222303.92,6.34,134529.99,6.46,269662.81,6.4,249969.64,6.29,207006.54,6.33,300422.21
501,000650.SZ,20201209,6.22,6.27,6.17,6.17,6.22,-0.04999999999999982,-0.8,113199.18,72771.404,6.34,158532.56,6.41,180883.84,6.38,242483.07,6.21,277944.59,6.2,284279.16,6.31,224395.64,6.36,142775.3,6.48,282408.79,6.4,255520.88,6.29,212080.03,6.33,302726.55
502,000650.SZ,20201208,6.34,6.35,6.22,6.22,6.34,-0.1200000000000001,-1.89,141083.06,91724.799,6.39,159829.78,6.44,199367.09,6.39,242958.85,6.21,278300.7,6.2,284858.8,6.31,226413.66,6.38,164702.9,6.48,284835.52,6.41,258718.63,6.3,216357.5,6.32,303427.01
503,000650.SZ,20201207,6.48,6.5,6.28,6.34,6.49,-0.15000000000000036,-2.31,178351.67,117151.567,6.43,153678.99,6.47,240693.77,6.39,243087.13,6.21,278374.18,6.2,285736.48,6.32,228021.72,6.43,182586.91,6.49,291027.21,6.41,257319.2,6.31,223097.58,6.32,303982.28
504,000650.SZ,20201204,6.48,6.54,6.45,6.49,6.47,0.020000000000000462,0.31,146648.41,98564.93,6.42,143161.92,6.52,309596.79,6.39,242157.08,6.2,278073.92,6.2,287084.98,6.32,227759.44,6.46,191885.6,6.5,303221.07,6.4,256254.54,6.31,227724.11,6.31,305470.35
505,000650.SZ,20201203,6.45,6.51,6.41,6.47,6.43,0.040000000000000036,0.62,213380.49,142897.291,6.4,139623.28,6.53,322032.76,6.39,248934.53,6.2,278295.48,6.2,289642.56,6.32,227877.62,6.47,212568.9,6.48,302433.11,6.39,255504.73,6.32,241860.14,6.31,305228.61
506,000650.SZ,20201202,6.42,6.44,6.35,6.43,6.4,0.02999999999999936,0.47,119685.25,79292.498,6.38,127018.04,6.53,330290.34,6.38,250165.39,6.19,278016.34,6.19,291007.06,6.32,228821.62,6.49,259063.84,6.47,300824.01,6.39,252704.58,6.31,240990.91,6.3,304290.97
507,000650.SZ,20201201,6.31,6.41,6.3,6.4,6.33,0.07000000000000028,1.11,110329.14,72797.853,6.38,169576.03,6.53,339462.08,6.37,251284.55,6.19,278649.65,6.19,291880.76,6.32,231667.64,6.54,354504.42,6.45,301817.06,6.38,253563.22,6.31,240964.95,6.29,304163.9
508,000650.SZ,20201130,6.33,6.42,6.32,6.33,6.36,-0.03000000000000025,-0.47,125766.32,82844.833,6.43,211494.84,6.54,355807.58,6.37,251720.65,6.18,279848.82,6.19,293305.62,6.32,234666.07,6.55,374303.1,6.44,302060.67,6.38,254776.58,6.31,242123.05,6.29,304398.83
509,000650.SZ,20201127,6.38,6.42,6.29,6.36,6.37,-0.009999999999999787,-0.16,128955.18,84775.29,6.49,240609.27,6.54,358574.3,6.37,254182.75,6.18,281266.33,6.19,294996.52,6.32,236772.44,6.57,393799.37,6.43,304975.42,6.39,263153.77,6.31,243028.51,6.28,305714.69
510,000650.SZ,20201126,6.39,6.45,6.33,6.37,6.43,-0.05999999999999961,-0.93,150354.33,99474.193,6.54,285514.52,6.54,369032.9,6.36,256544.41,6.18,282954.34,6.18,296574.15,6.32,239988.88,6.58,404795.63,6.43,307689.46,6.38,267362.91,6.3,242794.47,6.28,305731.71
511,000650.SZ,20201125,6.65,6.65,6.42,6.43,6.66,-0.23000000000000043,-3.45,332475.18,223534.457,6.6,391109.64,6.54,389946.34,6.36,255482.47,6.18,284535.95,6.18,297943.29,6.32,242544.3,6.59,422042.27,6.42,311893.67,6.38,267608.99,6.3,243339.19,6.27,305965.37
512,000650.SZ,20201124,6.62,6.68,6.48,6.66,6.61,0.04999999999999982,0.76,319923.17,217775.806,6.7,539432.81,6.53,374439.71,6.34,247786.9,6.18,283928.39,6.18,298879.68,6.32,244300.99,6.58,404968.13,6.42,305726.49,6.37,260698.37,6.3,240289.24,6.26,303933.4
513,000650.SZ,20201123,6.67,6.73,6.57,6.61,6.61,0.0,0.0,271338.5,186187.616,6.68,537111.35,6.49,363768.59,6.32,240371.15,6.18,283415.9,6.18,300335.69,6.33,247171.47,6.55,399467.51,6.39,294685.35,6.36,257016.85,6.29,237120.68,6.25,302104.37
514,000650.SZ,20201120,6.65,6.69,6.54,6.61,6.67,-0.05999999999999961,-0.9,353481.41,241491.924,6.65,546989.46,6.45,353630.72,6.3,236043.67,6.17,283379.17,6.18,302407.95,6.32,249089.09,6.54,414556.55,6.37,288439.01,6.34,254947.3,6.29,234956.18,6.25,300621.18
515,000650.SZ,20201119,6.82,6.97,6.64,6.67,6.95,-0.28000000000000025,-4.03,678329.96,474537.26,6.63,524076.75,6.42,335301.49,6.29,230699.82,6.17,284068.15,6.18,303764.97,6.32,250027.52,6.5,392297.32,6.36,276972.65,6.33,246972.86,6.28,231665.35,6.24,299219.94
516,000650.SZ,20201118,6.77,7.06,6.58,6.95,6.55,0.40000000000000036,6.11,1074090.99,758632.703,6.59,452974.89,6.38,297280.83,6.27,218586.06,6.17,283414.21,6.18,303506.59,6.32,244561.19,6.45,342584.18,6.34,249524.94,6.3,226722.72,6.28,224106.19,6.23,294340.01
517,000650.SZ,20201117,6.46,6.56,6.34,6.55,6.47,0.08000000000000007,1.24,308315.91,205810.285,6.47,270503.45,6.32,228753.52,6.25,191698.25,6.17,282229.28,6.18,302902.61,6.31,232726.19,6.37,249129.7,6.31,203092.62,6.27,193179.28,6.27,210613.86,6.21,287104.09
518,000650.SZ,20201116,6.51,6.65,6.44,6.47,6.5,-0.03000000000000025,-0.46,320729.02,217139.017,6.43,261823.66,6.31,223070.64,6.24,187245.43,6.17,282555.41,6.18,310603.64,6.31,231538.11,6.33,229818.25,6.3,195013.32,6.25,187042.21,6.27,209836.72,6.21,285663.63
519,000650.SZ,20201113,6.46,6.57,6.44,6.5,6.47,0.03000000000000025,0.46,238917.87,160631.415,6.43,282123.64,6.3,214486.22,6.23,180696.28,6.17,282545.81,6.19,315147.45,6.3,232456.36,6.3,216151.48,6.29,197830.97,6.24,182077.6,6.27,207135.91,6.2,284298.42
520,000650.SZ,20201112,6.37,6.51,6.36,6.47,6.36,0.10999999999999943,1.73,322820.68,215543.863,6.36,260517.89,6.27,203731.02,6.22,176746.9,6.16,283541.33,6.19,317146.92,6.3,234592.56,6.27,210583.29,6.29,198646.55,6.23,182995.74,6.27,205745.81,6.19,283243.67
521,000650.SZ,20201111,6.38,6.38,6.26,6.36,6.36,0.0,0.0,161733.76,105687.329,6.32,232193.46,6.25,190161.1,6.2,172316.9,6.16,284510.61,6.19,318626.61,6.3,234916.52,6.26,201745.08,6.27,190392.35,6.22,177565.24,6.26,205101.81,6.18,281961.56
522,000650.SZ,20201110,6.5,6.53,6.29,6.36,6.44,-0.08000000000000007,-1.24,264916.98,175060.908,6.26,227755.95,6.24,187270.38,6.2,170685.63,6.16,285903.78,6.2,322868.55,6.31,238046.54,6.25,206484.86,6.26,188563.49,6.21,177404.78,6.27,207958.52,6.18,281708.94
523,000650.SZ,20201109,6.27,6.56,6.26,6.44,6.19,0.25,4.04,422228.93,281976.451,6.23,197812.84,6.24,176844.13,6.19,166398.43,6.16,286913.35,6.2,324854.6,6.31,240370.0,6.23,189903.19,6.26,185791.52,6.2,171842.81,6.27,209130.1,6.17,280836.99
524,000650.SZ,20201106,6.27,6.29,6.15,6.19,6.23,-0.040000000000000036,-0.64,130889.1,83937.858,6.17,150179.32,6.23,155553.03,6.18,158202.09,6.16,285652.61,6.2,326518.71,6.31,239606.73,6.21,162321.47,6.25,175142.67,6.19,161256.47,6.27,206822.02,6.17,278331.39
525,000650.SZ,20201105,6.15,6.23,6.14,6.23,6.1,0.13000000000000078,2.13,181198.52,115959.085,6.17,160648.7,6.24,156771.54,6.18,159661.15,6.16,286165.91,6.21,328645.93,6.31,246249.23,6.21,161647.99,6.24,174310.63,6.19,162633.53,6.27,210810.34,6.16,278300.64
526,000650.SZ,20201104,6.22,6.22,6.06,6.1,6.2,-0.10000000000000053,-1.61,139546.23,88192.741,6.2,171296.69,6.26,171839.5,6.18,163039.66,6.16,286347.47,6.21,332935.31,6.32,255580.56,6.22,156465.71,6.23,168792.0,6.18,160135.93,6.28,213490.54,6.16,278161.3
527,000650.SZ,20201103,6.13,6.22,6.1,6.2,6.11,0.08999999999999986,1.47,115201.44,73730.15,6.24,185213.77,6.28,180738.21,6.19,169885.66,6.16,286844.77,6.22,340303.09,6.33,269480.59,6.25,157055.55,6.22,165204.06,6.18,159456.13,6.29,218901.89,6.16,278262.29
528,000650.SZ,20201102,6.2,6.24,6.03,6.11,6.22,-0.10999999999999943,-1.77,184061.31,116253.87,6.24,181993.53,6.27,184010.16,6.2,177375.24,6.15,288054.56,6.22,344164.51,6.35,284663.31,6.26,160208.39,6.21,165654.19,6.18,160401.19,6.3,225902.02,6.15,278428.23
529,000650.SZ,20201030,6.36,6.37,6.22,6.22,6.36,-0.14000000000000057,-2.2,183235.98,119466.695,6.25,174463.61,6.28,179479.02,6.22,188005.45,6.16,289597.52,6.22,346818.31,6.36,310512.93,6.29,179510.45,6.21,165040.66,6.19,160282.39,6.3,229753.65,6.15,278382.32
530,000650.SZ,20201029,6.28,6.41,6.24,6.36,6.31,0.05000000000000071,0.79,234438.51,154286.897,6.26,162647.28,6.28,181497.61,6.23,196026.25,6.16,292345.05,6.23,349784.38,6.38,318631.38,6.3,186709.81,6.21,169201.97,6.18,164043.45,6.31,233764.13,6.15,278298.56
531,000650.SZ,20201028,6.22,6.44,6.2,6.31,6.18,0.1299999999999999,2.1,209131.6,136852.323,6.25,141634.72,6.27,179560.18,6.24,218390.12,6.16,293800.21,6.23,351911.28,6.38,323369.99,6.28,179039.63,6.2,165475.32,6.19,168639.17,6.31,234329.39,6.14,278102.26
532,000650.SZ,20201027,6.17,6.24,6.15,6.18,6.19,-0.010000000000000675,-0.16,99100.25,63547.694,6.25,128897.33,6.26,172261.46,6.24,216981.16,6.15,294204.44,6.23,354227.02,6.38,330807.68,6.27,170642.12,6.19,162864.74,6.2,173996.36,6.31,233951.63,6.14,278717.91
533,000650.SZ,20201026,6.16,6.22,6.09,6.19,6.25,-0.05999999999999961,-0.96,146411.73,93372.522,6.29,138423.24,6.24,170086.51,6.24,217540.79,6.15,295954.64,6.24,357065.59,6.38,336028.34,6.28,181679.86,6.19,162812.62,6.21,188875.97,6.31,235953.46,6.14,280641.14
534,000650.SZ,20201023,6.29,6.32,6.23,6.25,6.31,-0.05999999999999961,-0.95,124154.3,80618.902,6.33,184557.29,6.22,164038.5,6.24,218523.24,6.15,297795.73,6.24,360139.1,6.37,338841.08,6.29,187963.87,6.18,160723.98,6.22,199193.68,6.31,240006.56,6.14,282521.28
535,000650.SZ,20201022,6.29,6.37,6.28,6.31,6.34,-0.03000000000000025,-0.47,129375.73,84646.779,6.35,210772.33,6.2,164042.32,6.24,220168.53,6.15,299680.59,6.24,363394.3,6.37,340792.59,6.27,186973.27,6.17,163126.3,6.24,228215.54,6.31,244589.54,6.14,284637.54
536,000650.SZ,20201021,6.36,6.45,6.26,6.34,6.34,0.0,0.0,145444.64,95590.62,6.31,216444.54,6.18,167305.0,6.24,219743.14,6.15,301433.12,6.25,366709.6,6.36,342159.09,6.23,181118.29,6.16,161971.04,6.24,229277.25,6.32,248218.58,6.14,285600.97
537,000650.SZ,20201020,6.38,6.38,6.24,6.34,6.42,-0.08000000000000007,-1.25,146729.81,95762.989,6.29,212386.9,6.17,176614.04,6.24,220848.82,6.14,303830.9,6.25,371536.5,6.36,342169.97,6.19,173352.58,6.15,160656.42,6.24,228366.68,6.32,252402.59,6.14,286439.97
538,000650.SZ,20201019,6.35,6.49,6.29,6.42,6.35,0.07000000000000028,1.1,377081.97,249805.118,6.27,224936.47,6.16,177627.56,6.23,220929.65,6.14,306742.42,6.26,378246.0,6.35,341870.38,6.16,171100.0,6.15,160497.6,6.23,229469.53,6.32,257276.7,6.14,287434.29
539,000650.SZ,20201016,6.1,6.35,6.08,6.35,6.1,0.25,4.1,255229.51,164802.824,6.24,191370.46,6.13,160692.02,6.23,213656.92,6.14,308440.12,6.27,387040.42,6.34,338343.4,6.13,150570.86,6.14,150668.35,6.23,222903.26,6.32,257075.06,6.14,288064.4
540,000650.SZ,20201015,6.21,6.24,6.08,6.1,6.22,-0.1200000000000001,-1.93,157736.75,100251.483,6.19,163174.21,6.12,148601.89,6.23,210311.02,6.15,310715.03,6.28,398769.33,6.33,336942.8,6.11,151694.13,6.12,152710.27,6.22,218226.02,6.32,263305.84,6.14,290805.52
541,000650.SZ,20201014,6.29,6.29,6.21,6.22,6.28,-0.0600000000000005,-0.96,125156.48,80886.062,6.15,145792.04,6.12,144517.45,6.24,210260.88,6.15,314027.02,6.29,410643.83,6.33,337170.85,6.12,151911.01,6.14,163438.94,6.23,219069.39,6.33,275361.04,6.14,297019.88
542,000650.SZ,20201013,6.26,6.32,6.22,6.28,6.25,0.03000000000000025,0.48,209477.65,136112.802,6.1,134318.25,6.1,148136.24,6.24,213190.99,6.16,319908.01,6.3,423483.77,6.33,338460.7,6.11,155087.36,6.16,175673.48,6.23,219880.12,6.35,292975.9,6.14,298937.57
543,000650.SZ,20201012,6.14,6.26,6.1,6.25,6.09,0.16000000000000014,2.63,209251.9,134145.827,6.04,117263.52,6.09,140197.22,6.25,214810.8,6.17,329632.41,6.3,433320.63,6.32,339658.18,6.09,143945.37,6.18,192474.02,6.23,217224.5,6.37,310383.03,6.14,299853.14
544,000650.SZ,20201009,5.99,6.13,5.98,6.09,5.93,0.16000000000000014,2.7,114248.25,71620.989,6.01,109771.27,6.09,133266.48,6.25,216353.02,6.17,335739.22,6.31,439673.37,6.32,343898.08,6.08,133484.08,6.19,204808.58,6.23,214965.07,6.39,342275.21,6.14,301294.98
545,000650.SZ,20200930,6.0,6.0,5.92,5.93,5.97,-0.040000000000000036,-0.67,70825.93,43687.095,6.04,140214.05,6.09,135520.72,6.26,217659.84,6.18,338951.58,6.31,451616.32,6.31,344914.75,6.07,139279.33,6.22,248836.68,6.24,216357.85,6.4,353573.07,6.14,304196.22
546,000650.SZ,20200929,5.98,6.02,5.95,5.97,5.97,0.0,0.0,67787.54,41976.487,6.08,158029.98,6.11,143956.97,6.28,220150.61,6.18,342438.13,6.32,462122.37,6.31,348562.7,6.09,142823.78,6.24,253356.74,6.25,221489.66,6.41,362223.21,6.15,306625.59
547,000650.SZ,20200928,6.1,6.11,5.95,5.97,6.1,-0.1299999999999999,-2.13,124204.0,77206.389,6.11,175856.46,6.13,161516.99,6.29,226515.11,6.19,348068.92,6.32,464596.88,6.31,350288.93,6.11,147960.25,6.26,255873.73,6.27,228048.45,6.42,373876.06,6.15,309479.82
548,000650.SZ,20200925,6.22,6.22,6.05,6.1,6.22,-0.1200000000000001,-1.93,171790.61,108977.292,6.14,170627.22,6.16,180602.09,6.3,232660.18,6.2,351376.94,6.32,464567.36,6.31,351402.41,6.14,149895.2,6.27,258654.29,6.29,232631.23,6.42,379983.49,6.15,310450.47
549,000650.SZ,20200924,6.11,6.26,6.09,6.22,6.14,0.08000000000000007,1.3,266462.16,170883.892,6.15,157196.89,6.2,195837.21,6.31,237466.69,6.2,355069.11,6.32,464439.98,6.3,353870.81,6.14,150765.84,6.28,259069.46,6.3,232194.22,6.42,383076.44,6.15,310725.59
550,000650.SZ,20200923,6.14,6.21,6.06,6.14,6.11,0.02999999999999936,0.49,159905.57,101354.059,6.11,138344.6,6.23,217300.77,6.32,237974.98,6.21,356624.16,6.32,463784.88,6.3,351886.51,6.14,153726.41,6.28,251491.97,6.3,228495.88,6.41,383144.02,6.15,310232.93
551,000650.SZ,20200922,6.12,6.26,6.09,6.11,6.14,-0.02999999999999936,-0.49,156919.96,100318.51,6.1,127617.59,6.26,240072.89,6.33,244159.77,6.21,361806.09,6.32,464231.38,6.29,351099.28,6.16,174966.88,6.28,252648.58,6.31,232638.38,6.41,384343.32,6.15,310660.03
552,000650.SZ,20200921,6.12,6.17,6.09,6.14,6.13,0.009999999999999787,0.16,98057.81,62212.139,6.12,120064.05,6.31,304525.99,6.34,249603.6,6.22,370332.35,6.32,464250.3,6.28,350399.51,6.21,196259.61,6.29,252276.5,6.32,238512.26,6.4,384165.66,6.15,311764.13
553,000650.SZ,20200918,6.02,6.14,6.01,6.13,6.02,0.11000000000000032,1.83,104638.97,65802.862,6.13,129163.17,6.32,309385.16,6.35,260373.3,6.22,374983.21,6.32,465100.37,6.28,350939.02,6.26,241002.67,6.3,253864.06,6.34,246417.4,6.4,384602.37,6.15,314332.37
554,000650.SZ,20200917,6.12,6.12,5.96,6.02,6.11,-0.09000000000000075,-1.47,172200.71,107320.931,6.14,144334.79,6.33,310422.73,6.37,273037.12,6.23,378649.29,6.32,465620.52,6.27,353326.09,6.3,276133.08,6.31,255705.56,6.34,252387.56,6.39,384734.36,6.15,318284.38
555,000650.SZ,20200916,6.18,6.2,6.09,6.11,6.18,-0.0699999999999994,-1.13,106270.5,67501.163,6.16,169108.22,6.35,311008.46,6.39,280182.97,6.23,382206.93,6.32,466143.18,6.27,352776.71,6.37,358394.03,6.32,254897.11,6.36,258987.16,6.39,384367.43,6.15,320549.22
556,000650.SZ,20200915,6.19,6.23,6.14,6.18,6.21,-0.03000000000000025,-0.48,119152.24,75914.876,6.22,222316.17,6.36,316687.2,6.4,289523.96,6.24,385593.13,6.32,466670.1,6.26,353738.35,6.39,363889.69,6.33,260822.6,6.37,266845.15,6.38,385510.26,6.15,321891.47
557,000650.SZ,20200914,6.19,6.24,6.15,6.21,6.18,0.03000000000000025,0.49,143553.42,91879.583,6.31,272455.17,6.37,316361.05,6.41,293912.27,6.24,388935.78,6.31,467414.72,6.25,353331.51,6.4,363787.21,6.35,268092.54,6.39,278347.66,6.38,387222.65,6.15,323824.61
558,000650.SZ,20200911,6.1,6.2,6.05,6.18,6.14,0.040000000000000036,0.65,180497.09,114291.189,6.39,352842.17,6.37,319398.31,6.41,295174.4,6.25,391958.44,6.31,467761.86,6.24,352756.65,6.4,367413.39,6.37,273999.25,6.41,291402.84,6.37,389818.23,6.15,326057.74
559,000650.SZ,20200910,6.45,6.48,6.14,6.14,6.4,-0.2600000000000007,-4.06,296067.83,192377.759,6.47,407931.37,6.37,317012.25,6.41,296313.02,6.25,395328.85,6.31,468696.21,6.24,351594.77,6.41,367373.08,6.38,272908.4,6.42,299224.92,6.37,395597.35,6.14,327850.05
560,000650.SZ,20200909,6.55,6.55,6.35,6.4,6.6,-0.1999999999999993,-3.03,372310.25,247835.998,6.57,547679.85,6.38,304223.12,6.41,299063.9,6.26,397955.34,6.31,468980.97,6.23,350118.3,6.42,349257.54,6.39,265880.61,6.43,303484.8,6.37,393837.87,6.14,328563.98
561,000650.SZ,20200908,6.72,6.75,6.46,6.6,6.64,-0.040000000000000036,-0.6,369847.27,251108.841,6.56,505463.21,6.38,286466.09,6.42,299852.8,6.26,400159.17,6.31,467756.27,6.22,346390.67,6.4,330330.29,6.39,261474.13,6.43,300019.62,6.36,393373.06,6.14,329550.77
562,000650.SZ,20200907,6.55,6.8,6.52,6.64,6.56,0.08000000000000007,1.22,545488.39,377405.511,6.49,455119.24,6.35,270018.74,6.41,299184.29,6.27,404265.73,6.3,466534.65,6.2,344203.12,6.37,308293.39,6.38,259638.59,6.42,293906.91,6.34,390496.52,6.14,331185.28
563,000650.SZ,20200904,6.51,6.66,6.47,6.56,6.67,-0.11000000000000032,-1.65,455943.11,308917.799,6.42,381984.6,6.33,245348.88,6.41,294801.84,6.27,409370.91,6.3,464067.68,6.18,338736.09,6.33,266725.46,6.37,249124.77,6.4,283030.96,6.33,384866.97,6.14,331819.13
564,000650.SZ,20200903,6.32,6.86,6.29,6.67,6.31,0.3600000000000003,5.71,994810.23,680879.323,6.36,326814.8,6.33,230626.43,6.41,294308.71,6.28,419144.5,6.3,462215.79,6.17,334748.9,6.31,235278.04,6.36,240514.8,6.39,280819.45,6.32,383216.59,6.14,332876.42
565,000650.SZ,20200902,6.28,6.33,6.25,6.31,6.28,0.02999999999999936,0.48,161227.05,104994.505,6.27,150835.22,6.32,174232.37,6.41,275784.4,6.29,427773.7,6.29,457036.73,6.16,322982.73,6.27,151400.2,6.35,209283.72,6.39,260963.54,6.3,368597.08,6.14,329875.2
566,000650.SZ,20200901,6.27,6.32,6.23,6.28,6.27,0.010000000000000675,0.16,118127.43,76709.718,6.25,155197.37,6.32,174036.46,6.41,289544.67,6.3,441685.5,6.29,457272.07,6.15,323085.93,6.28,157755.51,6.37,218322.88,6.4,267159.9,6.29,367591.02,6.15,336631.79
567,000650.SZ,20200831,6.28,6.36,6.26,6.27,6.27,0.0,0.0,179815.2,117491.743,6.25,161467.54,6.33,176912.2,6.42,311983.53,6.31,456803.41,6.29,458493.78,6.14,323263.16,6.3,172397.88,6.38,235627.88,6.41,276438.5,6.28,367362.86,6.15,349062.32
568,000650.SZ,20200828,6.22,6.27,6.15,6.27,6.24,0.02999999999999936,0.48,180094.08,115753.931,6.25,151466.31,6.34,184940.3,6.44,341460.97,6.32,468554.05,6.29,460461.2,6.13,323002.73,6.32,180585.11,6.41,253397.57,6.42,285083.88,6.27,366674.62,6.16,356635.8
569,000650.SZ,20200827,6.2,6.25,6.12,6.24,6.19,0.04999999999999982,0.81,114912.34,73571.843,6.26,143741.28,6.35,196712.8,6.47,373043.65,6.32,476212.18,6.28,460531.81,6.13,322222.24,6.34,178443.72,6.42,265150.84,6.42,291246.86,6.26,368400.87,6.17,359941.92
570,000650.SZ,20200826,6.24,6.3,6.17,6.19,6.26,-0.0699999999999994,-1.12,183037.81,118118.553,6.27,151965.17,6.37,213658.92,6.51,432098.67,6.33,490223.95,6.28,461847.9,6.12,322386.06,6.35,182503.69,6.43,280598.44,6.42,308385.66,6.25,368668.95,6.17,363758.39
571,000650.SZ,20200825,6.3,6.34,6.24,6.26,6.3,-0.040000000000000036,-0.63,149478.25,97167.929,6.31,160313.64,6.39,221405.53,6.54,450012.85,6.33,501774.71,6.28,462880.62,6.12,322138.6,6.37,192617.97,6.44,284864.28,6.44,331652.69,6.24,368591.54,6.18,369554.92
572,000650.SZ,20200824,6.32,6.34,6.23,6.3,6.32,-0.020000000000000462,-0.32,129809.09,84361.173,6.36,183328.23,6.4,238383.24,6.54,462964.49,6.33,504111.53,6.28,463177.64,6.11,322167.75,6.39,210983.8,6.44,286713.67,6.47,366071.68,6.23,367577.56,6.18,373313.93
573,000650.SZ,20200821,6.33,6.35,6.28,6.32,6.29,0.03000000000000025,0.48,141468.9,92421.803,6.4,209703.91,6.42,254706.42,6.54,481704.18,6.33,504037.97,6.27,463073.69,6.1,322238.49,6.41,231524.09,6.44,291183.71,6.5,403541.56,6.22,367088.06,6.19,378094.37
574,000650.SZ,20200820,6.33,6.37,6.28,6.29,6.36,-0.07000000000000028,-1.1,156031.8,101962.491,6.42,213146.16,6.44,279534.0,6.54,491974.21,6.32,504099.04,6.27,462835.89,6.1,322732.93,6.42,245751.57,6.43,303590.15,6.54,469585.36,6.2,366286.18,6.19,381002.04
575,000650.SZ,20200819,6.5,6.51,6.36,6.36,6.51,-0.14999999999999947,-2.3,224780.16,149312.159,6.43,213042.21,6.48,308701.47,6.53,497895.84,6.32,504097.08,6.26,462565.71,6.09,322961.64,6.43,267167.24,6.45,315745.21,6.57,490788.29,6.19,366774.52,6.2,387252.65
576,000650.SZ,20200818,6.49,6.55,6.48,6.51,6.51,0.0,0.0,264551.19,178197.634,6.43,224922.3,6.49,323346.04,6.52,499241.05,6.32,504170.57,6.26,461826.44,6.08,322776.33,6.45,278890.25,6.45,321862.09,6.57,502956.76,6.18,364573.82,6.2,396918.66
577,000650.SZ,20200817,6.39,6.55,6.38,6.51,6.41,0.09999999999999964,1.56,261687.52,175397.237,6.42,238639.36,6.49,335600.89,6.5,498279.64,6.32,503445.35,6.25,460852.97,6.07,323022.45,6.46,298857.88,6.46,328458.8,6.56,519703.67,6.16,363594.32,6.21,401112.24
578,000650.SZ,20200814,6.36,6.41,6.28,6.41,6.36,0.04999999999999982,0.79,158680.15,104212.065,6.43,253344.26,6.49,336113.75,6.48,494884.74,6.32,503306.68,6.25,459976.89,6.06,323931.78,6.49,326210.03,6.46,337333.26,6.55,527335.75,6.14,361490.55,6.21,404202.79
579,000650.SZ,20200813,6.37,6.41,6.34,6.36,6.36,0.0,0.0,155512.05,102568.269,6.42,278356.97,6.47,338251.12,6.46,493872.4,6.31,503541.84,6.25,459496.55,6.06,326776.43,6.5,351857.97,6.46,347648.43,6.54,533958.65,6.13,361460.94,6.21,408584.63
580,000650.SZ,20200812,6.45,6.48,6.26,6.36,6.46,-0.09999999999999964,-1.55,284180.61,186367.085,6.44,321292.26,6.46,343150.96,6.44,492609.04,6.31,504271.14,6.24,459193.12,6.06,329744.34,6.51,378693.18,6.46,371326.64,6.53,537792.16,6.12,360741.53,6.22,412237.74
581,000650.SZ,20200811,6.51,6.62,6.44,6.46,6.54,-0.08000000000000007,-1.22,333136.48,225591.952,6.48,332858.2,6.45,351259.97,6.42,488667.99,6.31,503654.06,6.24,458136.89,6.06,329221.76,6.52,377110.59,6.48,401170.05,6.51,536048.25,6.1,358821.3,6.22,414873.67
582,000650.SZ,20200810,6.35,6.59,6.31,6.54,6.36,0.17999999999999972,2.83,335211.99,224161.574,6.5,359076.4,6.46,356336.61,6.41,484012.23,6.31,503041.95,6.23,457308.35,6.06,328061.6,6.5,362443.54,6.5,443615.62,6.49,529819.06,6.09,355459.36,6.22,416921.01
583,000650.SZ,20200807,6.46,6.51,6.28,6.36,6.46,-0.09999999999999964,-1.55,283743.71,187122.44,6.55,399075.8,6.46,357252.45,6.39,480679.39,6.3,502118.39,6.23,456049.16,6.05,327139.43,6.47,350843.34,6.55,489550.3,6.46,522787.34,6.08,352543.88,6.23,419676.21
584,000650.SZ,20200806,6.57,6.65,6.38,6.46,6.56,-0.09999999999999964,-1.52,370188.52,248030.07,6.58,425358.96,6.48,365924.89,6.37,481136.58,6.3,502497.96,6.22,455006.41,6.05,329392.11,6.45,361428.74,6.6,581502.26,6.44,517081.16,6.07,349840.76,6.23,422930.7
585,000650.SZ,20200805,6.54,6.62,6.46,6.56,6.6,-0.040000000000000036,-0.61,342010.32,231109.439,6.59,436094.1,6.48,371231.67,6.36,485755.88,6.3,502317.43,6.22,453302.11,6.05,332245.11,6.46,364323.18,6.63,602598.82,6.42,509747.7,6.06,345790.94,6.23,425592.97
586,000650.SZ,20200804,6.75,6.8,6.56,6.6,6.76,-0.16000000000000014,-2.37,464227.44,320335.61,6.56,421362.98,6.47,372998.85,6.34,481299.66,6.29,501090.53,6.21,451955.35,6.05,339731.11,6.46,364833.93,6.63,614990.01,6.39,504175.38,6.04,342832.07,6.24,430752.82
587,000650.SZ,20200803,6.55,6.8,6.54,6.76,6.54,0.21999999999999975,3.36,535209.02,371407.557,6.49,365810.68,6.45,385679.52,6.32,477775.96,6.29,499001.4,6.21,450113.2,6.05,338278.46,6.46,358059.73,6.62,630126.56,6.37,496097.64,6.03,337622.69,6.24,437556.21
588,000650.SZ,20200731,6.45,6.58,6.34,6.54,6.5,0.040000000000000036,0.62,415159.51,278324.963,6.39,302610.89,6.45,412282.58,6.29,467836.13,6.28,496177.52,6.2,447773.8,6.04,335400.3,6.44,348456.49,6.59,627898.61,6.34,488233.62,6.01,330954.44,6.25,448623.97
589,000650.SZ,20200730,6.41,6.61,6.37,6.5,6.41,0.08999999999999986,1.4,423864.23,285001.731,6.32,297498.52,6.48,471274.0,6.26,461734.83,6.28,494287.34,6.2,446471.65,6.04,334961.81,6.42,343438.9,6.56,625009.0,6.32,491969.78,6.0,327010.99,6.27,463809.43
590,000650.SZ,20200729,6.2,6.42,6.2,6.41,6.25,0.16000000000000014,2.56,268354.69,176409.144,6.32,292552.25,6.55,535123.32,6.24,459765.88,6.27,492174.04,6.2,444713.07,6.04,335475.57,6.41,363960.1,6.53,617341.65,6.3,484190.94,5.99,322833.0,6.28,478314.95
591,000650.SZ,20200728,6.31,6.34,6.21,6.25,6.23,0.019999999999999574,0.32,186465.97,120758.86,6.35,308304.89,6.63,677771.65,6.22,455333.09,6.27,491706.3,6.19,443754.75,6.04,336728.85,6.44,425229.51,6.5,615517.08,6.28,486726.51,5.98,321875.12,6.29,495204.55
592,000650.SZ,20200727,6.22,6.27,6.11,6.23,6.2,0.03000000000000025,0.48,219210.03,140723.503,6.42,350308.77,6.7,724360.4,6.2,452815.37,6.27,492665.54,6.19,443529.04,6.03,339713.23,6.51,524787.71,6.48,613506.82,6.27,487086.13,5.97,323484.19,6.3,509249.9
593,000650.SZ,20200724,6.48,6.55,6.19,6.2,6.53,-0.33000000000000007,-5.05,389597.66,255872.463,6.49,394302.09,6.72,752869.95,6.19,449439.71,6.27,494700.95,6.19,443239.24,6.03,339999.53,6.63,628257.25,6.46,608759.34,6.25,486702.98,5.97,325328.81,6.3,518113.68
594,000650.SZ,20200723,6.49,6.61,6.29,6.53,6.54,-0.009999999999999787,-0.15,399132.89,266799.168,6.53,389379.29,6.73,781897.71,6.17,442055.1,6.26,493328.94,6.18,441744.25,6.03,337535.63,6.75,801575.78,6.44,594907.37,6.24,485613.72,5.96,325036.0,6.31,532638.77
595,000650.SZ,20200722,6.55,6.63,6.52,6.54,6.6,-0.05999999999999961,-0.91,347117.9,236353.096,6.5,435367.96,6.7,788937.47,6.15,438659.11,6.26,492899.76,6.18,440755.6,6.02,334978.42,6.81,840874.46,6.4,582459.97,6.21,476230.62,5.96,324685.54,6.31,544698.89
596,000650.SZ,20200721,6.56,6.65,6.47,6.6,6.57,0.02999999999999936,0.46,396485.38,268629.469,6.53,542154.12,6.66,789725.89,6.12,432302.62,6.25,492972.33,6.18,439872.86,6.02,333165.63,6.8,865146.09,6.36,573846.1,6.18,468022.14,5.96,322983.37,6.31,545856.07
597,000650.SZ,20200720,6.42,6.57,6.35,6.57,6.42,0.15000000000000036,2.34,439176.64,294365.701,6.6,699266.64,6.6,780036.04,6.09,425888.15,6.25,491605.58,6.17,438390.11,6.01,331737.97,6.78,902193.4,6.33,565116.6,6.15,458287.21,5.95,320477.34,6.3,543545.49
598,000650.SZ,20200717,6.35,6.47,6.26,6.42,6.35,0.07000000000000028,1.1,364983.64,240904.604,6.78,862212.4,6.55,764088.86,6.06,415578.22,6.24,489335.2,6.17,436500.15,6.01,331298.91,6.74,907340.72,6.3,558122.18,6.12,448265.35,5.95,317591.89,6.3,541137.88
599,000650.SZ,20200716,6.67,6.72,6.28,6.35,6.69,-0.34000000000000075,-5.08,629076.23,422790.531,6.97,1213772.27,6.5,747264.02,6.04,407797.51,6.24,487503.93,6.17,435157.01,6.0,334150.86,6.69,906579.1,6.28,566235.22,6.1,445554.88,5.95,319053.74,6.3,539394.26
600,000650.SZ,20200715,7.04,7.07,6.6,6.69,6.98,-0.29000000000000004,-4.15,881048.71,620486.811,7.13,1246380.96,6.46,708432.04,6.02,392041.02,6.23,483901.81,6.17,432374.82,6.0,331682.93,6.65,870723.2,6.25,544306.36,6.07,428952.24,5.95,318305.19,6.29,536113.32
601,000650.SZ,20200714,7.39,7.39,6.84,6.98,7.44,-0.45999999999999996,-6.18,1182047.98,867253.403,7.08,1188138.06,6.39,649317.38,5.98,371578.78,6.22,478476.78,6.17,428316.69,5.99,323500.16,6.57,805804.66,6.21,517475.01,6.04,405530.39,5.95,318678.72,6.29,530105.57
602,000650.SZ,20200713,7.4,7.47,7.13,7.44,7.4,0.040000000000000036,0.54,1253905.44,948987.974,6.95,1105120.16,6.3,569943.3,5.94,339540.26,6.21,470962.79,6.16,422176.7,5.98,312421.24,6.45,702225.93,6.15,468235.34,5.99,369083.43,5.94,304899.23,6.28,522269.5
603,000650.SZ,20200710,7.42,7.75,7.25,7.4,7.12,0.28000000000000025,3.93,2122782.97,1652936.357,6.7,952469.04,6.17,486938.31,5.88,308713.07,6.2,463044.21,6.16,415619.68,5.96,301189.56,6.29,589261.44,6.06,415925.85,5.93,330634.56,5.92,289323.26,6.27,513424.82
604,000650.SZ,20200709,6.45,7.12,6.4,7.12,6.48,0.6399999999999997,9.88,792119.7,557523.991,6.42,599385.93,6.06,340716.18,5.82,250262.43,6.19,448840.89,6.15,405531.13,5.94,278160.11,6.12,388238.95,5.98,327632.7,5.87,262986.99,5.9,260314.76,6.26,497906.05
605,000650.SZ,20200708,6.34,6.51,6.29,6.48,6.31,0.17000000000000082,2.69,589834.23,390771.825,6.18,495065.43,5.96,302806.07,5.78,231579.61,6.18,444063.89,6.14,402531.01,5.93,272688.37,5.99,324045.47,5.91,293908.69,5.82,242760.75,5.89,254819.37,6.25,492932.73
606,000650.SZ,20200707,6.21,6.5,6.14,6.31,6.21,0.09999999999999964,1.61,766958.46,501126.382,6.06,423471.25,5.93,297991.48,5.75,217535.88,6.17,440701.69,6.15,400578.35,5.92,271366.91,5.92,282546.11,5.87,269460.17,5.78,226190.88,5.88,251027.97,6.25,490059.05
607,000650.SZ,20200706,6.01,6.21,5.98,6.21,5.96,0.25,4.19,490649.86,309766.411,5.95,299331.71,5.89,253648.43,5.73,199947.9,6.17,436716.65,6.15,397910.17,5.92,268687.31,5.88,228039.79,5.84,236334.12,5.75,207484.97,5.88,245083.57,6.24,485352.89
608,000650.SZ,20200703,5.91,5.99,5.86,5.96,5.93,0.03000000000000025,0.51,357367.39,219261.126,5.87,226053.84,5.86,242400.12,5.72,189382.31,6.16,434159.43,6.15,395569.6,5.92,270432.66,5.85,208903.64,5.81,218727.67,5.73,195645.35,5.88,240917.46,6.24,484084.16
609,000650.SZ,20200702,5.88,5.93,5.83,5.93,5.87,0.05999999999999961,1.02,270517.22,164854.174,5.83,177091.98,5.85,230083.75,5.71,183585.71,6.16,432424.37,6.15,394266.2,5.93,273438.66,5.86,225891.35,5.8,215042.77,5.72,188963.22,5.88,238374.75,6.24,483974.37
610,000650.SZ,20200701,5.8,5.88,5.77,5.87,5.8,0.07000000000000028,1.21,231863.32,139826.898,5.8,153025.51,5.83,225252.86,5.71,179204.53,6.16,431116.35,6.15,393501.99,5.95,278293.94,5.85,217889.52,5.78,208066.76,5.71,183690.9,5.88,237321.83,6.24,483097.86
611,000650.SZ,20200630,5.82,5.82,5.76,5.8,5.78,0.019999999999999574,0.35,146260.74,87631.063,5.79,141620.98,5.83,234872.59,5.7,176126.16,6.16,430300.67,6.16,392769.85,5.96,288162.68,5.85,229145.36,5.77,205393.26,5.7,181594.36,5.88,236976.75,6.24,482527.27
612,000650.SZ,20200629,5.75,5.83,5.73,5.78,5.77,0.010000000000000675,0.17,124260.51,74316.066,5.81,156747.88,5.82,232670.97,5.7,176661.97,6.16,430346.82,6.16,392775.17,5.98,307676.42,5.84,234244.75,5.76,202512.18,5.69,181099.66,5.89,239362.59,6.24,482379.86
613,000650.SZ,20200624,5.8,5.81,5.75,5.77,5.78,-0.010000000000000675,-0.17,112558.1,67219.095,5.84,191753.44,5.81,230871.22,5.7,177467.98,6.16,430455.08,6.17,392638.14,6.0,320534.72,5.83,242590.26,5.75,201321.12,5.69,182300.41,5.89,244062.37,6.24,482535.79
614,000650.SZ,20200623,5.84,5.86,5.77,5.78,5.83,-0.04999999999999982,-0.86,150184.9,90174.372,5.88,274690.73,5.8,230246.56,5.71,178131.39,6.16,431028.26,6.17,392673.34,6.02,326724.99,5.84,267026.44,5.74,200361.01,5.69,182600.37,5.9,251834.4,6.24,482594.06
615,000650.SZ,20200622,5.87,5.9,5.82,5.83,5.88,-0.04999999999999982,-0.85,174840.63,105642.196,5.9,282753.52,5.79,229349.32,5.71,178965.73,6.16,430864.92,6.17,392783.74,6.03,332361.03,5.83,263771.92,5.73,202118.38,5.69,181834.18,5.91,256731.0,6.24,483017.51
616,000650.SZ,20200619,5.9,5.93,5.83,5.88,5.92,-0.040000000000000036,-0.68,221895.25,134898.209,5.9,316669.75,5.78,237720.76,5.71,178917.03,6.16,430389.63,6.18,393062.27,6.05,341744.77,5.81,256374.22,5.71,198013.26,5.69,181488.76,5.91,258272.67,6.25,484265.48
617,000650.SZ,20200618,5.99,5.99,5.88,5.92,6.0,-0.08000000000000007,-1.33,299288.31,182910.706,5.87,311741.62,5.77,230728.6,5.7,178593.1,6.16,429878.7,6.18,393191.52,6.06,346793.64,5.79,244628.45,5.69,197207.56,5.69,179147.74,5.92,260426.58,6.25,486685.59
618,000650.SZ,20200617,5.85,6.09,5.83,6.0,5.85,0.15000000000000036,2.56,527244.54,326624.726,5.83,293427.08,5.74,221428.99,5.7,178114.33,6.16,428982.48,6.19,392395.47,6.07,352182.62,5.77,228551.7,5.67,189016.2,5.69,173675.27,5.92,262297.26,6.25,485791.76
619,000650.SZ,20200616,5.85,5.86,5.78,5.85,5.85,0.0,0.0,190498.87,114795.249,5.8,259362.15,5.71,187690.11,5.69,172309.71,6.16,426272.06,6.19,390246.08,6.08,351691.22,5.74,204194.18,5.65,170499.16,5.68,162052.2,5.92,260102.75,6.25,484209.14
620,000650.SZ,20200615,5.77,5.88,5.76,5.85,5.75,0.09999999999999964,1.74,344421.77,207747.324,5.77,244790.31,5.69,180762.45,5.7,177648.82,6.16,426560.62,6.19,391133.85,6.1,361232.62,5.72,198244.01,5.64,166591.6,5.68,161475.07,5.92,263290.09,6.25,485601.38
621,000650.SZ,20200612,5.61,5.76,5.53,5.75,5.7,0.04999999999999982,0.88,197254.63,115680.796,5.73,196078.69,5.67,161449.69,5.71,178639.52,6.16,425543.36,6.2,389779.23,6.11,375103.02,5.7,181641.17,5.63,157818.86,5.67,157023.73,5.92,265728.48,6.25,484395.15
622,000650.SZ,20200611,5.8,5.81,5.68,5.7,5.83,-0.1299999999999999,-2.23,207715.59,123358.092,5.71,177515.28,5.66,160532.59,5.73,180043.43,6.16,425186.73,6.2,389534.78,6.13,382710.04,5.68,170779.61,5.62,154527.11,5.67,159882.25,5.93,271874.04,6.24,483686.71
623,000650.SZ,20200610,5.68,5.88,5.65,5.83,5.7,0.1299999999999999,2.28,356919.88,214192.911,5.71,163676.32,5.64,151688.17,5.75,181173.09,6.17,424576.02,6.2,389444.61,6.15,388374.55,5.66,160051.99,5.62,152155.48,5.68,163954.64,5.94,278771.29,6.24,482799.75
624,000650.SZ,20200609,5.67,5.7,5.64,5.7,5.67,0.03000000000000025,0.53,117639.69,69142.255,5.68,149026.21,5.6,140062.12,5.77,178500.42,6.17,423055.69,6.21,389150.91,6.16,392742.3,5.64,133695.59,5.62,140387.34,5.69,164458.27,5.96,282536.25,6.24,480745.18
625,000650.SZ,20200608,5.69,5.71,5.65,5.67,5.67,0.0,0.0,100863.67,59220.873,5.67,151697.7,5.59,141433.01,5.79,188354.99,6.17,423342.12,6.21,389695.81,6.17,399092.22,5.63,140464.85,5.62,140865.31,5.71,173140.47,5.98,291153.32,6.24,480596.88
626,000650.SZ,20200605,5.68,5.71,5.64,5.67,5.68,-0.009999999999999787,-0.18,104437.56,61197.907,5.67,167203.64,5.58,145743.77,5.81,202569.68,6.18,423997.4,6.22,390569.34,6.19,405753.94,5.61,139652.3,5.63,144046.02,5.73,177944.59,6.0,305672.56,6.24,480589.97
627,000650.SZ,20200604,5.69,5.71,5.64,5.68,5.7,-0.020000000000000462,-0.35,138520.82,81145.511,5.64,164043.95,5.58,146352.24,5.84,226070.35,6.18,424274.85,6.22,392004.03,6.2,412079.01,5.58,149786.66,5.64,146407.39,5.75,182667.47,6.03,330761.79,6.24,480666.58
628,000650.SZ,20200603,5.69,5.85,5.68,5.7,5.64,0.0600000000000005,1.06,283669.32,169227.209,5.61,156427.66,5.58,148694.25,5.86,232445.58,6.18,424325.2,6.23,392805.67,6.22,419109.87,5.56,149480.71,5.64,146237.05,5.78,186918.42,6.05,346596.99,6.24,480158.1
629,000650.SZ,20200602,5.64,5.67,5.62,5.64,5.64,0.0,0.0,130997.12,76418.223,5.59,118364.96,5.57,136982.75,5.87,233494.93,6.19,425256.78,6.24,392459.84,6.23,424318.06,5.55,136804.14,5.65,140981.21,5.8,192552.61,6.07,351482.98,6.24,478662.79
630,000650.SZ,20200601,5.56,5.65,5.54,5.64,5.55,0.08999999999999986,1.62,178393.37,103606.657,5.59,129232.0,5.58,139235.51,5.89,240885.39,6.19,426326.93,6.25,394104.05,6.25,431766.91,5.55,134939.19,5.66,143090.6,5.83,207658.14,6.1,358847.82,6.24,478451.79
631,000650.SZ,20200529,5.56,5.59,5.51,5.55,5.54,0.009999999999999787,0.18,88639.12,50897.271,5.55,112100.97,5.59,134863.48,5.91,249238.42,6.2,426892.5,6.26,395669.36,6.27,442204.22,5.55,133996.55,5.66,144715.01,5.86,231827.04,6.12,370518.29,6.24,478574.45
632,000650.SZ,20200528,5.6,5.61,5.47,5.54,5.6,-0.05999999999999961,-1.07,100439.35,58480.953,5.52,135529.37,5.61,137829.63,5.93,257288.75,6.21,428471.64,6.26,397958.54,6.29,458097.49,5.56,138274.61,5.67,154433.57,5.88,240715.03,6.14,379050.31,6.24,478855.88
633,000650.SZ,20200527,5.61,5.62,5.53,5.6,5.61,-0.010000000000000675,-0.18,93355.83,54699.516,5.52,142533.76,5.63,142755.68,5.95,266402.15,6.21,428434.52,6.27,401549.58,6.32,481602.83,5.58,144258.98,5.69,165905.97,5.91,248011.96,6.16,389100.68,6.24,478914.87
634,000650.SZ,20200526,5.44,5.64,5.44,5.61,5.43,0.1800000000000006,3.31,185332.33,108789.049,5.51,155243.32,5.65,147240.99,5.96,270735.29,6.22,428738.25,6.28,407510.35,6.36,510190.29,5.6,147079.1,5.71,179839.61,5.93,257642.52,6.18,395717.91,6.24,478821.59
635,000650.SZ,20200525,5.4,5.46,5.38,5.43,5.4,0.02999999999999936,0.56,92738.21,52945.461,5.52,140646.37,5.66,143378.05,5.98,271308.01,6.23,428432.92,6.29,408765.75,6.39,536579.54,5.62,141265.77,5.75,189478.27,5.95,266877.99,6.2,407730.77,6.24,478230.54
636,000650.SZ,20200522,5.54,5.54,5.38,5.4,5.54,-0.13999999999999968,-2.53,205781.12,117316.979,5.56,155892.13,5.69,149979.15,5.99,274678.72,6.23,428539.83,6.3,411127.94,6.42,565944.45,5.65,148439.75,5.79,197090.73,5.98,275865.06,6.23,429263.5,6.25,478731.93
637,000650.SZ,20200521,5.59,5.62,5.54,5.54,5.59,-0.04999999999999982,-0.89,135461.29,79605.378,5.61,141019.86,5.72,147471.74,6.01,274836.87,6.24,428132.73,6.31,412938.96,6.45,588159.48,5.7,143028.12,5.84,199107.88,6.01,282682.18,6.26,438630.17,6.25,478182.51
638,000650.SZ,20200520,5.64,5.64,5.56,5.59,5.65,-0.0600000000000005,-1.06,156903.63,92350.575,5.64,145984.2,5.74,153273.31,6.03,279364.81,6.25,427894.12,6.32,414495.31,6.46,603458.18,5.72,142993.4,5.88,205637.28,6.02,286189.56,6.28,446915.04,6.25,478679.46
639,000650.SZ,20200519,5.64,5.68,5.62,5.65,5.61,0.040000000000000036,0.71,112347.6,66736.305,5.69,138914.88,5.75,162973.82,6.05,286698.44,6.25,427627.49,6.33,415402.12,6.48,629800.9,5.75,145158.29,5.92,220426.85,6.04,287786.27,6.3,455708.33,6.26,478427.47
640,000650.SZ,20200518,5.65,5.66,5.58,5.61,5.67,-0.05999999999999961,-1.06,168967.02,100011.89,5.71,141885.16,5.77,179707.64,6.07,300419.98,6.26,428019.81,6.34,416982.47,6.5,652920.9,5.76,151242.01,5.96,244017.62,6.05,290952.76,6.32,463733.94,6.26,478377.9
641,000650.SZ,20200515,5.71,5.74,5.66,5.67,5.7,-0.03000000000000025,-0.53,131419.74,78654.041,5.75,140987.36,5.8,195327.77,6.08,308508.64,6.27,428387.49,6.34,419071.86,6.5,657147.74,5.77,155433.47,6.01,280742.29,6.07,292359.14,6.34,470926.04,6.26,478205.85
642,000650.SZ,20200514,5.79,5.79,5.69,5.7,5.8,-0.09999999999999964,-1.72,160283.0,96675.363,5.78,145036.39,5.86,214303.61,6.09,312506.31,6.27,429167.47,6.35,420473.12,6.51,656985.03,5.78,170592.52,6.05,291935.24,6.08,297625.52,6.36,478382.67,6.26,478529.3
643,000650.SZ,20200513,5.79,5.8,5.75,5.8,5.79,0.009999999999999787,0.17,121557.04,74032.517,5.8,140002.6,5.9,220819.33,6.1,318119.45,6.28,429198.54,6.36,423598.41,6.51,656851.43,5.8,187552.96,6.08,299888.45,6.1,305824.32,6.37,486808.54,6.26,478334.8
644,000650.SZ,20200512,5.78,5.82,5.73,5.79,5.78,0.009999999999999787,0.17,127199.02,77345.287,5.81,151401.69,5.94,230401.41,6.11,326648.04,6.28,429493.26,6.37,427283.36,6.51,657307.33,5.83,212600.13,6.1,312924.23,6.12,321068.42,6.39,496020.64,6.26,479255.58
645,000650.SZ,20200511,5.84,5.87,5.75,5.78,5.83,-0.04999999999999982,-0.86,164478.0,100440.987,5.81,160598.86,5.99,241082.19,6.11,334541.42,6.29,430974.74,6.38,429779.43,6.52,658749.52,5.88,237690.78,6.12,329684.1,6.13,331627.83,6.41,505395.01,6.26,479845.06
646,000650.SZ,20200508,5.82,5.86,5.8,5.83,5.82,0.009999999999999787,0.17,151664.87,93052.066,5.8,169879.59,6.03,263252.74,6.12,340931.46,6.29,430634.56,6.39,431324.31,6.52,658691.39,5.93,245741.72,6.14,339577.71,6.14,335056.59,6.44,518673.57,6.27,479690.24
647,000650.SZ,20200507,5.87,5.87,5.8,5.82,5.85,-0.02999999999999936,-0.51,135114.09,82992.872,5.78,196148.66,6.08,296521.82,6.13,350903.82,6.3,430664.26,6.4,432353.61,6.53,659892.12,5.98,255187.65,6.16,352509.21,6.14,341705.41,6.46,537489.73,6.27,479424.48
648,000650.SZ,20200506,5.72,5.86,5.7,5.85,5.78,0.0699999999999994,1.21,178552.48,109021.665,5.8,235103.32,6.14,355625.38,6.14,363576.59,6.3,431062.61,6.41,434185.14,6.53,660657.85,6.04,268281.15,6.18,357787.65,6.15,350919.24,6.49,566293.5,6.27,479448.47
649,000650.SZ,20200430,5.7,5.78,5.7,5.78,5.7,0.08000000000000007,1.4,173184.85,104946.178,5.84,273798.56,6.18,369219.72,6.16,376605.95,6.3,431956.59,6.41,436620.7,6.53,661750.89,6.09,295695.42,6.19,359100.26,6.15,358153.29,6.53,600607.87,6.28,479284.58
650,000650.SZ,20200429,5.65,5.76,5.61,5.7,5.77,-0.0699999999999994,-1.21,210881.65,126513.319,5.95,314782.71,6.22,380462.97,6.18,388653.96,6.31,432210.36,6.42,438793.31,6.54,662046.04,6.16,336793.22,6.2,360808.14,6.16,365105.11,6.57,633796.9,6.28,479468.25
651,000650.SZ,20200428,5.88,5.94,5.64,5.77,5.88,-0.11000000000000032,-1.87,283010.24,171896.297,6.07,321603.85,6.26,393646.9,6.22,401118.15,6.31,432471.53,6.43,440480.06,6.54,662500.85,6.25,406051.1,6.21,360821.97,6.17,374433.23,6.6,668533.97,6.28,478914.15
652,000650.SZ,20200427,6.08,6.11,5.87,5.88,6.08,-0.20000000000000018,-3.29,329887.38,207558.1,6.18,314226.63,6.3,407445.84,6.26,421383.09,6.32,432915.21,6.43,440911.6,6.54,661423.64,6.31,413277.96,6.23,361142.02,6.19,383865.83,6.63,695015.6,6.29,477770.48
653,000650.SZ,20200424,6.33,6.37,6.04,6.08,6.34,-0.2599999999999998,-4.1,372028.7,241006.224,6.29,301458.98,6.33,409942.97,6.3,459027.32,6.33,432527.08,6.43,439989.17,6.55,661537.18,6.35,412223.93,6.25,364960.0,6.21,393587.94,6.64,710898.55,6.29,478503.24
654,000650.SZ,20200423,6.37,6.51,6.33,6.34,6.3,0.040000000000000036,0.63,378105.56,255272.961,6.35,317592.27,6.34,412886.53,6.33,480103.91,6.33,431507.61,6.43,438437.56,6.55,661166.02,6.36,413248.33,6.26,375302.57,6.23,400614.23,6.65,740241.54,6.29,477778.82
655,000650.SZ,20200422,6.25,6.31,6.18,6.3,6.32,-0.020000000000000462,-0.32,244987.39,160682.332,6.38,358803.74,6.32,402315.54,6.35,485948.71,6.34,431721.24,6.43,436781.32,6.54,658329.1,6.36,421677.43,6.25,378596.35,6.25,409166.17,6.66,764712.23,6.3,476793.24
656,000650.SZ,20200421,6.37,6.37,6.25,6.32,6.4,-0.08000000000000007,-1.25,246124.11,162998.474,6.44,490498.35,6.3,399224.57,6.37,495592.84,6.34,433095.85,6.43,436108.25,6.53,657241.17,6.35,433413.7,6.24,379714.02,6.27,433400.54,6.66,768728.78,6.3,477385.3
657,000650.SZ,20200420,6.41,6.47,6.36,6.4,6.37,0.03000000000000025,0.47,266049.15,179357.475,6.43,512329.29,6.28,396241.36,6.39,514195.71,6.35,434688.81,6.43,435670.61,6.53,655673.79,6.34,449830.78,6.22,384964.29,6.31,478856.1,6.66,766613.64,6.3,476126.72
658,000650.SZ,20200417,6.51,6.51,6.33,6.37,6.49,-0.1200000000000001,-1.85,452695.13,304419.187,6.41,522988.89,6.25,392018.99,6.4,524034.26,6.35,437753.23,6.43,434891.57,6.52,654032.78,6.31,447294.14,6.21,392238.29,6.33,506275.56,6.65,764683.88,6.3,475052.08
659,000650.SZ,20200416,6.59,6.63,6.42,6.49,6.6,-0.10999999999999943,-1.67,584162.92,400620.133,6.38,508904.4,6.22,379458.69,6.41,531409.75,6.36,442253.44,6.43,434502.77,6.51,649590.84,6.28,422505.1,6.18,389382.23,6.35,510413.34,6.64,759734.78,6.3,472457.66
660,000650.SZ,20200415,6.3,6.72,6.25,6.6,6.31,0.29000000000000004,4.6,903460.44,620293.492,6.35,484551.11,6.2,365772.85,6.42,528651.71,6.36,440957.14,6.43,431952.7,6.5,644481.99,6.23,384823.05,6.15,379261.05,6.36,510037.5,6.64,753921.46,6.3,468490.74
661,000650.SZ,20200414,6.29,6.35,6.16,6.31,6.29,0.019999999999999574,0.32,355278.82,233789.907,6.27,376329.05,6.18,340805.12,6.43,528729.47,6.37,438099.41,6.43,427797.06,6.5,636763.81,6.17,315592.83,6.13,358624.29,6.38,509209.55,6.63,741532.43,6.3,462188.23
662,000650.SZ,20200413,6.15,6.34,6.12,6.29,6.2,0.08999999999999986,1.45,319347.12,210675.633,6.25,387332.27,6.18,347628.39,6.46,559006.61,6.37,439186.67,6.43,426427.27,6.49,638857.54,6.15,309006.08,6.13,369159.76,6.39,517385.58,6.63,739639.77,6.3,460070.09
663,000650.SZ,20200410,6.31,6.38,6.18,6.2,6.33,-0.1299999999999999,-2.05,382272.7,252845.122,6.21,371599.4,6.15,343627.9,6.48,572195.85,6.38,439736.23,6.44,425346.12,6.49,637159.96,6.14,317696.07,6.14,384269.94,6.41,530189.41,6.62,737526.38,6.3,458396.43
664,000650.SZ,20200409,6.22,6.4,6.18,6.33,6.22,0.11000000000000032,1.77,462396.48,305926.226,6.18,336105.81,6.14,341232.27,6.49,579557.05,6.38,439235.41,6.44,423960.65,6.49,636560.73,6.16,337356.8,6.16,394297.17,6.43,533793.3,6.62,735497.35,6.3,456617.85
665,000650.SZ,20200408,6.18,6.27,6.11,6.22,6.21,0.009999999999999787,0.16,362350.12,236575.09,6.12,285094.99,6.12,337319.4,6.51,586089.54,6.39,438659.23,6.44,422035.8,6.48,635163.01,6.15,335515.28,6.19,402910.54,6.45,548583.56,6.61,731046.08,6.31,454613.81
666,000650.SZ,20200407,6.18,6.24,6.1,6.21,6.07,0.13999999999999968,2.31,410294.93,267269.395,6.08,254856.62,6.09,339875.07,6.52,592899.37,6.39,439768.43,6.45,421486.06,6.47,632994.0,6.13,326014.34,6.23,433393.96,6.48,582661.94,6.61,729090.13,6.31,453625.37
667,000650.SZ,20200403,6.06,6.19,6.01,6.07,6.05,0.020000000000000462,0.33,240682.77,154679.729,6.05,230679.9,6.07,337678.5,6.54,598493.42,6.4,439476.33,6.45,419991.39,6.46,629019.96,6.1,320097.8,6.29,493368.76,6.51,594578.15,6.61,725622.2,6.31,451579.22
668,000650.SZ,20200402,6.0,6.06,5.94,6.05,6.04,0.009999999999999787,0.17,204804.74,129175.126,6.08,263792.74,6.08,356912.53,6.57,608438.56,6.4,442585.88,6.45,419734.22,6.46,627161.26,6.1,337182.43,6.34,535766.27,6.53,607640.51,6.61,727250.87,6.32,450940.18
669,000650.SZ,20200401,5.99,6.08,5.91,6.04,6.02,0.020000000000000462,0.33,207342.41,131329.638,6.14,338607.78,6.1,384695.87,6.58,621998.28,6.41,446332.46,6.46,419217.82,6.45,625902.15,6.08,356259.35,6.39,554367.46,6.55,623630.39,6.61,729573.99,6.32,452071.24
670,000650.SZ,20200331,6.1,6.13,5.99,6.02,6.06,-0.040000000000000036,-0.66,211158.24,134138.283,6.18,385935.56,6.13,416558.05,6.61,635731.83,6.42,448705.32,6.46,419365.84,6.45,624468.83,6.08,373699.06,6.43,572644.73,6.58,636515.12,6.6,728873.89,6.32,451305.81
671,000650.SZ,20200330,6.18,6.27,6.03,6.06,6.23,-0.17000000000000082,-2.73,289411.32,186497.392,6.17,397172.06,6.18,445147.21,6.64,649805.44,6.43,450194.24,6.47,419278.42,6.44,622987.18,6.09,401655.75,6.48,606017.9,6.61,649492.94,6.6,728077.79,6.33,450845.68
672,000650.SZ,20200327,6.39,6.39,6.19,6.23,6.37,-0.13999999999999968,-2.2,406247.0,268241.085,6.15,409515.71,6.24,471705.1,6.67,669563.69,6.44,450445.67,6.47,418999.42,6.44,620643.43,6.11,429313.44,6.52,621575.33,6.63,659139.81,6.6,725397.12,6.33,450037.89
673,000650.SZ,20200326,6.18,6.39,6.1,6.37,6.2,0.16999999999999993,2.74,578879.95,382254.392,6.13,410572.12,6.3,515225.98,6.7,695280.97,6.45,450712.3,6.47,418340.28,6.43,616260.19,6.13,450843.81,6.54,636436.08,6.65,667792.75,6.59,721009.22,6.33,449213.2
674,000650.SZ,20200325,6.1,6.24,6.03,6.2,6.01,0.1900000000000004,3.16,443981.28,287001.299,6.02,373910.92,6.38,594526.84,6.74,733059.21,6.45,450790.66,6.48,416842.07,6.42,609931.55,6.16,451237.55,6.56,632011.55,6.67,670972.86,6.58,713353.71,6.33,446136.93
675,000650.SZ,20200324,6.07,6.09,5.88,6.01,5.95,0.05999999999999961,1.01,267340.76,168225.538,5.98,361462.55,6.45,644115.42,6.8,785807.26,6.46,451459.93,6.48,417246.26,6.41,605420.84,6.23,470305.81,6.6,655117.7,6.69,679162.18,6.58,709304.02,6.33,444507.84
676,000650.SZ,20200323,5.96,6.18,5.9,5.95,6.1,-0.14999999999999947,-2.46,351129.54,222924.702,6.0,406139.44,6.52,667922.17,6.86,841606.84,6.47,453047.44,6.49,419168.21,6.41,604431.12,6.34,540773.57,6.66,710985.74,6.73,702290.55,6.58,710258.29,6.34,445170.84
677,000650.SZ,20200320,5.89,6.15,5.86,6.1,5.86,0.23999999999999932,4.1,411529.09,259423.47,6.08,449111.17,6.59,684980.5,6.91,898782.62,6.47,453080.84,6.49,418672.27,6.4,601381.53,6.48,666639.73,6.71,731818.33,6.77,733274.04,6.58,712944.6,6.35,444528.07
678,000650.SZ,20200319,5.89,5.98,5.74,5.86,5.96,-0.09999999999999964,-1.68,395573.92,243117.322,6.14,491115.5,6.66,720910.7,6.95,941734.95,6.47,451431.32,6.5,417368.91,6.4,597328.06,6.58,734350.11,6.75,742869.55,6.83,781667.75,6.58,709286.26,6.36,442975.53
679,000650.SZ,20200318,6.18,6.25,5.95,5.96,6.14,-0.17999999999999972,-2.93,381739.45,245520.623,6.3,528564.18,6.74,736678.85,6.98,967831.71,6.47,449446.82,6.5,417180.18,6.39,593149.24,6.69,752475.57,6.79,757315.91,6.91,843062.45,6.58,708315.54,6.36,443086.32
680,000650.SZ,20200317,6.33,6.43,5.84,6.14,6.33,-0.1900000000000004,-3.0,490725.2,315180.012,6.49,579149.07,6.8,761426.74,7.0,1019327.85,6.48,447477.8,6.5,417874.02,6.39,589584.8,6.78,771590.41,6.83,767923.16,6.97,902488.69,6.58,707912.68,6.37,443596.25
681,000650.SZ,20200316,6.5,6.69,6.32,6.33,6.4,-0.07000000000000028,-1.09,565988.2,388617.924,6.67,675407.7,6.85,761400.91,7.02,1059199.09,6.48,444981.36,6.51,416175.59,6.39,585080.53,6.87,810380.05,6.87,773411.53,7.03,962634.72,6.57,703061.82,6.38,443469.46
682,000650.SZ,20200313,6.27,6.51,6.18,6.4,6.68,-0.27999999999999936,-4.19,621550.72,415225.105,6.89,884168.28,6.9,787563.68,7.02,1056845.91,6.48,442246.47,6.51,414621.25,6.38,579398.69,6.92,813837.22,6.89,774053.0,7.07,1006165.38,6.56,695499.39,6.39,444647.27
683,000650.SZ,20200312,6.9,6.98,6.6,6.68,6.89,-0.20999999999999996,-3.05,582817.31,415221.694,7.03,977584.72,6.96,846267.59,7.0,1042071.36,6.47,438863.42,6.52,413060.53,6.37,573712.63,6.96,822028.35,6.91,776267.22,7.08,1028209.15,6.54,686828.22,6.4,448640.39
684,000650.SZ,20200311,7.07,7.07,6.89,6.89,7.07,-0.1800000000000006,-2.55,634663.93,464128.181,7.07,976386.97,6.98,860495.59,6.98,1029349.18,6.47,437503.49,6.52,412822.7,6.36,567630.59,6.97,812785.56,6.92,780840.52,7.08,1079868.84,6.53,678954.11,6.4,447096.04
685,000650.SZ,20200310,7.18,7.27,6.72,7.07,7.41,-0.33999999999999986,-4.59,972018.35,716493.604,7.07,964031.74,6.97,860333.26,6.96,1015263.46,6.47,434160.0,6.52,412958.44,6.35,560587.05,6.97,839929.58,6.93,783590.37,7.08,1120258.29,6.51,670040.44,6.4,445906.74
686,000650.SZ,20200309,7.14,7.47,7.04,7.41,7.09,0.3200000000000003,4.51,1609791.11,1239768.341,7.06,945352.4,6.95,838216.55,6.93,993597.13,6.47,428806.8,6.52,409185.08,6.33,549604.42,6.99,881197.91,6.93,783049.04,7.05,1104057.02,6.48,655507.38,6.4,442071.96
687,000650.SZ,20200306,6.88,7.17,6.82,7.09,6.89,0.20000000000000018,2.9,1088632.9,806768.059,6.95,743506.16,6.9,760069.87,6.89,950959.71,6.46,418487.31,6.52,401691.47,6.31,530410.32,6.94,796996.93,6.92,766591.2,7.0,1054371.18,6.45,630571.36,6.39,431977.73
688,000650.SZ,20200305,6.92,6.94,6.81,6.89,6.89,0.0,0.0,576828.55,416855.406,6.88,666471.97,6.88,722520.62,6.86,926050.49,6.46,411876.19,6.52,396568.86,6.29,517721.13,6.91,751389.0,6.95,805326.57,6.97,1023092.19,6.43,613719.21,6.39,425490.41
689,000650.SZ,20200304,6.97,7.01,6.82,6.89,7.03,-0.14000000000000057,-1.99,572887.78,416483.532,6.86,649184.14,6.88,722673.62,6.84,914747.99,6.46,408899.1,6.52,395638.76,6.28,513124.09,6.89,762156.26,7.02,888355.88,6.94,1009056.23,6.41,605842.6,6.4,423845.4
690,000650.SZ,20200303,6.85,7.06,6.76,7.03,6.85,0.1800000000000006,2.63,878621.67,639596.439,6.86,715827.43,6.87,729823.43,6.81,905561.02,6.46,405872.78,6.52,395213.3,6.27,508124.74,6.88,764255.91,7.07,967937.83,6.91,997805.41,6.39,598055.77,6.4,423421.95
691,000650.SZ,20200302,6.79,6.9,6.69,6.85,6.75,0.09999999999999964,1.48,600559.88,431381.013,6.91,817043.41,6.85,714105.08,6.78,885463.94,6.46,401642.38,6.52,394028.87,6.25,498355.12,6.87,736443.0,7.11,1038762.05,6.88,973855.31,6.36,586630.61,6.4,419168.71
692,000650.SZ,20200228,6.7,6.94,6.61,6.75,6.78,-0.03000000000000025,-0.44,703461.98,504349.981,6.93,850487.71,6.87,720959.01,6.76,875006.08,6.45,398566.93,6.52,396045.19,6.25,491944.64,6.87,734268.78,7.14,1102329.46,6.86,961893.96,6.34,578661.45,6.4,419901.19
693,000650.SZ,20200227,6.91,6.96,6.73,6.78,6.91,-0.1299999999999999,-1.88,490389.41,352118.114,6.94,836306.02,6.9,740784.37,6.74,860263.64,6.45,395051.37,6.52,396663.0,6.24,484405.04,6.86,730506.1,7.14,1131299.56,6.83,944863.34,6.32,568729.06,6.4,420241.62
694,000650.SZ,20200226,7.22,7.24,6.84,6.91,7.26,-0.34999999999999964,-4.82,906104.2,670411.241,6.93,875128.37,6.93,801572.45,6.72,855793.45,6.45,392462.1,6.52,395810.43,6.23,479985.0,6.87,748895.48,7.14,1213410.49,6.81,937201.39,6.31,561925.27,6.41,420730.32
695,000650.SZ,20200225,6.86,7.26,6.75,7.26,6.96,0.2999999999999998,4.31,1384701.57,1037938.297,6.89,812684.38,6.99,875205.99,6.69,839266.62,6.45,387783.3,6.52,393027.14,6.22,470506.6,6.88,727251.16,7.14,1260422.65,6.78,913508.61,6.29,548730.31,6.41,416725.81
696,000650.SZ,20200224,6.83,7.02,6.82,6.96,6.78,0.17999999999999972,2.65,767781.37,561072.986,6.83,655842.6,7.07,940799.32,6.65,803402.95,6.45,379531.1,6.52,388602.72,6.21,453969.11,6.87,684900.17,7.08,1215486.58,6.74,875518.32,6.26,528200.37,6.41,407900.1
697,000650.SZ,20200221,6.7,6.84,6.61,6.78,6.73,0.04999999999999982,0.74,632553.56,448944.81,6.81,618049.85,7.15,1048241.26,6.62,785626.8,6.45,375881.64,6.52,388868.67,6.2,445675.63,6.89,736185.47,7.03,1183058.31,6.71,856666.24,6.25,517734.86,6.41,405207.28
698,000650.SZ,20200220,6.71,6.75,6.53,6.73,6.72,0.010000000000000675,0.15,684501.14,478991.238,6.79,624706.18,7.22,1176129.92,6.59,770803.78,6.45,373536.5,6.52,389485.68,6.19,442812.49,6.99,859264.14,6.99,1158943.79,6.68,846861.22,6.23,510443.89,6.42,404854.02
699,000650.SZ,20200219,6.89,6.89,6.71,6.72,6.94,-0.22000000000000064,-3.17,593884.27,422325.78,6.81,622662.59,7.28,1267468.92,6.56,754876.48,6.45,371044.7,6.53,391102.81,6.19,437487.12,7.14,1014555.51,6.96,1132506.21,6.66,835517.58,6.22,501146.61,6.42,403652.82
700,000650.SZ,20200218,6.92,6.99,6.85,6.94,6.86,0.08000000000000007,1.17,600492.66,437530.836,6.88,641817.93,7.28,1320467.35,6.54,740925.46,6.45,370478.06,6.53,390937.92,6.19,433033.14,7.27,1171619.75,6.93,1114580.16,6.63,821232.66,6.2,493021.85,6.42,402836.63
701,000650.SZ,20200217,6.77,6.87,6.71,6.86,6.7,0.16000000000000014,2.39,578817.6,414807.837,6.92,713957.74,7.27,1438322.39,6.51,729175.66,6.45,370420.13,6.53,391946.98,6.18,429240.37,7.34,1341081.1,6.89,1092561.46,6.59,806662.65,6.18,485485.66,6.42,400798.69
702,000650.SZ,20200214,6.88,6.96,6.66,6.7,6.83,-0.1299999999999999,-1.9,665835.24,475723.587,6.98,854321.1,7.27,1535824.68,6.48,721698.59,6.45,368256.93,6.53,392581.38,6.18,422790.73,7.41,1470390.15,6.85,1075706.56,6.56,791654.43,6.16,478675.92,6.41,397425.19
703,000650.SZ,20200213,7.08,7.08,6.82,6.83,7.06,-0.22999999999999954,-3.26,674283.18,489215.33,7.19,1093822.1,7.23,1521989.67,6.47,717183.09,6.45,364961.27,6.53,393052.93,6.17,415740.83,7.42,1532093.01,6.82,1052041.96,6.53,774225.69,6.15,469861.06,6.41,392791.61
704,000650.SZ,20200212,7.08,7.16,6.92,7.06,7.16,-0.10000000000000053,-1.4,689660.96,511721.911,7.47,1406448.43,7.16,1479292.19,6.44,702999.12,6.45,362804.3,6.54,396919.41,6.17,408635.25,7.41,1677925.5,6.77,1031354.35,6.5,755734.57,6.13,462490.53,6.4,387990.93
705,000650.SZ,20200211,7.04,7.18,6.8,7.16,7.14,0.020000000000000462,0.28,961191.7,705782.044,7.66,1701421.56,7.08,1437800.05,6.41,692636.48,6.45,361480.25,6.54,398981.37,6.16,400881.54,7.39,1793594.15,6.73,1006637.34,6.46,739445.85,6.11,454295.11,6.4,383337.41
706,000650.SZ,20200210,7.6,7.6,7.07,7.14,7.75,-0.6100000000000003,-7.87,1280634.41,975378.057,7.76,1968204.45,6.99,1375842.97,6.37,674882.83,6.44,356219.83,6.55,399575.77,6.15,390027.76,7.29,1746072.99,6.67,970827.4,6.42,718226.03,6.1,440706.92,6.39,376762.18
707,000650.SZ,20200207,8.21,8.54,7.74,7.75,8.25,-0.5,-6.06,1863340.23,1582232.036,7.84,2086459.2,6.92,1295437.5,6.33,643089.87,6.44,349432.82,6.56,398502.34,6.14,374300.67,7.18,1629931.14,6.62,916906.63,6.39,692615.16,6.08,421359.24,6.38,367210.14
708,000650.SZ,20200206,7.79,8.72,7.67,8.25,7.98,0.2699999999999996,3.38,2237414.87,1931339.247,7.65,1970363.92,6.79,1164420.46,6.26,591586.99,6.44,338977.6,6.56,396938.5,6.12,351036.24,7.0,1458623.43,6.53,840659.76,6.33,636904.76,6.05,392603.44,6.37,354907.2
709,000650.SZ,20200205,7.43,8.08,7.35,7.98,7.7,0.28000000000000025,3.64,2164526.61,1749751.556,7.34,1949402.57,6.62,1010905.43,6.18,528759.51,6.43,327208.22,6.57,393119.6,6.1,323455.27,6.78,1250456.91,6.42,745998.61,6.25,573568.63,6.02,357961.3,6.35,337538.77
710,000650.SZ,20200204,7.96,8.05,6.92,7.7,7.51,0.1900000000000004,2.53,2295106.15,1847774.791,7.12,1885766.73,6.47,859214.41,6.11,468343.16,6.43,316743.48,6.57,387522.12,6.08,297553.75,6.59,1057540.57,6.31,646039.12,6.18,513336.67,5.99,325139.59,6.34,321177.36
711,000650.SZ,20200203,7.22,7.51,6.84,7.51,6.82,0.6899999999999995,10.12,1871908.13,1448440.966,6.82,1523941.52,6.34,702708.62,6.05,403776.63,6.42,303126.91,6.58,382639.6,6.07,270202.17,6.43,844041.83,6.22,539453.43,6.11,443488.93,5.97,289294.32,6.34,303083.01
712,000650.SZ,20200123,6.85,6.94,6.64,6.82,6.7,0.1200000000000001,1.79,1282863.86,918585.474,6.51,1173403.08,6.23,573740.36,6.0,351662.69,6.42,292512.07,6.59,381555.45,6.06,247440.16,6.29,681022.97,6.14,452286.57,6.05,384833.4,5.95,260525.36,6.33,288622.37
713,000650.SZ,20200122,6.93,7.25,6.68,6.7,6.85,-0.14999999999999947,-2.19,2132608.08,1562792.254,6.35,946882.94,6.17,493904.13,5.97,317273.46,6.42,285151.3,6.6,385003.03,6.05,232521.93,6.21,571990.92,6.09,395292.03,6.01,345447.28,5.94,246107.93,6.33,279166.24
714,000650.SZ,20200121,6.85,6.85,6.54,6.85,6.22,0.6299999999999999,10.13,1846347.41,1308791.316,6.22,551511.25,6.12,345412.66,5.93,256829.21,6.42,273255.69,6.61,383206.55,6.05,208627.58,6.14,384783.2,6.05,294639.1,5.97,278039.37,5.93,215316.1,6.33,262536.98
715,000650.SZ,20200120,6.01,6.24,6.01,6.22,5.98,0.23999999999999932,4.01,485980.1,314023.824,6.07,229314.42,6.06,229416.94,5.9,205590.54,6.42,263912.9,6.62,385047.25,6.04,185549.5,6.07,219680.53,6.0,212371.7,5.93,219822.6,5.93,188874.24,6.33,249396.12
716,000650.SZ,20200117,5.99,6.03,5.96,5.98,5.99,-0.009999999999999787,-0.17,119215.94,75141.208,6.05,164142.14,6.05,218510.15,5.88,194405.17,6.43,265249.52,6.64,400944.29,6.04,181149.0,6.05,195581.81,5.99,204302.56,5.91,206957.74,5.94,186041.82,6.33,246660.41
717,000650.SZ,20200116,6.03,6.07,5.98,5.99,6.04,-0.04999999999999982,-0.83,150263.19,95155.338,6.07,188642.86,6.04,222057.9,5.87,196578.59,6.43,270958.56,6.66,413639.64,6.05,182125.8,6.05,203882.11,6.0,223957.18,5.9,206771.54,5.94,185639.79,6.34,247310.45
718,000650.SZ,20200115,6.12,6.13,6.02,6.04,6.12,-0.08000000000000007,-1.31,155749.62,99345.882,6.08,197098.89,6.02,223067.83,5.86,195759.38,6.44,275525.29,6.67,419934.66,6.05,184219.43,6.06,222696.09,5.99,226045.43,5.89,204346.22,5.95,185420.29,6.35,247037.71
719,000650.SZ,20200114,6.1,6.16,6.07,6.12,6.1,0.020000000000000462,0.33,235363.26,151413.255,6.07,218055.15,6.01,220977.17,5.85,194340.84,6.45,276848.59,6.68,428402.5,6.06,184939.13,6.06,241540.32,5.99,235124.5,5.88,202628.98,5.96,185180.54,6.35,247676.11
720,000650.SZ,20200113,6.09,6.1,6.01,6.1,6.09,0.009999999999999787,0.16,160118.7,102028.716,6.06,210046.65,5.99,213870.23,5.84,189834.91,6.45,278240.01,6.7,440574.96,6.07,185114.16,6.03,234537.67,5.97,241234.71,5.86,198306.13,5.96,183060.03,6.36,247351.29
721,000650.SZ,20200110,6.05,6.15,6.05,6.09,6.05,0.040000000000000036,0.66,241719.52,155194.476,6.05,227021.47,5.98,210749.53,5.83,188490.44,6.46,281551.51,6.71,452841.45,6.08,187604.58,6.01,234865.02,5.95,243212.48,5.84,199405.91,5.97,182844.03,6.36,248035.8
722,000650.SZ,20200109,6.02,6.07,6.0,6.05,5.98,0.0699999999999994,1.17,192543.34,122341.742,6.04,219121.37,5.96,207617.2,5.82,185878.25,6.47,285516.84,6.73,469751.99,6.09,188034.95,5.98,223550.17,5.93,236738.61,5.83,195428.93,5.97,180500.41,6.37,248478.58
723,000650.SZ,20200108,6.07,6.1,5.97,5.98,6.09,-0.10999999999999943,-1.81,260530.93,165022.788,6.04,248293.3,5.95,217775.2,5.81,184328.46,6.47,289296.6,6.74,472825.98,6.1,188470.7,5.96,218593.14,5.9,232175.46,5.82,192594.79,5.98,179266.49,6.38,249588.06
724,000650.SZ,20200107,6.05,6.09,6.02,6.09,6.05,0.040000000000000036,0.66,195320.75,124617.481,6.05,265025.48,5.97,237142.69,5.81,182403.89,6.48,294138.72,6.75,484396.28,6.11,190448.53,5.96,204495.0,5.89,224667.46,5.81,186649.15,5.99,177738.34,6.39,251686.05
725,000650.SZ,20200106,5.99,6.11,5.95,6.05,6.03,0.019999999999999574,0.33,244992.82,155600.639,6.0,259028.69,5.95,236889.42,5.8,180384.58,6.49,296713.0,6.76,494075.02,6.12,193750.01,5.93,205062.86,5.86,219893.63,5.8,183952.01,6.0,178181.54,6.39,254992.96
726,000650.SZ,20200103,6.05,6.08,6.0,6.03,6.07,-0.040000000000000036,-0.66,202219.01,128456.041,5.96,242708.58,5.94,243992.35,5.8,176308.29,6.49,300366.0,6.77,504074.33,6.14,196823.57,5.93,213023.31,5.85,212645.7,5.79,180882.42,6.01,178160.62,6.4,255178.99
727,000650.SZ,20200102,6.0,6.09,5.95,6.07,6.0,0.07000000000000028,1.17,338402.99,214416.06,5.93,227978.96,5.93,255942.25,5.79,174723.06,6.5,303725.81,6.79,510874.23,6.15,203558.32,5.94,244032.24,5.83,208216.26,5.78,178803.47,6.02,177536.25,6.4,255087.67
728,000650.SZ,20191231,5.85,6.04,5.83,6.0,5.85,0.15000000000000036,2.56,344191.85,216110.332,5.88,188892.99,5.9,245270.78,5.78,169776.89,6.51,306553.05,6.8,515731.04,6.17,213722.62,5.92,229394.77,5.81,195171.29,5.78,174026.56,6.03,174629.49,6.41,255298.31
729,000650.SZ,20191230,5.8,5.85,5.75,5.85,5.84,0.009999999999999787,0.17,165336.77,101170.766,5.86,143964.53,5.87,227428.51,5.77,163681.36,6.52,313383.09,6.81,521259.15,6.18,214433.34,5.91,228708.68,5.79,183173.31,5.77,166775.64,6.03,174568.49,6.41,256588.36
730,000650.SZ,20191227,5.89,5.91,5.84,5.84,5.88,-0.040000000000000036,-0.68,163392.26,101036.106,5.86,151097.04,5.85,222501.09,5.77,165643.54,6.54,319444.18,6.82,534062.82,6.2,218788.15,5.92,247931.76,5.77,180190.35,5.77,164811.04,6.04,173737.72,6.42,256907.98
731,000650.SZ,20191226,5.84,5.88,5.81,5.88,5.85,0.03000000000000025,0.51,128570.95,79220.828,5.89,183338.04,5.83,218422.51,5.78,166659.54,6.55,325682.05,6.84,540529.26,6.21,223434.17,5.9,251559.93,5.76,181676.35,5.77,164308.67,6.05,173613.56,6.43,258073.91
732,000650.SZ,20191225,5.88,5.92,5.83,5.85,5.9,-0.05000000000000071,-0.85,142973.1,88411.12,5.95,260085.52,5.81,216212.76,5.79,167169.22,6.57,332422.69,6.85,545205.94,6.23,227033.02,5.87,249927.06,5.75,181368.31,5.77,165697.42,6.06,174678.65,6.44,259984.06
733,000650.SZ,20191224,5.85,5.9,5.84,5.9,5.84,0.0600000000000005,1.03,119549.55,73884.396,5.96,269896.55,5.8,212909.78,5.8,166486.89,6.59,342534.35,6.86,547457.89,6.24,229262.1,5.84,245757.78,5.74,179595.61,5.76,165496.44,6.07,177417.19,6.45,263314.49
734,000650.SZ,20191223,5.97,5.97,5.83,5.84,5.99,-0.15000000000000036,-2.5,200999.32,124535.984,5.96,313452.83,5.78,212454.43,5.8,167029.31,6.61,352759.85,6.87,548116.12,6.26,232727.14,5.82,244839.91,5.74,177726.22,5.76,169246.48,6.08,178920.15,6.46,267798.28
735,000650.SZ,20191220,6.18,6.18,5.99,5.99,6.17,-0.17999999999999972,-2.92,324597.26,207560.106,5.97,344766.48,5.77,202954.76,5.82,165790.7,6.63,359826.18,6.87,548420.15,6.27,237008.13,5.8,234724.39,5.73,173396.58,5.76,169144.38,6.09,179711.67,6.47,268909.28
736,000650.SZ,20191219,5.92,6.25,5.91,6.17,5.91,0.2599999999999998,4.4,512308.36,327002.628,5.91,319781.83,5.74,186003.62,5.83,161985.61,6.65,367780.1,6.87,547635.89,6.29,237589.95,5.77,212268.1,5.72,164811.98,5.77,163187.81,6.11,180083.38,6.48,269065.73
737,000650.SZ,20191218,5.92,5.94,5.88,5.91,5.91,0.0,0.0,192028.24,119325.326,5.79,239768.6,5.69,154724.33,5.83,151164.47,6.67,375949.38,6.88,545877.81,6.3,239938.59,5.72,172400.27,5.71,146189.08,5.77,150103.32,6.12,176111.53,6.49,266654.1
738,000650.SZ,20191217,5.89,5.96,5.85,5.91,5.88,0.03000000000000025,0.51,337330.95,209518.869,5.73,221619.02,5.67,154807.71,5.84,149803.95,6.69,387570.76,6.88,546820.71,6.32,247302.4,5.69,160947.81,5.71,146342.45,5.78,148302.11,6.13,176664.81,6.49,268550.87
739,000650.SZ,20191216,5.69,5.89,5.68,5.88,5.68,0.20000000000000018,3.52,357567.59,219634.494,5.67,176226.99,5.65,138275.35,5.85,152171.21,6.71,397929.58,6.89,547988.59,6.34,250125.1,5.66,137637.95,5.7,135809.12,5.79,142353.96,6.15,177857.1,6.5,269914.66
740,000650.SZ,20191213,5.59,5.68,5.57,5.68,5.57,0.10999999999999943,1.97,199673.99,118543.567,5.62,124682.3,5.64,119040.84,5.86,150039.78,6.73,410428.6,6.89,547756.16,6.36,251031.71,5.63,112448.95,5.7,123250.69,5.81,136942.52,6.17,179279.82,6.51,272588.7
741,000650.SZ,20191212,5.58,5.6,5.54,5.57,5.59,-0.019999999999999574,-0.36,112242.25,65737.467,5.62,104754.38,5.64,110001.44,5.89,151809.23,6.75,431073.79,6.9,548612.2,6.38,252710.94,5.62,111792.76,5.7,120683.04,5.82,135099.71,6.19,183877.1,6.53,278769.06
742,000650.SZ,20191211,5.62,5.63,5.57,5.59,5.62,-0.03000000000000025,-0.53,101280.34,59607.901,5.64,105031.94,5.66,110167.93,5.92,157803.13,6.78,446021.61,6.9,550391.37,6.4,257142.95,5.63,112809.57,5.71,123582.6,5.85,136217.32,6.22,193795.14,6.54,284565.98
743,000650.SZ,20191210,5.65,5.65,5.57,5.62,5.66,-0.040000000000000036,-0.71,110370.79,65228.644,5.65,100276.59,5.67,114139.07,5.95,157621.19,6.79,453749.68,6.91,552722.09,6.43,263661.38,5.64,113433.43,5.72,125365.77,5.87,146768.57,6.25,210452.56,6.55,286607.86
744,000650.SZ,20191209,5.69,5.69,5.62,5.66,5.67,-0.009999999999999787,-0.18,99844.13,59361.344,5.65,99048.91,5.69,116406.73,5.97,158407.14,6.81,464002.76,6.92,554334.68,6.44,269394.52,5.66,110612.53,5.73,131449.77,5.9,152592.84,6.27,215237.98,6.56,289319.16
745,000650.SZ,20191206,5.69,5.69,5.63,5.67,5.68,-0.009999999999999787,-0.18,100034.37,59579.42,5.63,100215.6,5.71,123733.77,6.0,159628.33,6.83,479229.6,6.92,556929.82,6.46,274675.83,5.66,112068.78,5.75,136354.38,5.93,157925.88,6.29,221773.04,6.57,293795.25
746,000650.SZ,20191205,5.63,5.68,5.62,5.68,5.62,0.05999999999999961,1.07,113630.06,67640.949,5.62,118831.15,5.72,125782.22,6.01,159866.52,6.85,494042.95,6.92,558403.06,6.47,278087.9,5.68,117355.86,5.77,138647.67,5.96,165125.9,6.31,228636.53,6.58,299734.36
747,000650.SZ,20191204,5.58,5.63,5.57,5.62,5.62,0.0,0.0,77503.6,45733.741,5.62,120587.19,5.73,125225.98,6.03,160852.65,6.87,514778.85,6.93,559431.29,6.48,278892.8,5.7,119977.9,5.8,138954.85,5.98,164508.04,6.34,233384.1,6.59,304927.68
748,000650.SZ,20191203,5.52,5.63,5.51,5.62,5.56,0.0600000000000005,1.08,104232.41,61324.936,5.64,126590.27,5.74,130673.48,6.06,161546.73,6.89,519185.41,6.93,560715.41,6.49,279323.5,5.72,131737.1,5.83,141979.27,6.01,166494.35,6.36,237261.61,6.61,312263.45
749,000650.SZ,20191202,5.61,5.62,5.53,5.56,5.62,-0.0600000000000005,-1.07,105677.56,62078.399,5.66,122176.14,5.76,135750.48,6.09,161966.61,6.91,533849.85,6.93,562571.4,6.49,279243.07,5.74,133980.28,5.86,144711.97,6.04,167732.09,6.38,241848.19,6.62,316111.65
750,000650.SZ,20191129,5.61,5.66,5.51,5.62,5.66,-0.040000000000000036,-0.71,193112.13,113423.668,5.7,123921.96,5.77,138155.57,6.12,163824.39,6.93,545831.44,6.93,564052.96,6.5,279583.88,5.77,134052.42,5.9,149189.31,6.07,167813.93,6.4,248788.13,6.63,321656.22
751,000650.SZ,20191128,5.72,5.75,5.63,5.66,5.72,-0.05999999999999961,-1.05,122410.27,73386.643,5.73,115880.57,5.79,141150.86,6.15,164671.47,6.94,557927.03,6.94,564860.06,6.51,279304.58,5.78,129573.31,5.93,146753.18,6.09,166282.15,6.43,251706.82,6.64,325763.88
752,000650.SZ,20191127,5.75,5.77,5.71,5.72,5.75,-0.03000000000000025,-0.52,107518.98,64857.001,5.78,119368.6,5.81,146960.55,6.17,168239.91,6.96,566461.7,6.94,566535.26,6.52,279464.32,5.8,134355.63,5.95,147921.2,6.12,165571.88,6.45,261140.93,6.66,330956.51
753,000650.SZ,20191126,5.77,5.8,5.74,5.75,5.75,0.0,0.0,82161.77,49772.276,5.81,136883.93,5.84,149912.95,6.2,169923.38,6.98,573765.06,6.95,568684.11,6.52,283190.56,5.8,137298.1,5.98,163436.14,6.15,165938.19,6.48,271754.17,6.67,341124.83
754,000650.SZ,20191125,5.8,5.8,5.71,5.75,5.78,-0.03000000000000025,-0.52,114406.63,69218.782,5.83,145784.42,5.88,152806.17,6.22,172330.3,6.99,582072.56,6.95,570564.19,6.53,284137.77,5.81,152287.01,6.02,173582.99,6.17,168827.54,6.51,279535.37,6.69,349091.26
755,000650.SZ,20191122,5.91,5.92,5.77,5.78,5.9,-0.1200000000000001,-2.03,152905.19,93841.464,5.83,144182.89,5.91,154620.43,6.24,178981.04,7.01,597452.78,6.95,573254.04,6.55,285294.45,5.83,160639.98,6.06,180854.43,6.2,172411.07,6.54,284721.32,6.71,356984.92
756,000650.SZ,20191121,5.86,5.91,5.79,5.9,5.86,0.040000000000000036,0.68,139850.43,86164.479,5.83,143266.05,5.95,155080.52,6.26,177880.63,7.03,605114.69,6.95,574214.6,6.56,284906.17,5.87,159939.47,6.1,189010.91,6.23,175438.82,6.56,287599.83,6.74,364870.91
757,000650.SZ,20191120,5.86,5.96,5.8,5.86,5.85,0.010000000000000675,0.17,195095.62,120787.488,5.82,149342.67,5.98,159340.06,6.27,178353.93,7.04,610524.96,6.95,575135.26,6.57,284863.24,5.9,157931.8,6.13,186773.11,6.25,176269.04,6.58,292679.71,6.76,377030.92
758,000650.SZ,20191119,5.79,5.85,5.77,5.85,5.78,0.0699999999999994,1.21,126664.24,77603.492,5.8,137712.28,6.01,155439.59,6.29,178276.89,7.05,612805.92,6.95,576546.01,6.59,284237.02,5.93,152221.43,6.16,183872.97,6.27,175232.41,6.61,299264.16,6.79,388671.96
759,000650.SZ,20191118,5.77,5.83,5.7,5.78,5.74,0.040000000000000036,0.7,106398.96,64719.242,5.8,158789.61,6.04,156909.31,6.3,183589.27,7.06,613529.02,6.96,579442.0,6.6,284376.12,5.97,155443.65,6.19,184608.0,6.3,182361.33,6.63,306159.02,6.81,397771.03
760,000650.SZ,20191115,5.83,5.84,5.73,5.74,5.85,-0.10999999999999943,-1.88,148321.02,90385.635,5.83,177097.07,6.07,180864.61,6.33,186628.34,7.06,614542.78,6.96,581107.01,6.61,286550.06,6.03,164326.19,6.22,184694.68,6.31,182664.4,6.64,312651.41,6.83,409134.04
761,000650.SZ,20191114,5.7,5.89,5.7,5.85,5.77,0.08000000000000007,1.39,170233.49,104016.522,5.91,176612.89,6.13,191385.98,6.35,189574.5,7.07,614846.5,6.96,583549.14,6.62,286675.05,6.07,163933.05,6.25,184636.57,6.34,182918.45,6.66,316111.72,6.86,421970.42
762,000650.SZ,20191113,5.84,5.84,5.72,5.77,5.85,-0.08000000000000007,-1.37,136943.68,83243.354,5.99,166520.93,6.19,198278.44,6.38,194770.58,7.08,615158.71,6.96,585873.46,6.64,287034.88,6.11,161486.76,6.28,181180.01,6.35,183659.89,6.66,316174.46,6.89,436097.69
763,000650.SZ,20191112,5.94,5.96,5.74,5.85,5.94,-0.09000000000000075,-1.52,232050.89,142243.176,6.07,166730.59,6.25,212054.68,6.41,198801.57,7.08,616647.84,6.96,589402.34,6.65,286776.08,6.16,189574.18,6.32,180258.23,6.37,189337.93,6.67,315722.16,6.91,450198.17
764,000650.SZ,20191111,6.11,6.13,5.92,5.94,6.15,-0.20999999999999996,-3.41,197936.27,125104.274,6.15,152097.69,6.3,201519.57,6.44,198600.8,7.09,618749.59,6.96,590435.91,6.66,286780.17,6.22,194878.97,6.35,177097.8,6.4,188593.82,6.68,313491.33,6.93,466242.97
765,000650.SZ,20191108,6.27,6.29,6.15,6.15,6.22,-0.0699999999999994,-1.13,145900.14,95316.587,6.22,151555.32,6.34,196839.3,6.47,204804.68,7.1,619585.36,6.96,592606.16,6.67,286759.48,6.29,201068.88,6.39,178296.62,6.42,190278.96,6.68,312379.7,6.96,491031.67
766,000650.SZ,20191107,6.18,6.26,6.15,6.22,6.18,0.040000000000000036,0.65,119773.66,78387.803,6.23,151253.2,6.36,196490.43,6.5,213540.89,7.1,620963.44,6.96,593577.27,6.68,288044.28,6.34,218082.35,6.41,183188.49,6.44,196978.95,6.68,312817.43,6.98,508688.58
767,000650.SZ,20191106,6.25,6.28,6.17,6.18,6.26,-0.08000000000000007,-1.28,137991.97,90397.098,6.23,156452.59,6.37,195594.96,6.53,224003.73,7.1,622999.2,6.96,594816.46,6.69,290378.68,6.36,215614.43,6.43,185437.65,6.46,202119.74,6.68,313061.05,7.0,517808.15
768,000650.SZ,20191105,6.26,6.31,6.2,6.26,6.29,-0.03000000000000025,-0.48,158886.43,104654.588,6.24,212417.77,6.38,196300.1,6.55,240748.82,7.11,625479.62,6.95,596628.53,6.7,292881.2,6.39,215524.52,6.44,186737.91,6.48,205027.51,6.68,317210.97,7.02,529881.67
769,000650.SZ,20191104,6.24,6.36,6.24,6.29,6.22,0.07000000000000028,1.13,195224.39,129489.157,6.29,237660.24,6.4,191855.16,6.58,268449.97,7.11,627035.25,6.95,599962.14,6.71,297593.23,6.41,213772.35,6.46,195820.18,6.5,213360.23,6.69,317116.24,7.04,547661.86
770,000650.SZ,20191101,6.22,6.26,6.13,6.22,6.22,0.0,0.0,144389.57,94329.168,6.36,250582.45,6.42,185953.91,6.61,274399.12,7.11,629418.58,6.95,603255.22,6.72,302885.58,6.41,205063.17,6.46,191833.51,6.53,221617.13,6.69,317215.12,7.05,564644.62
771,000650.SZ,20191031,6.18,6.3,6.18,6.22,6.23,-0.010000000000000675,-0.16,145770.61,95770.848,6.44,284911.5,6.45,187834.89,6.63,284621.43,7.11,630839.57,6.94,604569.8,6.72,304524.61,6.42,205340.09,6.47,192411.16,6.56,232654.49,6.7,316871.69,7.07,589271.37
772,000650.SZ,20191030,6.34,6.34,6.18,6.23,6.47,-0.23999999999999932,-3.71,417817.86,274880.151,6.48,274776.27,6.48,193691.97,6.65,295388.29,7.11,631823.11,6.94,605523.28,6.73,305131.14,6.45,200873.25,6.47,194746.45,6.59,251372.97,6.71,316719.37,7.09,593990.36
773,000650.SZ,20191029,6.61,6.65,6.43,6.47,6.65,-0.1800000000000006,-2.71,285098.78,195789.403,6.53,218631.26,6.51,180301.18,6.67,294819.66,7.1,630966.88,6.94,604506.67,6.73,304409.3,6.48,170942.28,6.48,189219.81,6.63,274136.56,6.72,312224.55,7.11,608974.47
774,000650.SZ,20191028,6.65,6.65,6.51,6.65,6.62,0.03000000000000025,0.45,259835.42,180580.327,6.53,189884.46,6.51,171044.11,6.69,295556.57,7.1,631889.07,6.93,604250.33,6.74,307261.28,6.49,159316.64,6.48,185451.24,6.65,277883.11,6.73,309757.85,7.12,621857.2
775,000650.SZ,20191025,6.44,6.68,6.4,6.62,6.42,0.20000000000000018,3.12,316034.84,219388.721,6.46,159543.9,6.5,163671.93,6.7,299073.99,7.1,632557.3,6.93,604216.48,6.74,306512.69,6.49,155524.36,6.48,184883.99,6.66,285620.2,6.73,309918.0,7.13,635815.88
776,000650.SZ,20191024,6.5,6.52,6.38,6.42,6.49,-0.07000000000000028,-1.08,95094.45,64384.84,6.41,125768.69,6.5,165556.31,6.7,305133.97,7.1,632650.89,6.92,603557.0,6.75,306342.95,6.48,148294.62,6.49,186427.25,6.67,292147.17,6.73,307279.01,7.14,644443.95
777,000650.SZ,20191023,6.47,6.54,6.43,6.49,6.46,0.03000000000000025,0.46,137092.81,93539.287,6.42,126970.23,6.49,167125.28,6.72,313167.46,7.09,634806.62,6.91,603861.11,6.75,309845.54,6.5,155260.88,6.51,195372.4,6.69,302260.16,6.74,308981.12,7.16,653311.52
778,000650.SZ,20191022,6.31,6.47,6.3,6.46,6.32,0.13999999999999968,2.22,141364.77,95208.839,6.43,123253.31,6.48,168575.26,6.74,329384.05,7.09,637123.16,6.91,604603.64,6.76,315252.64,6.5,157951.3,6.53,199779.0,6.7,308028.86,6.74,308655.14,7.17,662822.76
779,000650.SZ,20191021,6.34,6.34,6.22,6.32,6.35,-0.02999999999999936,-0.47,108132.64,71447.583,6.45,128748.82,6.47,172506.94,6.77,347117.84,7.09,638918.51,6.9,605746.18,6.77,322135.82,6.51,177868.0,6.55,213154.17,6.72,315964.3,6.74,310171.68,7.19,681054.37
780,000650.SZ,20191018,6.48,6.52,6.34,6.35,6.48,-0.13000000000000078,-2.01,147158.77,99441.251,6.51,151504.82,6.47,187826.35,6.8,360085.52,7.09,642118.92,6.9,606226.11,6.78,325151.65,6.51,178603.84,6.6,229894.1,6.74,329762.34,6.75,311642.54,7.2,690621.77
781,000650.SZ,20191017,6.55,6.56,6.47,6.48,6.54,-0.05999999999999961,-0.92,101102.18,69237.099,6.56,170820.56,6.49,192639.32,6.83,368273.89,7.09,643286.15,6.89,606301.32,6.79,327767.82,6.51,179482.22,6.63,246311.68,6.77,337131.49,6.76,313227.57,7.21,697053.2
782,000650.SZ,20191016,6.58,6.59,6.52,6.54,6.54,0.0,0.0,118508.19,81669.482,6.58,183551.52,6.5,203976.87,6.86,374877.24,7.09,644635.74,6.88,606386.89,6.79,329391.96,6.49,188619.66,6.67,276622.82,6.79,356709.98,6.77,316456.75,7.22,700573.62
783,000650.SZ,20191015,6.6,6.62,6.5,6.54,6.66,-0.1200000000000001,-1.8,168842.3,116527.086,6.57,192649.28,6.52,221545.48,6.88,384469.43,7.08,646823.26,6.87,606404.72,6.8,333407.06,6.47,207497.34,6.71,325733.69,6.82,377570.16,6.77,319909.64,7.22,701509.3
784,000650.SZ,20191014,6.62,6.71,6.59,6.66,6.58,0.08000000000000007,1.22,221912.65,155271.774,6.57,226987.19,6.54,229634.33,6.9,396861.21,7.08,649929.12,6.86,606063.07,6.8,337835.63,6.48,211585.85,6.73,337166.35,6.85,390243.2,6.78,325633.75,7.23,702205.46
785,000650.SZ,20191011,6.58,6.71,6.53,6.58,6.56,0.020000000000000462,0.3,243737.49,169744.816,6.51,205702.86,6.56,229889.12,6.91,406227.2,7.08,651081.01,6.85,605416.0,6.81,343922.84,6.48,214243.62,6.74,350668.12,6.87,397031.56,6.79,331804.38,7.22,701956.66
786,000650.SZ,20191010,6.51,6.58,6.45,6.56,6.5,0.05999999999999961,0.92,164756.97,113090.358,6.46,188143.88,6.58,242591.48,6.92,413644.98,7.07,653284.51,6.85,604906.54,6.82,353223.9,6.5,224559.88,6.76,364073.44,6.89,399760.85,6.79,332197.36,7.22,701718.78
787,000650.SZ,20191009,6.48,6.51,6.37,6.5,6.55,-0.04999999999999982,-0.76,163997.0,111210.503,6.41,193687.79,6.63,263989.5,6.92,419268.0,7.07,656050.4,6.84,604554.8,6.83,361798.78,6.53,235483.92,6.78,375759.8,6.92,409090.38,6.79,332639.09,7.23,703273.96
788,000650.SZ,20191008,6.37,6.72,6.36,6.55,6.34,0.20999999999999996,3.31,340531.83,235757.261,6.38,222345.39,6.68,287952.07,6.91,419562.14,7.07,660004.06,6.83,604794.27,6.83,364229.55,6.56,241606.71,6.81,383067.65,6.94,423295.9,6.79,335967.13,7.23,706363.17
789,000650.SZ,20190930,6.34,6.39,6.32,6.34,6.35,-0.009999999999999787,-0.16,115491.0,77116.517,6.39,196184.51,6.72,316166.93,6.9,412776.09,7.06,660463.73,6.82,603501.62,6.84,365498.82,6.6,248440.35,6.83,385012.44,6.96,429956.71,6.79,338608.23,7.23,706177.8
790,000650.SZ,20190927,6.3,6.4,6.28,6.35,6.29,0.05999999999999961,0.95,155942.58,104293.794,6.45,222784.39,6.8,391954.2,6.9,412267.55,7.06,663583.29,6.82,604236.38,6.84,372451.94,6.68,281184.37,6.86,405341.59,6.97,442638.42,6.8,340078.23,7.23,708084.91
791,000650.SZ,20190926,6.37,6.43,6.28,6.29,6.37,-0.08000000000000007,-1.26,192476.56,128767.466,6.54,260975.89,6.85,410535.19,6.89,411540.95,7.05,664653.25,6.81,604442.05,6.85,381209.07,6.76,313141.14,6.9,415956.12,6.98,449304.99,6.81,342534.26,7.24,710226.41
792,000650.SZ,20190925,6.56,6.56,6.37,6.37,6.61,-0.2400000000000002,-3.63,307285.0,207598.224,6.65,277280.05,6.9,433571.45,6.89,410943.53,7.05,665602.71,6.81,603945.92,6.86,388467.1,6.84,364625.99,6.94,440755.15,6.98,448689.03,6.83,345289.46,7.24,712748.88
793,000650.SZ,20190924,6.64,6.72,6.6,6.61,6.65,-0.040000000000000036,-0.6,209727.39,147096.33,6.75,260868.02,6.94,449306.76,6.88,405858.4,7.05,666553.72,6.8,602935.52,6.88,397140.59,6.94,443970.05,6.99,462606.56,6.97,442106.4,6.84,349211.8,7.24,713378.98
794,000650.SZ,20190923,6.74,6.74,6.58,6.65,6.77,-0.11999999999999922,-1.77,248490.41,173693.879,6.81,300696.19,6.97,463826.51,6.87,411071.93,7.04,670113.03,6.79,602529.15,6.88,401891.11,6.98,462746.86,7.03,479571.88,6.96,438388.84,6.85,356676.4,7.24,716118.12
795,000650.SZ,20190920,6.84,6.9,6.7,6.77,6.85,-0.08000000000000007,-1.17,346900.08,247685.571,6.91,339584.35,7.0,468569.86,6.87,408269.35,7.03,673607.92,6.78,601523.17,6.88,408858.24,7.0,487092.61,7.06,488425.53,6.94,434480.43,6.85,358106.89,7.24,716955.8
796,000650.SZ,20190919,6.89,6.9,6.78,6.85,6.86,-0.010000000000000675,-0.15,273997.36,197232.667,6.98,365306.4,7.02,471071.99,6.87,403982.79,7.02,673744.4,6.77,600074.97,6.89,413379.99,7.02,503587.0,7.09,487361.33,6.93,428655.91,6.85,358048.08,7.23,716459.97
797,000650.SZ,20190918,6.92,6.95,6.85,6.86,6.9,-0.040000000000000036,-0.58,225224.88,163425.983,7.03,451971.93,7.02,490154.8,6.86,399564.76,7.02,673972.95,6.76,599138.77,6.89,419667.03,7.04,516035.68,7.11,495893.6,6.9,424002.35,6.85,357196.66,7.22,716630.99
798,000650.SZ,20190917,7.13,7.13,6.88,6.9,7.15,-0.25,-3.5,408868.2,299923.75,7.13,627072.07,7.04,501155.44,6.86,396959.07,7.01,674117.29,6.75,598880.76,6.9,434366.95,7.05,524528.58,7.13,514140.49,6.88,429394.43,6.86,360436.93,7.21,718236.57
799,000650.SZ,20190916,7.1,7.25,7.05,7.15,7.12,0.03000000000000025,0.42,442931.25,333346.435,7.15,624797.53,7.06,522662.28,6.86,389290.25,7.0,672956.94,6.74,597216.94,6.92,442757.14,7.07,521584.54,7.14,520714.9,6.87,420872.24,6.86,361972.22,7.21,717796.51
800,000650.SZ,20190912,7.14,7.2,6.98,7.12,7.14,-0.019999999999999574,-0.28,475510.32,354271.95,7.1,634600.87,7.08,545845.52,6.85,380295.12,6.99,671645.71,6.73,595601.82,6.94,451006.67,7.04,529498.81,7.12,523365.45,6.86,412813.11,6.86,365897.58,7.2,716851.35
801,000650.SZ,20190911,7.31,7.36,7.13,7.14,7.32,-0.1800000000000006,-2.46,707325.02,537714.368,7.07,641867.59,7.1,551501.17,6.84,374234.36,6.98,669764.27,6.72,593909.57,6.96,459322.85,7.03,518771.09,7.09,517386.91,6.84,401088.9,6.86,373661.03,7.19,716268.09
802,000650.SZ,20190910,7.03,7.32,6.95,7.32,7.02,0.3000000000000007,4.27,1100725.57,832574.055,7.04,580099.43,7.11,529827.19,6.83,358068.78,6.96,665869.59,6.7,590471.39,6.98,471212.54,7.04,516884.3,7.05,490720.54,6.83,382065.78,6.86,375336.82,7.19,714296.0
803,000650.SZ,20190909,6.95,7.02,6.9,7.02,6.89,0.1299999999999999,1.89,397495.49,291439.095,6.98,421985.1,7.11,470203.38,6.81,331495.11,6.95,660049.13,6.69,584761.42,7.0,477763.14,7.05,481243.08,6.99,441174.57,6.81,350312.55,6.85,362763.15,7.18,708455.75
804,000650.SZ,20190906,7.01,7.03,6.81,6.89,6.98,-0.09000000000000075,-1.29,491947.94,356793.726,6.98,418371.55,7.13,473830.1,6.8,323260.95,6.94,659611.34,6.68,584140.36,7.02,488710.56,7.08,496396.91,6.95,426209.83,6.81,341632.59,6.85,363400.34,7.17,709884.88
805,000650.SZ,20190905,7.01,7.11,6.93,6.98,6.98,0.0,0.0,511843.93,378102.196,6.97,424396.74,7.16,481385.08,6.79,315625.94,6.93,657509.21,6.67,581763.9,7.04,501750.73,7.13,489758.44,6.92,408174.35,6.8,334215.81,6.85,365817.46,7.17,708412.32
806,000650.SZ,20190904,7.05,7.08,6.88,6.98,7.01,-0.02999999999999936,-0.43,398484.21,292052.95,7.0,395674.6,7.17,483578.34,6.79,306347.72,6.92,655064.94,6.66,579145.25,7.07,517441.96,7.16,471135.66,6.88,391190.36,6.8,322410.85,6.85,370832.18,7.16,706608.97
807,000650.SZ,20190903,7.08,7.08,6.94,7.01,7.05,-0.040000000000000036,-0.57,310153.92,228844.534,7.03,453669.17,7.15,491075.11,6.78,301752.89,6.9,653100.21,6.65,577551.27,7.1,537002.25,7.18,475751.53,6.84,377985.68,6.79,315702.08,6.85,376471.26,7.15,706900.86
808,000650.SZ,20190902,6.92,7.13,6.81,7.05,6.85,0.20000000000000018,2.92,379427.74,279007.008,7.12,540501.06,7.12,494597.09,6.78,301302.87,6.89,651790.27,6.65,576304.47,7.11,557253.55,7.21,503752.4,6.8,381827.35,6.78,309281.41,6.86,387265.3,7.14,709450.3
809,000650.SZ,20190830,7.11,7.16,6.8,6.85,7.1,-0.25,-3.52,522073.92,383195.873,7.18,574422.27,7.06,478794.78,6.78,299722.1,6.88,649926.9,6.64,574510.92,7.14,580960.21,7.21,519845.25,6.77,370516.09,6.76,304379.07,6.85,390375.11,7.14,709519.95
810,000650.SZ,20190829,7.24,7.24,7.07,7.1,7.15,-0.05000000000000071,-0.7,368233.2,277392.956,7.28,555120.14,7.0,447081.86,6.78,299434.3,6.87,647083.04,6.63,571933.08,7.17,616300.29,7.21,517232.08,6.77,354470.26,6.76,293522.75,6.86,394524.3,7.13,709844.68
811,000650.SZ,20190828,7.57,7.62,7.11,7.15,7.45,-0.2999999999999998,-4.03,688457.08,528523.775,7.31,546596.72,6.94,426310.14,6.78,306020.1,6.85,645620.58,6.62,570689.66,7.19,641586.9,7.15,516002.72,6.75,342247.81,6.75,289323.65,6.86,399820.93,7.12,711468.1
812,000650.SZ,20190827,7.49,7.75,7.33,7.45,7.33,0.1200000000000001,1.64,744313.38,588040.713,7.34,497833.88,6.86,383447.15,6.76,293633.61,6.84,641570.96,6.61,567608.92,7.21,648595.78,7.06,464556.79,6.73,314656.52,6.74,276203.52,6.86,400772.08,7.11,711842.0
813,000650.SZ,20190826,7.14,7.56,7.13,7.33,7.35,-0.019999999999999574,-0.27,549033.75,426716.691,7.31,467003.73,6.77,339435.68,6.74,277367.36,6.82,637822.04,6.6,563920.02,7.22,659829.12,6.93,401106.06,6.7,284847.28,6.73,262249.12,6.86,410495.5,7.1,709028.75
814,000650.SZ,20190823,7.32,7.46,7.26,7.35,7.28,0.0699999999999994,0.96,425563.31,329497.982,7.25,465268.24,6.68,307540.05,6.72,271915.76,6.81,634857.04,6.59,561806.67,7.24,683075.46,6.82,356022.76,6.67,264250.44,6.72,261024.3,6.87,418647.15,7.08,709159.38
815,000650.SZ,20190822,7.29,7.42,7.2,7.28,7.27,0.010000000000000675,0.14,325616.1,250280.22,7.13,479344.02,6.59,304572.66,6.69,274075.6,6.8,633566.09,6.59,560322.48,7.25,707176.69,6.71,326590.25,6.64,256444.49,6.71,266577.2,6.89,429248.52,7.07,708196.49
816,000650.SZ,20190821,7.24,7.41,7.13,7.27,7.3,-0.03000000000000025,-0.41,444642.87,340479.838,6.99,485408.73,6.53,291310.08,6.69,270489.57,6.78,632629.17,6.58,558980.4,7.27,744163.14,6.61,311245.06,6.62,248048.45,6.68,264633.88,6.91,442141.99,7.06,708226.34
817,000650.SZ,20190820,7.08,7.37,6.99,7.3,7.03,0.2699999999999996,3.84,590162.62,449171.485,6.79,431279.69,6.49,272580.42,6.68,266332.55,6.77,630295.75,6.57,557021.59,7.28,747728.55,6.49,280219.83,6.59,235677.35,6.66,256187.81,6.94,461382.14,7.05,708222.9
818,000650.SZ,20190819,6.85,7.09,6.85,7.03,6.79,0.2400000000000002,3.53,540356.29,399031.958,6.56,335208.38,6.45,236705.16,6.67,259498.01,6.75,627145.51,6.56,554396.74,7.29,769405.2,6.38,259902.3,6.56,212045.92,6.64,248638.37,6.97,478079.77,7.03,709323.78
819,000650.SZ,20190816,6.59,6.93,6.51,6.79,6.56,0.23000000000000043,3.51,495942.24,353224.153,6.4,246777.27,6.43,205649.39,6.67,259564.75,6.74,624372.55,6.56,552978.3,7.31,786614.14,6.33,221186.93,6.54,196645.99,6.62,247259.75,6.99,489383.03,7.02,711085.43
820,000650.SZ,20190815,6.16,6.59,6.08,6.56,6.26,0.2999999999999998,4.79,355939.61,240289.006,6.28,173836.48,6.43,178894.49,6.68,264319.5,6.73,621473.51,6.55,551528.2,7.32,805799.93,6.33,191708.43,6.54,181668.09,6.63,237518.04,7.02,505616.67,7.01,710007.19
821,000650.SZ,20190814,6.22,6.31,6.2,6.26,6.15,0.10999999999999943,1.79,173997.71,114485.016,6.22,137081.4,6.45,162060.44,6.69,263683.63,6.72,619711.11,6.55,550939.68,7.34,819072.78,6.35,168492.89,6.55,175984.11,6.64,235763.53,7.06,527829.11,7.0,709598.6
822,000650.SZ,20190813,6.19,6.2,6.11,6.15,6.25,-0.09999999999999964,-1.6,109806.07,71100.417,6.19,129159.98,6.49,169402.49,6.71,268665.21,6.71,619306.82,6.55,551577.5,7.37,832208.86,6.4,164756.25,6.58,182026.89,6.67,241889.89,7.11,556020.92,7.0,710198.7
823,000650.SZ,20190812,6.19,6.27,6.16,6.25,6.18,0.07000000000000028,1.13,98200.74,64219.466,6.2,184596.21,6.54,173086.28,6.74,271991.86,6.7,619805.54,6.56,552647.73,7.39,847790.66,6.47,168588.5,6.63,192820.66,6.7,256317.2,7.14,584674.18,6.99,711298.47
824,000650.SZ,20190809,6.32,6.39,6.16,6.18,6.27,-0.08999999999999986,-1.44,131238.25,86703.205,6.26,195596.59,6.57,180703.21,6.75,281445.98,6.7,620010.27,6.56,552968.29,7.42,877536.76,6.52,172478.11,6.67,213525.07,6.73,274963.96,7.19,618994.61,6.99,712597.75
825,000650.SZ,20190808,6.16,6.28,6.12,6.27,6.09,0.17999999999999972,2.96,172164.25,112618.767,6.37,209580.38,6.61,179649.03,6.78,292320.9,6.69,620279.28,6.56,552995.24,7.45,892536.53,6.58,186298.73,6.71,236570.67,6.76,281733.35,7.24,669683.64,6.98,713208.95
826,000650.SZ,20190807,6.23,6.3,6.08,6.09,6.2,-0.11000000000000032,-1.77,134390.57,87632.333,6.47,199904.38,6.64,184279.3,6.81,307211.75,6.68,620399.81,6.56,552943.13,7.47,902493.4,6.63,184851.84,6.72,241328.28,6.78,287440.26,7.28,704559.72,6.98,712995.0
827,000650.SZ,20190806,6.46,6.47,5.98,6.2,6.56,-0.35999999999999943,-5.49,386987.23,252645.446,6.61,200352.53,6.69,189048.04,6.84,330944.89,6.67,620343.43,6.56,552898.3,7.48,907682.23,6.69,191134.86,6.75,244171.8,6.81,290390.98,7.32,722555.26,6.97,714063.24
828,000650.SZ,20190805,6.71,6.72,6.56,6.56,6.73,-0.17000000000000082,-2.53,153202.64,107015.843,6.73,152580.79,6.74,177915.19,6.86,343323.86,6.67,618598.66,6.56,551433.74,7.49,905599.6,6.74,164189.54,6.77,243006.4,6.83,291479.44,7.35,742552.37,6.97,713625.47
829,000650.SZ,20190802,6.63,6.79,6.62,6.73,6.79,-0.05999999999999961,-0.88,201157.19,141428.27,6.77,149359.64,6.77,188811.39,6.87,349003.35,6.66,619566.26,6.55,552001.43,7.5,906921.98,6.75,172105.04,6.77,260296.16,6.85,303072.19,7.39,778207.48,6.95,713925.79
830,000650.SZ,20190801,6.75,6.83,6.75,6.79,6.79,0.0,0.0,123784.26,88490.98,6.79,163017.09,6.79,198390.18,6.88,355902.46,6.65,618796.6,6.55,553529.87,7.49,906800.63,6.75,171627.74,6.78,260422.85,6.86,318982.06,7.41,812074.12,6.94,713581.72
831,000650.SZ,20190731,6.78,6.83,6.75,6.79,6.79,0.0,0.0,136631.35,97847.645,6.78,169799.3,6.81,228275.15,6.88,370996.31,6.64,618418.18,6.55,553871.27,7.49,908019.41,6.75,183475.33,6.79,269398.86,6.88,346233.16,7.44,861671.05,6.93,713513.21
832,000650.SZ,20190730,6.75,6.84,6.75,6.79,6.77,0.020000000000000462,0.3,148128.52,106069.987,6.77,181917.19,6.82,263315.07,6.89,390881.48,6.63,618365.89,6.55,554116.86,7.49,910882.71,6.76,199297.53,6.81,280456.7,6.88,368607.87,7.47,871261.34,6.91,713387.3
833,000650.SZ,20190729,6.8,6.83,6.74,6.77,6.83,-0.0600000000000005,-0.88,137096.88,97737.635,6.75,175798.29,6.81,272483.38,6.9,408196.21,6.62,618027.8,6.55,554478.92,7.49,916037.03,6.79,217052.82,6.82,300181.55,6.89,375213.75,7.49,905724.39,6.9,713078.75
834,000650.SZ,20190726,6.69,6.88,6.68,6.83,6.72,0.11000000000000032,1.64,269444.43,193227.887,6.72,194850.44,6.79,276649.84,6.91,432334.42,6.61,617605.74,6.55,556000.11,7.49,918452.89,6.82,254572.02,6.84,326206.89,6.89,385168.09,7.52,933956.55,6.88,712874.26
835,000650.SZ,20190725,6.76,6.78,6.7,6.72,6.75,-0.03000000000000025,-0.44,157695.31,111650.458,6.71,180238.4,6.77,283898.68,6.91,441057.13,6.61,616334.72,6.55,555438.0,7.49,919451.56,6.83,286842.61,6.84,329450.66,6.89,397419.12,7.53,961713.76,6.87,711942.56
836,000650.SZ,20190724,6.72,6.83,6.71,6.75,6.7,0.04999999999999982,0.75,197220.83,140513.503,6.72,197151.37,6.77,310152.72,6.92,459096.24,6.6,616337.5,6.55,555755.85,7.49,922854.59,6.82,297804.73,6.86,338734.47,6.91,419253.51,7.56,981608.88,6.86,711506.02
837,000650.SZ,20190723,6.6,6.73,6.59,6.7,6.61,0.08999999999999986,1.36,117533.98,82562.495,6.76,216677.86,6.79,310650.41,6.94,473473.02,6.59,616133.27,6.55,556657.06,7.49,926827.28,6.8,297208.73,6.86,340019.04,6.92,437240.45,7.58,997641.93,6.85,711566.42
838,000650.SZ,20190722,6.79,6.81,6.57,6.61,6.77,-0.15999999999999925,-2.36,232357.65,162748.948,6.83,258307.35,6.81,324940.45,6.95,491943.36,6.58,616156.58,6.55,557566.83,7.48,930365.46,6.79,321823.27,6.87,355124.38,6.94,465249.19,7.6,1016990.39,6.83,711604.26
839,000650.SZ,20190719,6.78,6.89,6.74,6.77,6.77,0.0,0.0,196384.23,140799.036,6.92,314293.6,6.84,334588.96,6.98,524159.86,6.58,615875.46,6.55,557251.51,7.48,934446.34,6.79,348487.29,6.9,368555.77,6.94,476371.15,7.63,1051937.06,6.82,711665.16
840,000650.SZ,20190718,6.9,6.92,6.75,6.77,6.94,-0.17000000000000082,-2.45,242260.14,173998.178,6.95,393446.81,6.87,361222.89,7.02,548917.18,6.57,615725.12,6.55,557350.1,7.47,936481.37,6.81,349217.95,6.92,392659.22,6.95,495525.85,7.65,1069601.0,6.81,711617.79
841,000650.SZ,20190717,7.03,7.1,6.92,6.94,7.06,-0.11999999999999922,-1.7,294853.3,217209.021,6.92,398458.09,6.9,393172.4,7.07,573016.75,6.57,614728.91,6.55,557386.97,7.46,937083.25,6.83,355322.38,6.94,427612.07,6.96,510318.22,7.67,1080878.83,6.8,710504.21
842,000650.SZ,20190716,7.08,7.2,6.99,7.06,7.08,-0.020000000000000462,-0.28,325681.41,242848.158,6.84,377739.6,6.89,396208.29,7.12,596674.7,6.56,613470.23,6.55,557060.85,7.45,937078.81,6.85,361615.88,6.94,453263.04,6.98,525340.64,7.68,1084690.48,6.79,709184.83
843,000650.SZ,20190715,6.88,7.13,6.87,7.08,6.92,0.16000000000000014,2.31,512288.94,379055.395,6.75,385339.19,6.89,397569.07,7.17,634126.78,6.55,612226.35,6.55,556980.71,7.44,938308.32,6.86,383310.27,6.93,454294.22,6.99,558741.87,7.67,1083108.97,6.77,707646.23
844,000650.SZ,20190712,6.58,7.01,6.58,6.92,6.58,0.33999999999999986,5.17,592150.27,426685.736,6.66,382680.97,6.87,375309.32,7.22,665883.6,6.55,610756.57,6.55,556343.49,7.42,936225.27,6.86,397841.76,6.93,450466.13,7.03,576270.01,7.67,1078777.16,6.75,704031.17
845,000650.SZ,20190711,6.56,6.72,6.52,6.58,6.55,0.03000000000000025,0.46,267316.55,186215.049,6.68,304989.09,6.87,362039.36,7.26,684307.18,6.54,608386.6,6.55,554956.41,7.42,932723.43,6.85,372058.71,6.92,452707.37,7.08,591919.85,7.66,1072108.93,6.74,699947.87
846,000650.SZ,20190710,6.6,6.67,6.52,6.55,6.62,-0.07000000000000028,-1.06,191260.85,132543.11,6.75,312186.67,6.91,380013.89,7.33,719679.06,6.54,608311.34,6.55,555612.59,7.41,934566.13,6.89,379664.21,6.95,479977.9,7.14,619650.09,7.66,1071240.2,6.73,698685.06
847,000650.SZ,20190709,6.56,6.67,6.39,6.62,6.63,-0.009999999999999787,-0.15,363679.34,250652.731,6.85,345492.16,6.96,417490.23,7.4,763720.97,6.54,608940.01,6.55,556826.3,7.41,938291.64,6.93,382829.34,6.98,507256.31,7.22,666576.47,7.66,1073908.83,6.71,698604.73
848,000650.SZ,20190708,6.91,6.95,6.62,6.63,7.0,-0.3700000000000001,-5.29,498997.85,354851.534,6.96,381281.36,7.0,461923.91,7.47,807892.35,6.54,608433.03,6.55,555878.17,7.4,938774.53,6.96,388425.5,7.01,536962.16,7.29,707521.18,7.67,1076759.21,6.7,696638.09
849,000650.SZ,20190705,6.97,7.06,6.9,7.0,6.96,0.040000000000000036,0.57,203690.85,149587.777,7.06,413002.55,7.03,485683.5,7.52,847010.11,6.54,606025.93,6.55,555224.94,7.4,939707.78,7.0,388624.25,7.02,540313.09,7.35,731506.31,7.67,1073747.36,6.69,693896.24
850,000650.SZ,20190704,7.07,7.08,6.94,6.96,7.06,-0.09999999999999964,-1.42,303304.46,222594.524,7.03,439128.34,7.02,496653.83,7.58,904472.92,6.53,605554.42,6.55,556562.02,7.39,941195.1,7.02,436100.5,7.02,568679.8,7.41,773715.3,7.67,1076091.59,6.67,693778.15
851,000650.SZ,20190703,7.13,7.13,7.0,7.06,7.17,-0.11000000000000032,-1.53,357788.28,265792.404,7.04,447141.76,7.02,506840.19,7.64,988863.39,6.53,604582.57,6.55,556742.08,7.37,941090.27,7.05,499901.77,7.03,587816.14,7.47,819894.69,7.66,1077918.56,6.66,692302.88
852,000650.SZ,20190702,7.11,7.25,7.05,7.17,7.13,0.040000000000000036,0.56,542625.35,407891.26,7.01,420166.53,7.01,528316.1,7.69,1044949.89,6.52,602978.59,6.54,556717.77,7.36,942099.91,7.04,544910.19,7.04,607203.01,7.54,870151.95,7.66,1080208.3,6.64,690452.48
853,000650.SZ,20190701,6.98,7.16,6.95,7.13,6.85,0.28000000000000025,4.09,657603.79,489355.364,6.95,395569.64,7.01,549093.15,7.72,1064699.81,6.51,600178.94,6.54,556473.11,7.35,943079.39,7.01,525278.17,7.06,646457.66,7.58,913031.16,7.64,1077546.16,6.63,688368.41
854,000650.SZ,20190628,6.94,6.99,6.82,6.85,6.97,-0.1200000000000001,-1.72,334319.82,242555.638,6.93,364245.96,7.0,555187.41,7.76,1092029.52,6.51,597342.4,6.53,554938.41,7.33,939481.81,6.99,503090.5,7.11,665484.13,7.65,963025.25,7.63,1075559.83,6.61,683641.1
855,000650.SZ,20190627,6.93,7.06,6.9,6.97,6.91,0.05999999999999961,0.87,343371.54,252119.911,7.0,433072.66,7.03,603147.13,7.81,1149623.32,6.5,598211.45,6.53,554263.89,7.32,942504.77,6.99,533356.03,7.19,701850.42,7.72,1057633.93,7.62,1075804.7,6.6,681432.53
856,000650.SZ,20190626,6.84,6.95,6.83,6.91,6.91,0.0,0.0,222912.15,162270.39,7.06,552661.78,7.02,620273.66,7.85,1205205.21,6.5,597087.22,6.52,553539.82,7.31,945433.74,7.01,580291.58,7.27,739643.03,7.78,1121679.19,7.6,1074871.86,6.59,679646.95
857,000650.SZ,20190625,7.06,7.09,6.85,6.91,7.03,-0.1200000000000001,-1.71,419640.91,305522.59,7.08,669653.85,7.02,662436.2,7.9,1289813.68,6.5,596776.27,6.52,553841.7,7.3,952239.23,7.02,631683.28,7.36,808450.03,7.82,1154719.54,7.59,1076065.32,6.58,678618.05
858,000650.SZ,20190624,7.05,7.09,6.97,7.03,7.2,-0.16999999999999993,-2.36,500985.38,370404.617,7.07,654986.69,7.05,682927.76,7.95,1298413.9,6.5,595315.68,6.51,552875.4,7.29,952067.01,7.06,685498.81,7.46,867069.01,7.88,1193625.31,7.57,1076036.21,6.57,675757.03
859,000650.SZ,20190621,7.21,7.28,7.13,7.2,7.23,-0.03000000000000025,-0.41,678453.3,514057.792,7.05,641935.04,7.06,701738.56,7.97,1348852.91,6.5,594573.97,6.51,552051.35,7.27,952916.65,7.04,692001.92,7.53,902947.35,7.93,1253342.77,7.56,1073620.79,6.56,672302.31
860,000650.SZ,20190620,7.01,7.36,6.97,7.23,7.01,0.22000000000000064,3.14,941317.15,712674.735,6.98,633639.4,7.09,751682.03,8.01,1382752.12,6.49,591073.93,6.5,550324.79,7.25,948004.17,7.01,701259.1,7.61,942522.71,7.96,1305166.18,7.54,1067805.11,6.54,667966.0
861,000650.SZ,20190619,7.07,7.21,6.96,7.01,6.86,0.14999999999999947,2.19,807872.51,601196.027,6.97,607921.38,7.16,759129.41,8.02,1411974.46,6.49,586005.15,6.49,547278.04,7.23,939842.57,7.01,675730.5,7.69,979891.15,8.01,1377108.95,7.53,1058875.14,6.53,661520.11
862,000650.SZ,20190618,6.94,6.94,6.76,6.86,6.93,-0.0699999999999994,-1.01,346305.11,249765.647,6.97,593712.71,7.27,778650.42,8.06,1427960.65,6.49,582822.17,6.48,545659.14,7.21,934994.02,7.04,669495.84,7.79,1032772.83,8.06,1373914.81,7.52,1053255.18,6.52,655795.26
863,000650.SZ,20190617,6.89,7.13,6.89,6.93,6.88,0.04999999999999982,0.73,435727.12,320836.399,7.05,716010.93,7.4,836567.24,8.09,1451869.43,6.49,582301.2,6.48,545479.47,7.2,940006.85,7.1,767637.16,7.87,1106907.65,8.09,1436235.03,7.51,1054148.36,6.51,654508.36
864,000650.SZ,20190614,7.13,7.2,6.85,6.88,7.18,-0.2999999999999998,-4.18,636975.12,469411.151,7.04,742068.8,7.54,926053.78,8.12,1476655.15,6.49,580518.85,6.47,544950.1,7.18,944220.55,7.23,827877.76,7.97,1192992.63,8.14,1482745.0,7.5,1056369.43,6.5,652333.42
865,000650.SZ,20190613,7.04,7.37,6.94,7.18,7.01,0.16999999999999993,2.43,812727.04,613836.335,7.05,768878.81,7.7,999518.81,8.16,1526425.23,6.49,577574.89,6.47,542513.7,7.16,940614.93,7.38,870344.81,8.08,1319772.88,8.17,1526008.4,7.48,1051007.17,6.49,647848.68
866,000650.SZ,20190612,7.16,7.2,6.95,7.01,7.25,-0.2400000000000002,-3.31,736829.16,556291.606,7.06,743539.63,7.79,1030736.12,8.2,1539469.16,6.49,573656.59,6.47,539605.35,7.14,933870.69,7.53,898994.49,8.17,1392372.99,8.2,1543964.26,7.46,1042385.76,6.48,642022.65
867,000650.SZ,20190611,6.9,7.33,6.87,7.25,6.86,0.3899999999999997,5.69,957796.21,731664.774,7.11,745278.96,7.92,1087130.84,8.22,1544825.06,6.48,570204.58,6.46,536964.39,7.12,927326.43,7.7,985216.78,8.22,1416237.66,8.24,1558043.41,7.45,1037330.46,6.48,637103.76
868,000650.SZ,20190610,6.95,6.99,6.74,6.86,6.93,-0.0699999999999994,-1.01,566016.47,413500.518,7.16,819263.39,8.05,1143353.13,8.22,1532053.19,6.48,565720.84,6.46,533089.05,7.1,917779.52,7.87,1048639.22,8.28,1447688.56,8.26,1568731.59,7.43,1031635.3,6.47,631627.46
869,000650.SZ,20190606,7.26,7.26,6.86,6.93,7.23,-0.3000000000000007,-4.15,771025.15,574734.408,7.42,913686.73,8.22,1243313.87,8.22,1522193.6,6.48,564599.88,6.45,530704.44,7.09,913620.83,8.02,1113892.77,8.37,1534013.19,8.31,1627502.96,7.42,1028664.79,6.46,629001.28
870,000650.SZ,20190605,7.39,7.43,7.18,7.23,7.26,-0.02999999999999936,-0.41,686031.14,534584.222,7.72,971810.81,8.33,1324696.67,8.22,1506939.35,6.48,561729.81,6.45,527740.19,7.07,906068.26,8.2,1183786.31,8.43,1607119.72,8.36,1643676.15,7.4,1025165.05,6.46,624713.4
871,000650.SZ,20190604,7.44,7.56,7.23,7.26,7.5,-0.2400000000000002,-3.2,745525.84,584800.864,8.0,1054449.35,8.47,1437880.94,8.2,1492410.69,6.48,559592.17,6.44,525052.48,7.04,898874.38,8.36,1284051.79,8.51,1727798.17,8.37,1651439.43,7.38,1023115.27,6.45,621344.71
872,000650.SZ,20190603,7.98,8.04,7.37,7.5,8.16,-0.6600000000000001,-8.09,1327718.35,1078185.188,8.29,1225154.59,8.61,1624577.43,8.18,1476812.64,6.47,557167.53,6.44,522036.91,7.02,892435.1,8.55,1396049.82,8.58,1726124.3,8.38,1644040.33,7.36,1022911.92,6.44,617554.29
873,000650.SZ,20190531,8.36,8.49,8.14,8.16,8.44,-0.27999999999999936,-3.32,1038133.17,915896.828,8.58,1278015.04,8.72,1696655.2,8.16,1448096.78,6.46,549360.08,6.43,515771.96,6.99,879191.57,8.63,1446178.14,8.59,1770533.96,8.35,1607476.07,7.33,1007562.01,6.43,607759.77
874,000650.SZ,20190530,8.45,8.56,8.16,8.44,8.62,-0.17999999999999972,-2.09,1061645.56,947730.646,8.63,1314098.81,8.71,1710192.84,8.12,1433289.99,6.45,544849.44,6.42,512651.64,6.96,867873.02,8.72,1558107.49,8.6,1810178.62,8.31,1581284.32,7.3,999671.6,6.42,600240.27
875,000650.SZ,20190529,8.53,8.7,8.44,8.62,8.75,-0.13000000000000078,-1.49,1099223.83,1005507.214,8.67,1395761.81,8.72,1750590.42,8.07,1411426.5,6.44,540460.63,6.41,508353.66,6.91,855849.33,8.78,1769200.95,8.56,1853840.19,8.24,1552298.02,7.25,987144.46,6.4,592754.53
876,000650.SZ,20190528,8.78,9.2,8.67,8.75,8.91,-0.16000000000000014,-1.8,1599052.05,1513039.526,8.73,1513654.23,8.71,1842381.6,8.01,1389224.17,6.43,535144.73,6.4,503376.21,6.86,842733.85,8.81,1885751.5,8.54,1866449.14,8.18,1522830.3,7.2,974310.68,6.38,584651.13
877,000650.SZ,20190527,8.45,9.19,8.27,8.91,8.41,0.5,5.95,1592020.61,1488688.079,8.81,1566945.05,8.67,1891158.81,7.95,1354338.01,6.41,526496.32,6.39,495871.44,6.81,823033.46,8.75,1847258.55,8.51,1844456.72,8.11,1481241.19,7.15,955063.67,6.36,572487.99
878,000650.SZ,20190524,8.7,8.77,8.21,8.41,8.68,-0.2699999999999996,-3.11,1218552.01,1096898.67,8.68,1614341.24,8.66,2007126.46,7.89,1322077.78,6.4,518921.72,6.37,488576.24,6.76,803287.88,8.7,1846737.9,8.46,1828777.77,8.05,1445997.25,7.1,940567.79,6.33,561297.34
879,000650.SZ,20190523,8.66,9.13,8.46,8.68,8.9,-0.22000000000000064,-2.47,1469960.55,1379325.593,8.81,1802116.17,8.67,1968164.64,7.83,1297499.69,6.38,513225.1,6.37,482392.62,6.72,788541.3,8.72,1954133.61,8.45,1884308.06,7.99,1415988.41,7.06,932787.83,6.32,554971.6
880,000650.SZ,20190522,9.33,9.45,8.75,8.9,9.13,-0.23000000000000043,-2.52,1688685.91,1618413.85,8.88,2142640.09,8.6,2025545.49,7.76,1270101.55,6.36,504547.09,6.35,474740.79,6.67,771043.68,8.67,2030453.13,8.44,1873621.07,7.92,1378467.89,7.0,914397.71,6.3,544234.28
881,000650.SZ,20190521,8.15,9.13,8.1,9.13,8.3,0.8300000000000001,10.0,1865506.16,1725108.519,8.89,2257848.78,8.56,2036494.77,7.68,1230699.37,6.34,494354.84,6.34,466043.86,6.63,749932.02,8.66,2171544.54,8.37,1835133.26,7.85,1335942.44,6.95,891368.1,6.28,531646.36
882,000650.SZ,20190520,8.86,8.9,8.15,8.3,9.06,-0.7599999999999998,-8.39,1829001.55,1627447.646,8.69,2127572.06,8.45,2041830.97,7.59,1184284.51,6.32,483302.23,6.33,456624.5,6.57,727784.85,8.6,2056198.77,8.29,1768035.58,7.77,1290264.66,6.89,864376.49,6.26,517844.77
883,000650.SZ,20190517,9.19,9.48,8.86,9.06,9.02,0.040000000000000924,0.44,2157426.67,2111403.996,8.72,2079134.56,8.44,2005092.62,7.52,1139152.7,6.3,472380.94,6.32,447117.45,6.53,705025.83,8.55,2094889.78,8.22,1688125.03,7.7,1242061.17,6.84,837922.76,6.25,505887.92
884,000650.SZ,20190516,9.19,9.7,8.93,9.02,8.93,0.08999999999999986,1.01,3172580.15,3146009.48,8.63,2106151.05,8.36,1928306.23,7.43,1087989.99,6.28,459910.77,6.3,435346.75,6.49,679455.68,8.48,2062249.76,8.1,1592872.73,7.62,1188094.41,6.79,806200.89,6.23,489363.09
885,000650.SZ,20190515,8.31,8.93,8.14,8.93,8.12,0.8100000000000005,9.98,2264729.35,2094403.459,8.46,1918266.18,8.29,1782603.27,7.35,1005151.17,6.26,440564.13,6.29,418682.49,6.44,639697.28,8.34,1938479.43,7.98,1443846.55,7.52,1093975.47,6.73,756734.27,6.21,464686.7
886,000650.SZ,20190514,8.3,8.42,8.07,8.12,8.47,-0.3500000000000014,-4.13,1214122.56,1066884.422,8.43,2085240.31,8.24,1787559.29,7.27,948233.03,6.24,427798.07,6.28,407126.45,6.39,610949.29,8.28,1847146.78,7.86,1341369.7,7.42,1028064.52,6.67,721430.28,6.2,448726.65
887,000650.SZ,20190513,8.36,8.5,8.13,8.47,8.59,-0.11999999999999922,-1.4,1586814.06,1400087.791,8.51,1984825.48,8.25,1790797.62,7.22,924450.57,6.22,423076.93,6.27,402231.21,6.35,596581.36,8.27,1841654.89,7.79,1298232.52,7.35,997411.1,6.63,705571.23,6.19,440869.68
888,000650.SZ,20190510,8.45,8.76,7.85,8.59,8.18,0.41000000000000014,5.01,2292509.15,2074573.513,8.37,2110645.0,8.19,1739421.89,7.15,891622.93,6.2,414251.42,6.26,393898.74,6.3,577304.51,8.22,1810817.65,7.72,1245626.93,7.27,958447.12,6.58,684698.56,6.17,429138.47
889,000650.SZ,20190509,8.3,8.58,7.92,8.18,8.8,-0.620000000000001,-7.05,2233155.78,1951504.779,8.34,2018348.46,8.1,1603348.32,7.09,835957.84,6.19,400735.82,6.25,381418.37,6.26,547784.13,8.19,1814482.5,7.63,1146915.81,7.19,893898.82,6.52,649644.1,6.15,411809.6
890,000650.SZ,20190508,8.72,9.38,8.6,8.8,8.53,0.27000000000000135,3.17,3099600.02,3005740.315,8.23,1958692.68,8.0,1449320.22,7.03,787011.82,6.18,386791.85,6.23,369350.92,6.22,519370.77,8.2,1716789.01,7.55,1052475.26,7.13,830444.05,6.47,615089.32,6.14,395270.74
891,000650.SZ,20190507,8.14,8.53,8.01,8.53,7.75,0.7799999999999994,10.06,712048.41,633559.159,8.12,1609053.26,7.84,1230303.35,6.95,705118.88,6.16,367497.52,6.22,352658.54,6.17,479586.51,8.09,1498721.97,7.44,918141.39,7.04,740641.34,6.41,565355.36,6.13,371438.56
892,000650.SZ,20190506,8.15,8.64,7.69,7.75,8.42,-0.6699999999999999,-7.96,2215911.64,1956007.228,8.02,1698484.3,7.69,1190303.97,6.87,692865.76,6.15,364570.15,6.21,350080.03,6.12,472514.14,7.99,1479872.4,7.35,907297.6,6.97,732595.54,6.35,555513.27,6.11,368105.97
893,000650.SZ,20190430,7.46,8.42,7.46,8.42,7.65,0.7699999999999996,10.07,1831026.45,1603084.66,8.07,1510990.3,7.6,1036402.48,6.82,640442.21,6.14,351285.1,6.2,339484.93,6.09,444671.08,7.89,1281360.28,7.29,815646.87,6.92,672061.69,6.31,520433.12,6.11,353011.69
894,000650.SZ,20190429,8.44,8.96,7.43,7.65,8.26,-0.6099999999999994,-7.38,1934876.87,1715453.792,8.04,1610616.55,7.47,922583.45,6.76,604708.7,6.12,339701.7,6.18,329778.9,6.04,422523.74,7.73,1123495.7,7.18,751016.74,6.85,629993.85,6.25,491791.98,6.09,340734.26
895,000650.SZ,20190426,7.92,8.42,7.92,8.26,8.0,0.2599999999999998,3.25,1351402.91,1182814.228,8.17,1474885.34,7.42,814877.71,6.71,559206.0,6.11,328140.52,6.18,319926.22,6.01,399252.32,7.61,949213.67,7.11,671723.49,6.8,576005.95,6.21,462171.35,6.08,327762.04
896,000650.SZ,20190425,8.15,8.52,7.7,8.0,8.02,-0.019999999999999574,-0.25,1159203.63,1009020.13,8.06,1388390.68,7.3,735407.25,6.64,535960.07,6.1,320365.55,6.17,312919.17,5.97,382917.25,7.45,835592.6,7.0,618523.39,6.72,540807.27,6.16,441403.17,6.07,319803.5
897,000650.SZ,20190424,8.19,8.35,7.69,8.02,8.28,-0.2599999999999998,-3.14,1278441.63,1096046.179,7.95,1261260.5,7.2,672725.79,6.59,518425.98,6.09,313953.69,6.16,307777.69,5.93,369271.06,7.32,754810.14,6.9,575289.2,6.66,516617.51,6.11,425490.91,6.06,311838.85
898,000650.SZ,20190423,8.93,9.11,8.17,8.28,8.29,-0.009999999999999787,-0.12,2329157.69,2158856.793,7.71,1051730.27,7.1,606147.41,6.53,502393.12,6.07,306943.26,6.15,302560.99,5.89,356125.67,7.22,680436.2,6.79,532261.85,6.6,494539.02,6.07,406218.13,6.04,304423.51
899,000650.SZ,20190422,7.82,8.45,7.67,8.29,7.69,0.5999999999999988,7.8,1256220.84,1106287.661,7.41,636374.86,6.97,465071.64,6.46,445850.94,6.06,294315.78,6.14,291152.13,5.85,326274.58,7.06,479349.12,6.69,433606.98,6.52,429826.61,6.02,371393.26,6.03,288594.34
900,000650.SZ,20190419,7.73,7.83,7.36,7.69,7.49,0.20000000000000018,2.67,918929.6,746193.556,7.06,423542.0,6.83,397892.88,6.39,425512.35,6.05,287920.4,6.13,286227.96,5.82,310448.86,6.9,388161.51,6.59,387271.57,6.44,406653.95,5.97,353634.59,6.02,280906.96
901,000650.SZ,20190418,6.84,7.49,6.66,7.49,6.8,0.6900000000000004,10.15,523552.72,399687.119,6.84,282794.53,6.73,368623.2,6.33,407603.16,6.04,283330.85,6.12,282812.35,5.79,299917.83,6.8,337560.82,6.52,361601.03,6.39,394791.11,5.93,340129.59,6.01,276196.55
902,000650.SZ,20190417,6.77,6.9,6.72,6.8,6.79,0.009999999999999787,0.15,230790.5,167426.061,6.69,248359.78,6.63,355196.98,6.28,401886.83,6.04,281991.92,6.12,282932.53,5.76,294263.04,6.72,334722.81,6.47,358957.12,6.34,401783.5,5.89,333679.18,6.0,276010.92
903,000650.SZ,20190416,6.44,6.8,6.42,6.79,6.51,0.28000000000000025,4.3,252380.63,179168.211,6.73,309142.14,6.57,359551.63,6.25,408164.49,6.04,282883.18,6.12,286206.56,5.75,292203.42,6.68,349933.46,6.44,367412.4,6.31,407647.94,5.87,332183.5,6.0,277406.33
904,000650.SZ,20190415,6.7,6.79,6.5,6.51,6.63,-0.1200000000000001,-1.81,192056.53,136311.431,6.71,322323.39,6.51,362793.11,6.22,421984.7,6.04,282335.53,6.12,288454.01,5.73,289990.6,6.64,378537.77,6.41,383242.92,6.28,418058.89,5.84,329285.17,5.99,277139.21
905,000650.SZ,20190412,6.71,6.79,6.54,6.63,6.71,-0.08000000000000007,-1.19,215192.28,152642.664,6.74,352781.03,6.46,380165.28,6.2,438446.41,6.04,282229.6,6.13,289211.01,5.72,289537.79,6.61,394233.3,6.39,389402.09,6.26,421990.9,5.82,327786.8,5.98,277380.43
906,000650.SZ,20190411,6.95,6.95,6.7,6.71,6.99,-0.28000000000000025,-4.01,351378.96,255627.016,6.75,392327.1,6.43,391001.27,6.16,442898.21,6.04,282255.38,6.13,289264.82,5.71,288906.03,6.54,401454.18,6.36,393414.6,6.23,425791.07,5.79,326129.93,5.98,277869.91
907,000650.SZ,20190410,6.76,7.09,6.73,6.99,6.72,0.27000000000000046,4.02,534702.3,397326.098,6.75,421085.84,6.4,389319.24,6.13,441590.26,6.04,281715.49,6.13,288598.01,5.69,285832.85,6.48,395768.27,6.32,397521.2,6.19,428886.14,5.76,323300.63,5.97,277077.89
908,000650.SZ,20190409,6.66,6.8,6.52,6.72,6.67,0.04999999999999982,0.75,318286.88,226347.257,6.63,390724.78,6.35,379382.05,6.09,433099.31,6.04,279546.1,6.13,287337.96,5.68,281261.85,6.37,384087.5,6.29,401590.43,6.15,435138.32,5.73,316516.96,5.96,275636.38
909,000650.SZ,20190408,6.71,6.77,6.51,6.67,6.67,0.0,0.0,344344.72,244316.289,6.57,434752.15,6.32,391104.18,6.06,430849.04,6.04,278503.67,6.13,287846.78,5.67,279347.82,6.32,387864.84,6.25,405065.35,6.12,449587.25,5.71,314045.11,5.96,276206.2
910,000650.SZ,20190404,6.69,6.78,6.58,6.67,6.68,-0.009999999999999787,-0.15,412922.64,294067.577,6.48,435685.58,6.29,395377.35,6.03,428195.21,6.04,278586.84,6.14,289310.57,5.66,276073.97,6.28,386381.62,6.21,415900.17,6.08,450327.54,5.68,311464.7,5.95,276890.13
911,000650.SZ,20190403,6.39,6.77,6.35,6.68,6.43,0.25,3.89,495172.66,349836.955,6.34,410581.26,6.26,407382.63,5.99,422067.57,6.04,277884.31,6.14,289333.74,5.65,272083.05,6.25,385641.24,6.18,423406.26,6.05,446793.75,5.65,306687.2,5.94,277901.42
912,000650.SZ,20190402,6.42,6.51,6.35,6.43,6.39,0.040000000000000036,0.63,382896.99,263423.427,6.21,370450.69,6.21,393541.65,5.96,411812.2,6.04,277131.91,6.14,291608.98,5.64,267434.92,6.21,383191.43,6.16,435313.85,6.01,438488.32,5.63,300696.65,5.94,276407.82
913,000650.SZ,20190401,6.27,6.46,6.26,6.39,6.21,0.17999999999999972,2.9,538423.73,365402.516,6.1,377450.23,6.17,386814.37,5.93,408273.45,6.04,275713.37,6.15,292226.67,5.64,266338.16,6.19,384891.33,6.13,436505.19,5.98,433784.35,5.61,299190.66,5.94,276102.54
914,000650.SZ,20190329,5.96,6.23,5.96,6.21,5.98,0.22999999999999954,3.85,349011.88,227498.013,6.06,340977.54,6.15,378744.16,5.9,402274.34,6.04,273247.42,6.15,292528.4,5.63,262504.17,6.19,387948.07,6.1,437819.45,5.96,424307.37,5.59,291722.36,5.94,273492.55
915,000650.SZ,20190328,6.05,6.11,5.96,5.98,6.04,-0.05999999999999961,-0.99,287401.05,185453.875,6.09,337077.66,6.15,399288.39,5.88,397575.21,6.04,272169.25,6.16,294532.89,5.64,261270.41,6.17,384570.88,6.08,435869.69,5.93,419493.07,5.58,287060.36,5.94,273260.92
916,000650.SZ,20190327,5.95,6.06,5.9,6.04,5.9,0.13999999999999968,2.37,294519.81,188372.594,6.16,360701.22,6.16,407010.26,5.85,393824.27,6.05,272108.05,6.17,296919.04,5.64,261195.58,6.17,385375.01,6.07,437959.52,5.92,414796.04,5.57,284422.04,5.94,273286.8
917,000650.SZ,20190326,6.2,6.22,5.84,5.9,6.18,-0.27999999999999936,-4.53,417894.68,268135.718,6.22,395932.16,6.14,427511.9,5.82,388560.82,6.05,271981.39,6.18,299606.37,5.65,261144.32,6.17,399274.13,6.05,445445.08,5.9,413731.36,5.57,281170.78,5.95,273356.33
918,000650.SZ,20190325,6.23,6.32,6.17,6.18,6.36,-0.1800000000000006,-2.83,356060.26,237170.973,6.28,392332.43,6.16,438677.27,5.79,379844.0,6.05,272033.09,6.18,303375.29,5.65,257604.06,6.2,419093.35,6.04,460663.73,5.89,410950.0,5.56,275477.85,5.95,271232.35
919,000650.SZ,20190322,6.3,6.36,6.19,6.36,6.31,0.05000000000000071,0.79,329512.5,220753.602,6.31,434918.61,6.16,467697.59,5.76,372639.36,6.05,270884.81,6.19,305409.38,5.65,254667.17,6.19,422265.86,6.02,480448.46,5.86,405389.38,5.55,270983.82,5.95,270515.75
920,000650.SZ,20190321,6.32,6.38,6.26,6.31,6.35,-0.040000000000000036,-0.63,405518.84,273515.492,6.24,432064.11,6.12,473636.91,5.73,366258.35,6.05,270469.95,6.19,305375.51,5.65,252451.76,6.14,445418.73,5.98,482300.5,5.82,399734.6,5.54,268126.88,5.95,269701.53
921,000650.SZ,20190320,6.19,6.35,6.1,6.35,6.22,0.1299999999999999,2.09,470674.52,313356.624,6.18,410048.8,6.08,485882.3,5.7,358967.78,6.05,268815.04,6.19,304205.16,5.65,248735.71,6.12,461171.29,5.95,477370.0,5.77,390069.39,5.53,264165.07,5.95,268288.0
922,000650.SZ,20190319,6.27,6.35,6.16,6.22,6.32,-0.10000000000000053,-1.58,399896.04,265734.512,6.12,402616.11,6.04,473524.02,5.67,348221.81,6.06,267562.4,6.18,303652.67,5.65,244319.73,6.1,487436.28,5.91,466136.77,5.73,378431.0,5.52,258335.34,5.95,266606.89
923,000650.SZ,20190318,6.03,6.4,5.96,6.32,6.01,0.3100000000000005,5.16,568991.17,377835.745,6.12,445854.28,6.0,468085.67,5.63,342473.93,6.06,267541.02,6.18,302775.39,5.65,242309.68,6.07,488119.04,5.88,458230.85,5.69,368804.54,5.51,254868.36,5.95,267531.09
924,000650.SZ,20190315,5.98,6.14,5.96,6.01,5.98,0.02999999999999936,0.5,315239.97,203266.957,6.07,409613.1,5.96,458488.74,5.6,329329.33,6.06,266374.84,6.18,300524.98,5.65,240849.31,6.02,487690.81,5.84,442487.02,5.65,353590.11,5.51,248297.42,5.95,265583.55
925,000650.SZ,20190314,6.02,6.14,5.89,5.98,6.06,-0.07999999999999918,-1.32,295442.32,188279.876,6.03,458773.34,5.93,489798.57,5.59,327106.55,6.06,267130.37,6.18,299925.04,5.66,239065.87,5.99,487168.51,5.81,436954.16,5.63,348336.76,5.51,244690.18,5.96,265106.84
926,000650.SZ,20190313,6.24,6.3,6.0,6.06,6.23,-0.17000000000000082,-2.73,433511.04,285225.694,6.06,512293.77,5.92,524899.52,5.57,324025.91,6.07,267451.55,6.18,299957.4,5.67,237501.78,5.97,490544.02,5.79,429506.55,5.6,341999.07,5.51,241659.53,5.96,265401.04
927,000650.SZ,20190312,6.09,6.33,6.06,6.23,6.09,0.14000000000000057,2.3,616086.88,408208.457,6.08,572256.44,5.88,519748.93,5.54,314470.58,6.07,268217.88,6.18,299653.76,5.67,234512.51,5.94,491616.02,5.77,420959.97,5.57,334364.3,5.5,236877.07,5.97,264781.21
928,000650.SZ,20190311,5.82,6.1,5.8,6.09,5.81,0.28000000000000025,4.82,387785.31,246657.419,6.02,530383.81,5.83,495966.01,5.51,300365.91,6.07,269384.64,6.18,297739.97,5.68,231553.74,5.89,502234.11,5.73,406878.32,5.54,317897.23,5.5,231619.62,5.98,261093.15
929,000650.SZ,20190308,6.04,6.17,5.8,5.81,6.12,-0.3100000000000005,-5.07,561041.17,358057.393,5.97,565768.53,5.78,485060.2,5.49,293108.98,6.08,271081.96,6.17,296278.28,5.69,228709.23,5.85,538631.05,5.69,396951.15,5.52,312959.9,5.5,229337.77,5.98,259334.95
930,000650.SZ,20190307,6.08,6.2,6.01,6.12,6.16,-0.040000000000000036,-0.65,563044.44,367510.527,5.95,515563.67,5.77,460501.48,5.47,278916.03,6.09,269408.0,6.17,294891.29,5.71,224047.52,5.83,519182.28,5.66,376892.53,5.51,300615.22,5.52,224261.75,5.99,256483.82
931,000650.SZ,20190306,5.94,6.22,5.86,6.16,5.91,0.25,4.23,733324.42,471313.426,5.88,468794.28,5.73,436737.63,5.44,265360.44,6.1,267055.51,6.17,292487.75,5.72,221200.58,5.78,493568.72,5.6,354518.44,5.47,285468.07,5.52,219574.16,6.0,254072.07
932,000650.SZ,20190305,5.81,5.91,5.76,5.91,5.83,0.08000000000000007,1.37,406723.72,253405.853,5.79,410975.6,5.68,396065.2,5.41,247197.37,6.11,263620.54,6.17,289147.89,5.73,215040.06,5.71,444837.26,5.54,323928.36,5.44,265574.85,5.53,212196.67,6.0,249813.62
933,000650.SZ,20190304,5.77,5.94,5.74,5.83,5.74,0.08999999999999986,1.57,564708.88,350974.18,5.76,474084.42,5.65,376047.24,5.38,240576.7,6.11,263030.47,6.17,287775.03,5.74,212004.66,5.68,428342.66,5.5,309147.29,5.42,256719.06,5.53,207957.53,6.01,247825.73
934,000650.SZ,20190301,5.78,5.81,5.65,5.74,5.77,-0.02999999999999936,-0.52,310016.87,188863.88,5.74,511493.58,5.63,352806.51,5.36,227722.97,6.12,261916.36,6.16,285278.18,5.75,207315.81,5.66,397283.22,5.47,286539.76,5.39,240511.46,5.54,200808.94,6.01,246089.16
935,000650.SZ,20190228,5.69,5.83,5.69,5.77,5.71,0.05999999999999961,1.05,329197.51,202423.115,5.7,522800.88,5.61,354686.28,5.35,223604.12,6.14,263872.68,6.16,284696.25,5.76,206495.48,5.64,386739.81,5.45,278920.88,5.37,233582.7,5.54,198364.61,6.02,246103.68
936,000650.SZ,20190227,5.72,5.83,5.65,5.71,5.73,-0.020000000000000462,-0.35,444231.04,272261.735,5.67,518343.15,5.57,343920.45,5.33,219495.97,6.14,264481.29,6.16,284361.45,5.78,205302.7,5.61,368469.08,5.42,267726.59,5.35,226468.78,5.55,194991.57,6.03,246583.93
937,000650.SZ,20190226,5.74,5.92,5.64,5.73,5.76,-0.02999999999999936,-0.52,722267.79,447325.413,5.63,478698.91,5.53,322046.44,5.31,210144.25,6.15,267505.29,6.16,282894.74,5.79,203541.46,5.59,350303.92,5.39,255738.44,5.33,217715.12,5.56,189912.32,6.04,244370.56
938,000650.SZ,20190225,5.54,5.77,5.48,5.76,5.53,0.22999999999999954,4.16,751754.67,451156.904,5.61,382600.9,5.47,275376.81,5.29,192893.42,6.16,265873.48,6.15,280927.76,5.81,199305.87,5.57,311522.53,5.37,225728.79,5.31,197895.6,5.57,182026.89,6.04,239879.38
939,000650.SZ,20190222,5.58,5.61,5.49,5.53,5.62,-0.08999999999999986,-1.6,366553.41,216605.342,5.58,283072.87,5.41,226897.44,5.27,179387.03,6.17,264746.13,6.15,278000.4,5.82,194052.27,5.52,255271.24,5.36,200124.33,5.29,178502.97,5.58,177155.37,6.05,235229.39
940,000650.SZ,20190221,5.51,5.63,5.47,5.62,5.51,0.11000000000000032,2.0,306908.85,181683.105,5.57,250678.74,5.38,207247.36,5.27,171262.69,6.19,266976.81,6.16,277086.73,5.83,194207.7,5.48,234602.79,5.35,191331.69,5.28,172601.87,5.6,174070.85,6.05,234496.35
941,000650.SZ,20190220,5.6,5.61,5.43,5.51,5.61,-0.10000000000000053,-1.78,246009.85,143921.774,5.55,218595.01,5.35,192297.31,5.27,164273.95,6.2,269641.75,6.16,276597.84,5.85,195400.61,5.42,215468.16,5.32,181417.74,5.26,166580.66,5.61,171924.62,6.06,234241.11
942,000650.SZ,20190219,5.63,5.74,5.57,5.61,5.64,-0.02999999999999936,-0.53,241777.73,145390.91,5.56,221908.93,5.33,185499.58,5.27,160835.49,6.21,273132.51,6.16,276585.98,5.86,194833.09,5.37,203019.46,5.31,175943.65,5.25,162904.98,5.63,171313.05,6.06,235735.53
943,000650.SZ,20190218,5.48,5.66,5.46,5.64,5.48,0.15999999999999925,2.92,254114.51,151942.09,5.54,240444.17,5.3,175002.18,5.27,156649.2,6.22,278778.78,6.16,276167.7,5.87,196790.73,5.32,189951.92,5.29,170907.26,5.23,164596.97,5.65,173853.08,6.07,235309.95
944,000650.SZ,20190215,5.49,5.66,5.47,5.48,5.51,-0.02999999999999936,-0.54,204582.77,121138.369,5.47,227469.61,5.26,171183.23,5.27,151419.92,6.23,281873.97,6.16,275862.28,5.89,199131.31,5.28,175796.29,5.26,162125.57,5.23,159137.35,5.68,172525.3,6.08,235440.43
945,000650.SZ,20190214,5.5,5.56,5.46,5.51,5.54,-0.03000000000000025,-0.54,146490.21,85960.145,5.4,218526.83,5.25,164836.46,5.27,147944.5,6.24,282701.79,6.16,276104.59,5.91,200853.33,5.26,171101.95,5.24,157004.14,5.23,154627.65,5.7,172639.13,6.09,235129.01
946,000650.SZ,20190213,5.52,5.58,5.4,5.54,5.55,-0.009999999999999787,-0.18,262579.43,154186.957,5.28,212341.31,5.25,172003.79,5.27,148285.84,6.24,283127.07,6.16,276611.17,5.92,203615.88,5.23,166984.09,5.22,155468.63,5.23,154048.04,5.72,176023.02,6.1,236327.37
947,000650.SZ,20190212,5.25,5.56,5.24,5.55,5.25,0.2999999999999998,5.71,334453.91,193971.616,5.19,184129.99,5.23,166474.65,5.28,145498.52,6.25,283923.76,6.17,278123.54,5.94,206798.51,5.19,161172.95,5.2,151420.72,5.23,148610.19,5.75,176168.12,6.11,237446.03
948,000650.SZ,20190211,5.13,5.26,5.12,5.25,5.13,0.1200000000000001,2.34,189241.74,105348.165,5.09,139459.68,5.2,149103.58,5.29,139217.26,6.25,283348.63,6.17,279013.36,5.94,207648.99,5.17,139935.05,5.18,141082.13,5.24,140005.7,5.76,173578.37,6.12,238001.09
949,000650.SZ,20190201,4.94,5.18,4.93,5.13,4.94,0.1899999999999995,3.85,159868.86,87157.961,5.09,124122.97,5.2,145048.67,5.3,139294.77,6.25,283344.68,6.17,280781.54,5.95,208063.45,5.19,144977.42,5.18,140118.83,5.25,136578.26,5.79,173975.09,6.12,239957.7
950,000650.SZ,20190131,5.08,5.09,4.93,4.94,5.07,-0.1299999999999999,-2.56,115562.59,61816.35,5.12,123677.08,5.21,143601.05,5.33,139731.99,6.26,283719.55,6.18,284279.8,5.96,208878.57,5.21,148060.6,5.18,141601.41,5.26,136519.16,5.82,175452.15,6.14,241472.9
951,000650.SZ,20190130,5.09,5.16,5.02,5.07,5.08,-0.009999999999999787,-0.2,121522.85,65761.566,5.17,121626.88,5.22,140748.61,5.36,139239.14,6.26,285006.69,6.19,285852.76,5.97,210990.13,5.23,147367.33,5.19,142136.9,5.29,138260.76,5.85,177521.75,6.15,245042.07
952,000650.SZ,20190129,5.17,5.2,4.99,5.08,5.22,-0.13999999999999968,-2.68,111102.34,60236.327,5.19,138215.92,5.22,139258.72,5.38,139006.22,6.27,286816.92,6.19,287500.94,5.99,212787.64,5.25,148867.84,5.19,142847.74,5.31,138239.69,5.88,180698.67,6.16,250563.55
953,000650.SZ,20190128,5.3,5.35,5.16,5.22,5.29,-0.07000000000000028,-1.32,112558.23,62980.901,5.24,140410.42,5.22,139618.54,5.41,140049.19,6.28,288077.7,6.2,288877.83,6.0,216129.24,5.26,151862.59,5.19,151919.5,5.33,140932.19,5.91,185590.27,6.18,254906.03
954,000650.SZ,20190125,5.22,5.33,5.15,5.29,5.2,0.08999999999999986,1.73,157639.39,88645.13,5.29,165831.86,5.22,144931.06,5.43,145581.0,6.28,288273.55,6.2,291285.77,6.01,219783.99,5.25,148454.86,5.2,150807.88,5.36,143004.72,5.93,189676.55,6.2,256634.63
955,000650.SZ,20190124,5.16,5.23,5.09,5.2,5.18,0.020000000000000462,0.39,105311.57,58064.274,5.3,172444.12,5.21,142626.66,5.46,148323.21,6.28,289447.17,6.21,294550.62,6.02,223367.68,5.23,142906.33,5.21,146390.5,5.38,141043.6,5.95,193352.73,6.21,257190.02
956,000650.SZ,20190123,5.26,5.31,5.08,5.18,5.31,-0.1299999999999999,-2.45,204468.05,113059.085,5.29,173107.78,5.2,147600.83,5.5,152769.34,6.29,289805.05,6.21,297596.71,6.02,229087.23,5.22,143953.18,5.23,147580.02,5.41,141320.0,5.97,198203.83,6.23,258301.49
957,000650.SZ,20190122,5.44,5.44,5.29,5.31,5.46,-0.15000000000000036,-2.75,122074.86,69584.801,5.3,159519.77,5.21,146451.01,5.54,155043.47,6.29,289557.97,6.21,297990.15,6.03,230573.53,5.22,141668.48,5.26,142328.81,5.44,139389.84,6.0,198186.79,6.25,259278.88
958,000650.SZ,20190121,5.34,5.48,5.33,5.46,5.34,0.1200000000000001,2.25,239665.44,138653.066,5.28,163314.77,5.18,146773.91,5.57,160002.31,6.29,289923.48,6.21,299128.57,6.05,233562.71,5.2,142229.21,5.27,140041.03,5.46,145342.0,6.02,202628.9,6.26,261630.56
959,000650.SZ,20190118,5.17,5.36,5.17,5.34,5.17,0.16999999999999993,3.29,190700.67,107391.175,5.2,131077.85,5.15,138779.61,5.59,157434.95,6.29,289250.4,6.21,299436.49,6.06,233370.16,5.17,135260.24,5.28,132378.68,5.49,145715.64,6.04,205795.43,6.28,264564.4
960,000650.SZ,20190117,5.22,5.23,5.16,5.17,5.21,-0.040000000000000036,-0.77,108629.89,60184.953,5.16,113368.55,5.14,146613.21,5.62,155820.03,6.29,289396.02,6.21,299178.07,6.08,235110.37,5.16,135142.22,5.29,130748.44,5.53,147908.28,6.06,208179.32,6.29,266448.88
961,000650.SZ,20190116,5.22,5.28,5.16,5.21,5.21,0.0,0.0,136527.97,76062.809,5.14,114798.57,5.16,145205.21,5.65,157429.66,6.29,290534.82,6.21,299511.62,6.09,237535.4,5.14,136906.48,5.32,133707.47,5.57,153680.24,6.09,212263.52,6.31,272874.36
962,000650.SZ,20190115,5.08,5.22,5.04,5.21,5.08,0.1299999999999999,2.56,141049.86,77302.495,5.13,123817.2,5.18,140033.19,5.68,157143.99,6.29,290950.3,6.21,300338.42,6.11,239753.21,5.13,136827.64,5.34,132925.61,5.61,158818.49,6.11,218342.67,6.33,275797.35
963,000650.SZ,20190114,5.09,5.1,5.04,5.08,5.11,-0.03000000000000025,-0.59,78480.86,42431.574,5.12,121143.65,5.21,139114.13,5.71,157097.69,6.29,292678.06,6.22,300873.45,6.12,240046.1,5.12,151976.4,5.37,135466.99,5.64,159196.0,6.13,222629.16,6.34,279533.73
964,000650.SZ,20190111,5.1,5.12,5.04,5.11,5.1,0.010000000000000675,0.2,102154.17,55363.56,5.14,139442.63,5.26,140726.67,5.74,162117.15,6.3,293918.0,6.22,301262.12,6.14,242600.59,5.16,153160.91,5.42,140279.66,5.68,161106.42,6.14,224993.26,6.36,284611.15
965,000650.SZ,20190110,5.19,5.19,5.08,5.1,5.17,-0.07000000000000028,-1.35,115780.0,63300.875,5.16,156915.89,5.29,138739.36,5.78,172626.25,6.3,294681.81,6.22,302133.14,6.15,244329.3,5.2,149874.66,5.46,140112.23,5.71,163146.52,6.15,226974.07,6.38,289515.37
966,000650.SZ,20190109,5.15,5.3,5.12,5.17,5.13,0.040000000000000036,0.78,181621.09,101196.905,5.13,159014.38,5.33,136480.78,5.82,174558.65,6.31,295435.33,6.22,302984.99,6.17,245930.84,5.24,151206.87,5.51,140003.41,5.75,163514.35,6.17,229609.9,6.4,294789.53
967,000650.SZ,20190108,5.17,5.17,5.1,5.13,5.18,-0.04999999999999982,-0.97,127682.14,69821.006,5.12,149838.09,5.36,134671.14,5.87,174456.13,6.31,295868.55,6.22,303112.11,6.18,247095.1,5.29,142989.14,5.55,138250.52,5.79,162109.51,6.18,230855.15,6.42,302066.36
968,000650.SZ,20190107,5.22,5.22,5.12,5.18,5.2,-0.020000000000000462,-0.38,169975.76,93933.057,5.13,182809.14,5.41,137757.94,5.91,176857.12,6.32,296169.98,6.22,303955.1,6.2,252203.34,5.34,137852.85,5.59,146898.4,5.82,166158.19,6.2,234755.81,6.43,306834.19
969,000650.SZ,20190104,4.93,5.21,4.91,5.2,4.99,0.20999999999999996,4.21,189520.47,102923.937,5.17,166879.18,5.45,133982.18,5.96,183451.34,6.32,296395.84,6.22,305505.01,6.22,254407.48,5.38,129497.12,5.64,150943.34,5.86,175807.78,6.21,238367.29,6.44,308115.97
970,000650.SZ,20190103,5.09,5.14,4.98,4.99,5.12,-0.1299999999999999,-2.54,126272.46,67887.62,5.24,142833.42,5.5,134163.48,6.01,183008.02,6.32,296784.81,6.22,306639.37,6.24,255321.0,5.42,126354.65,5.71,154291.31,5.91,175539.82,6.22,242315.55,6.45,308267.71
971,000650.SZ,20190102,5.14,5.16,5.09,5.12,5.14,-0.019999999999999574,-0.39,135739.64,74262.01,5.35,143399.35,5.58,137891.31,6.07,185512.14,6.33,297519.75,6.22,307678.64,6.26,258047.32,5.49,130508.46,5.78,162067.12,5.97,177268.59,6.23,249115.65,6.46,310359.64
972,000650.SZ,20181228,5.45,5.46,5.08,5.14,5.42,-0.28000000000000025,-5.17,292537.38,161873.363,5.46,136140.19,5.64,135050.24,6.12,191799.91,6.34,300175.51,6.22,309170.46,6.29,261025.88,5.56,129023.58,5.85,169813.91,6.02,179721.13,6.24,252118.99,6.46,311325.43
973,000650.SZ,20181227,5.62,5.62,5.42,5.42,5.52,-0.09999999999999964,-1.81,90325.95,53330.266,5.56,92896.56,5.71,121286.1,6.17,191174.86,6.34,301510.9,6.21,307738.44,6.31,259438.98,5.62,118957.57,5.9,162805.8,6.07,183109.19,6.27,253014.43,6.47,310459.89
974,000650.SZ,20181226,5.53,5.61,5.47,5.52,5.56,-0.040000000000000036,-0.72,69291.67,40978.057,5.6,92115.05,5.75,125612.05,6.21,193784.95,6.35,304272.97,6.21,307434.03,6.33,260591.99,5.68,127398.41,5.94,165079.17,6.12,185913.24,6.28,255262.73,6.47,311489.26
975,000650.SZ,20181225,5.63,5.65,5.42,5.56,5.68,-0.1200000000000001,-2.11,129102.1,76081.739,5.61,109875.88,5.79,143408.05,6.24,198012.99,6.35,309007.58,6.2,307444.48,6.34,262586.83,5.72,130349.81,5.97,169782.46,6.17,190650.61,6.3,259461.48,6.48,313419.42
976,000650.SZ,20181224,5.59,5.72,5.56,5.68,5.61,0.0699999999999994,1.25,99443.84,60106.671,5.63,117617.57,5.84,152775.17,6.28,201524.46,6.35,310759.6,6.2,306906.48,6.36,264513.93,5.77,128799.96,6.01,169668.1,6.22,197998.0,6.32,262151.56,6.48,315528.54
977,000650.SZ,20181221,5.56,5.61,5.53,5.61,5.61,0.0,0.0,76319.24,45300.186,5.65,121906.97,5.91,164854.86,6.31,205650.77,6.36,312847.24,6.19,306612.5,6.37,266152.15,5.8,133511.9,6.03,171669.7,6.26,203726.05,6.33,265541.89,6.48,317138.63
978,000650.SZ,20181220,5.55,5.61,5.48,5.61,5.58,0.03000000000000025,0.54,86418.42,51324.156,5.69,145018.59,5.97,180660.2,6.35,212586.62,6.36,314704.73,6.18,306555.65,6.39,267376.92,5.84,155943.95,6.06,180310.86,6.29,207151.04,6.34,266986.85,6.48,317675.64
979,000650.SZ,20181219,5.7,5.7,5.54,5.58,5.68,-0.09999999999999964,-1.76,158095.81,94532.043,5.77,162681.76,6.03,196372.28,6.39,221944.86,6.37,317712.24,6.18,306460.06,6.4,270975.62,5.9,172389.57,6.1,198963.11,6.32,211371.93,6.35,270047.67,6.48,319677.49
980,000650.SZ,20181218,5.73,5.79,5.61,5.68,5.76,-0.08000000000000007,-1.39,167810.53,101593.337,5.84,150823.74,6.08,195932.23,6.42,227816.59,6.37,321540.73,6.17,305853.91,6.42,273024.46,6.0,182227.98,6.16,200132.41,6.37,214385.14,6.36,271276.19,6.48,319667.08
981,000650.SZ,20181217,5.8,5.8,5.65,5.76,5.8,-0.040000000000000036,-0.69,120890.85,73719.942,5.91,139982.35,6.12,193469.37,6.45,234004.83,6.37,324681.63,6.16,305208.73,6.44,275944.69,6.08,193625.79,6.2,200648.65,6.4,216782.74,6.36,272410.94,6.48,319676.06
982,000650.SZ,20181214,6.02,6.02,5.76,5.8,6.02,-0.21999999999999975,-3.65,191877.32,120183.138,5.95,145116.83,6.15,196736.02,6.47,242107.38,6.37,325723.79,6.16,304989.06,6.44,276714.5,6.14,210604.25,6.25,205069.9,6.44,223157.65,6.37,274878.44,6.48,320124.54
983,000650.SZ,20181213,5.95,6.08,5.91,6.02,5.94,0.07999999999999918,1.35,174734.28,112121.677,6.0,166869.32,6.19,191731.23,6.49,242447.62,6.36,326575.11,6.15,304296.07,6.45,276600.49,6.18,206654.03,6.3,215185.0,6.48,230248.36,6.38,280193.82,6.48,319715.08
984,000650.SZ,20181212,6.04,6.06,5.92,5.94,6.02,-0.07999999999999918,-1.33,98805.72,62909.312,6.04,182097.38,6.2,189019.04,6.51,248737.82,6.36,327387.39,6.14,303786.63,6.46,276854.11,6.19,202759.94,6.35,215170.66,6.5,236348.37,6.39,282869.68,6.47,320022.88
985,000650.SZ,20181211,6.01,6.04,5.97,6.02,5.96,0.05999999999999961,1.01,113603.6,72798.195,6.15,213632.21,6.22,200583.41,6.54,258468.76,6.36,327722.27,6.14,304323.17,6.46,279251.21,6.22,209215.1,6.39,220801.01,6.52,245661.87,6.41,285523.5,6.47,321471.31
986,000650.SZ,20181210,6.0,6.01,5.84,5.96,6.04,-0.08000000000000007,-1.32,146563.21,92962.336,6.24,247269.23,6.25,227188.01,6.55,264943.19,6.35,328079.19,6.13,304050.65,6.46,281420.24,6.24,210536.24,6.44,232597.02,6.54,255087.66,6.42,289142.54,6.46,322160.92
987,000650.SZ,20181207,6.2,6.25,5.93,6.04,6.23,-0.1900000000000004,-3.05,300639.78,192836.68,6.34,276091.67,6.3,229874.05,6.57,271034.9,6.34,328979.84,6.12,303708.97,6.46,285137.25,6.27,209827.5,6.49,238833.13,6.56,256983.74,6.44,292685.35,6.46,324188.29
988,000650.SZ,20181206,6.5,6.53,6.21,6.23,6.52,-0.28999999999999915,-4.45,250874.57,169806.1,6.37,246438.74,6.35,220450.63,6.59,276935.99,6.34,328499.49,6.11,302449.59,6.47,283671.49,6.28,204677.77,6.52,232754.59,6.58,259915.79,6.45,290566.68,6.45,323824.88
989,000650.SZ,20181205,6.39,6.57,6.32,6.52,6.47,0.04999999999999982,0.77,256479.91,176624.066,6.35,223422.5,6.38,217253.81,6.59,281270.26,6.33,327758.46,6.11,301337.53,6.47,283923.47,6.3,225536.65,6.54,230863.11,6.6,265875.22,6.46,289332.13,6.45,323502.13
990,000650.SZ,20181204,6.42,6.55,6.4,6.47,6.43,0.040000000000000036,0.62,281788.66,194950.334,6.29,204797.99,6.4,227846.07,6.57,280206.92,6.32,327708.99,6.09,300262.71,6.48,282733.23,6.31,218036.84,6.55,230463.72,6.6,268450.37,6.46,288705.88,6.44,323233.85
991,000650.SZ,20181203,6.31,6.46,6.25,6.43,6.19,0.23999999999999932,3.88,290675.41,197810.346,6.24,173803.24,6.44,219589.05,6.55,278419.1,6.32,327555.89,6.08,299147.52,6.48,282846.63,6.33,207671.51,6.57,228361.21,6.61,270846.79,6.47,288569.99,6.44,322918.98
992,000650.SZ,20181130,6.12,6.21,6.05,6.19,6.14,0.05000000000000071,0.81,152375.16,99513.13,6.2,143563.33,6.48,213491.92,6.53,277926.59,6.31,326947.77,6.07,297884.73,6.48,284261.87,6.36,199535.55,6.59,229434.35,6.62,277866.84,6.47,287430.57,6.43,321922.42
993,000650.SZ,20181129,6.3,6.32,6.11,6.14,6.23,-0.09000000000000075,-1.44,135793.36,90323.406,6.2,162916.8,6.54,228657.2,6.53,280984.26,6.3,327765.63,6.06,297699.93,6.49,287577.68,6.41,223715.97,6.62,242045.52,6.61,286062.33,6.48,287693.93,6.43,322340.13
994,000650.SZ,20181128,6.19,6.27,6.06,6.23,6.22,0.010000000000000675,0.16,163357.34,107872.908,6.25,227650.81,6.59,239079.67,6.53,287629.22,6.3,329821.99,6.05,297258.89,6.49,291420.91,6.5,227581.38,6.65,253142.58,6.6,288880.1,6.49,291369.39,6.43,323254.62
995,000650.SZ,20181127,6.25,6.29,6.16,6.22,6.21,0.009999999999999787,0.16,126814.95,84359.7,6.34,231275.69,6.62,240288.26,6.52,294197.08,6.29,331334.99,6.04,297042.04,6.49,293798.71,6.56,232386.91,6.67,263885.25,6.59,290801.61,6.5,293842.74,6.42,323827.5
996,000650.SZ,20181126,6.2,6.3,6.12,6.21,6.19,0.019999999999999574,0.32,139475.83,92355.04,6.42,241539.77,6.66,246921.34,6.51,303008.88,6.28,332550.91,6.04,297549.22,6.5,299359.35,6.64,254657.8,6.68,277363.38,6.58,295705.44,6.51,298176.29,6.42,327088.78
997,000650.SZ,20181123,6.36,6.38,6.19,6.19,6.39,-0.1999999999999993,-3.13,249142.51,166521.095,6.51,255507.78,6.71,255307.21,6.49,314620.71,6.27,334275.78,6.03,296934.98,6.5,307954.35,6.71,267838.77,6.7,280561.86,6.57,299600.78,6.51,298828.81,6.42,329966.77
998,000650.SZ,20181122,6.66,6.69,6.34,6.39,6.67,-0.28000000000000025,-4.2,459463.4,317083.642,6.63,284515.14,6.75,254583.82,6.48,316585.36,6.26,332896.5,6.02,295711.15,6.52,313061.78,6.75,260831.41,6.73,287534.8,6.57,303353.43,6.52,297731.88,6.42,331957.78
999,000650.SZ,20181121,6.59,6.71,6.58,6.67,6.63,0.040000000000000036,0.6,181481.77,128775.843,6.74,227511.95,6.78,243251.11,6.49,313255.95,6.24,329975.78,6.01,293306.99,6.53,311202.14,6.77,236189.57,6.75,286044.51,6.55,300926.8,6.52,293303.41,6.42,334387.88
1000,000650.SZ,20181120,6.66,6.76,6.6,6.63,6.69,-0.0600000000000005,-0.9,178135.36,126872.353,6.79,233498.13,6.8,260413.94,6.48,314542.49,6.23,329208.95,5.99,292612.49,6.54,311772.86,6.79,242890.61,6.75,293657.13,6.53,309091.28,6.51,294921.85,6.41,336053.81
1001,000650.SZ,20181119,6.76,6.8,6.66,6.69,6.77,-0.07999999999999918,-1.18,209315.85,149779.372,6.86,267775.83,6.8,274229.27,6.48,318750.76,6.21,328237.04,5.98,292011.97,6.54,312580.24,6.81,249050.92,6.75,302434.43,6.49,320962.71,6.5,296557.61,6.41,337903.22
1002,000650.SZ,20181116,6.96,6.98,6.73,6.77,6.96,-0.1900000000000004,-2.73,394179.33,286067.841,6.9,280169.75,6.8,287221.18,6.47,321138.73,6.2,327129.02,5.97,291530.99,6.55,314079.41,6.82,259333.14,6.75,317032.49,6.47,324516.86,6.49,300158.0,6.4,339023.89
1003,000650.SZ,20181115,6.87,6.97,6.81,6.96,6.89,0.07000000000000028,1.02,174447.42,128599.281,6.87,237147.67,6.78,287390.27,6.46,318452.98,6.18,324854.94,5.96,289883.17,6.56,314214.05,6.83,260375.07,6.72,317235.51,6.46,322919.67,6.49,296766.81,6.4,340068.23
1004,000650.SZ,20181114,6.99,7.1,6.88,6.89,6.99,-0.10000000000000053,-1.43,211412.69,157312.412,6.8,244867.2,6.75,289620.89,6.44,318116.79,6.17,324131.44,5.95,290311.15,6.56,319777.76,6.8,278703.79,6.66,319529.45,6.44,324612.23,6.48,298355.56,6.39,344526.16
1005,000650.SZ,20181113,6.8,7.12,6.77,6.99,6.89,0.10000000000000053,1.45,349523.85,260462.813,6.8,252283.08,6.73,303250.78,6.42,319841.93,6.15,323049.81,5.93,289252.11,6.56,322516.77,6.78,295383.59,6.61,320008.96,6.43,328272.35,6.48,297618.89,6.38,347931.89
1006,000650.SZ,20181112,6.57,6.9,6.56,6.89,6.6,0.29000000000000004,4.39,271285.47,195807.552,6.76,230326.0,6.72,309414.91,6.4,316379.66,6.14,321030.72,5.92,287471.28,6.56,329585.62,6.73,300068.95,6.55,316229.27,6.41,326305.12,6.48,296631.72,6.37,347277.2
1007,000650.SZ,20181109,6.59,6.74,6.57,6.6,6.64,-0.040000000000000036,-0.6,179068.93,127061.944,6.74,238496.53,6.7,314218.66,6.37,315338.78,6.12,319728.5,5.9,286002.32,6.57,332465.64,6.7,293284.96,6.51,315481.79,6.39,327357.73,6.47,298723.93,6.36,347637.05
1008,000650.SZ,20181108,6.89,6.93,6.63,6.64,6.86,-0.22000000000000064,-3.21,213045.06,153728.24,6.8,283602.47,6.7,327650.39,6.36,317982.07,6.11,319004.15,5.89,285155.39,6.58,337936.93,6.71,314238.19,6.48,324614.43,6.38,326822.66,6.47,302423.8,6.35,348575.67
1009,000650.SZ,20181107,6.8,6.89,6.77,6.86,6.8,0.0600000000000005,0.88,248492.09,181262.855,6.8,312540.38,6.7,349822.07,6.35,326739.58,6.09,318140.22,5.88,284209.62,6.58,344266.61,6.73,335899.44,6.44,333295.42,6.37,328723.41,6.46,305940.31,6.33,348025.52
1010,000650.SZ,20181106,6.75,6.85,6.64,6.8,6.81,-0.009999999999999787,-0.15,239738.47,172293.855,6.77,338484.11,6.65,361341.13,6.34,329292.34,6.08,317730.42,5.86,282916.74,6.59,350162.19,6.7,344423.65,6.39,342191.61,6.35,328167.23,6.46,307493.65,6.32,347329.76
1011,000650.SZ,20181105,6.86,7.03,6.7,6.81,6.89,-0.08000000000000007,-1.16,312138.08,227722.741,6.7,369811.9,6.57,359847.89,6.34,329830.47,6.06,316534.65,5.85,281778.49,6.6,356948.06,6.69,355817.94,6.34,356918.61,6.32,328039.14,6.45,312562.39,6.31,347634.08
1012,000650.SZ,20181102,6.73,6.89,6.71,6.89,6.62,0.2699999999999996,4.08,404598.63,294389.331,6.65,348073.39,6.5,352837.48,6.34,330377.76,6.05,314983.83,5.84,280273.05,6.61,366850.77,6.67,374731.83,6.29,357108.72,6.3,326599.23,6.45,320428.44,6.3,346961.84
1013,000650.SZ,20181101,6.8,6.82,6.59,6.62,6.73,-0.11000000000000032,-1.63,357734.61,256442.315,6.61,344873.91,6.42,342786.05,6.35,329040.5,6.03,312783.87,5.82,278100.07,6.61,370787.08,6.6,374095.95,6.27,354191.97,6.29,330139.28,6.46,324221.78,6.28,344791.57
1014,000650.SZ,20181031,6.41,6.82,6.38,6.73,6.43,0.3000000000000007,4.67,378210.74,269369.416,6.65,359258.5,6.38,334986.15,6.35,323622.42,6.02,310736.65,5.81,276106.74,6.6,370334.47,6.52,360355.12,6.26,347566.45,6.28,329390.99,6.47,323592.71,6.27,343888.42
1015,000650.SZ,20181030,6.5,6.6,6.21,6.43,6.59,-0.16000000000000014,-2.43,396377.42,270664.157,6.63,350363.2,6.33,333717.77,6.35,317698.62,6.01,308629.89,5.8,273997.88,6.59,368061.39,6.43,344634.32,6.26,344716.73,6.29,325385.13,6.48,321027.3,6.26,342901.18
1016,000650.SZ,20181029,6.66,6.67,6.47,6.59,6.7,-0.11000000000000032,-1.64,203445.53,142895.998,6.67,341823.98,6.28,332970.64,6.37,312478.83,5.99,306525.33,5.78,271837.92,6.59,367807.07,6.37,332389.58,6.26,339423.21,6.3,323197.42,6.49,318399.15,6.25,341290.58
1017,000650.SZ,20181026,6.89,6.92,6.5,6.7,6.82,-0.1200000000000001,-1.76,388601.27,278010.308,6.69,401390.28,6.23,350122.21,6.37,314543.24,5.98,305649.07,5.77,270880.31,6.58,368449.59,6.32,337678.63,6.24,344394.12,6.32,328386.96,6.49,320370.96,6.24,341846.43
1018,000650.SZ,20181025,6.42,6.86,6.36,6.82,6.63,0.1900000000000004,2.87,429657.54,305150.246,6.58,403317.98,6.15,361328.14,6.37,309652.32,5.96,303791.73,5.76,268968.72,6.57,365783.88,6.26,334990.68,6.22,333114.9,6.32,321217.58,6.5,320632.22,6.23,342207.34
1019,000650.SZ,20181024,6.59,6.79,6.57,6.63,6.63,0.0,0.0,333734.23,237679.387,6.38,361451.74,6.09,352580.67,6.37,301961.72,5.95,301233.39,5.74,266682.38,6.55,362906.45,6.15,330691.39,6.19,325135.4,6.31,312789.05,6.52,323333.36,6.21,341803.76
1020,000650.SZ,20181023,6.64,6.76,6.55,6.63,6.65,-0.020000000000000462,-0.3,353681.34,250702.772,6.22,338905.45,6.07,353544.46,6.37,302626.03,5.94,299795.72,5.73,265045.45,6.55,362468.8,6.08,339959.57,6.17,320039.02,6.32,308961.39,6.52,324718.43,6.2,341538.54
1021,000650.SZ,20181022,6.26,6.69,6.26,6.65,6.18,0.47000000000000064,7.61,501277.0,346941.508,6.07,322955.18,6.06,343663.14,6.38,301393.01,5.92,298815.49,5.71,263607.08,6.54,362849.0,5.99,358019.27,6.14,314149.73,6.33,306293.19,6.53,333485.2,6.18,341823.34
1022,000650.SZ,20181019,5.72,6.2,5.7,6.18,5.79,0.3899999999999997,6.74,398239.8,255880.303,5.94,273966.98,6.05,329812.33,6.39,298026.85,5.91,295582.11,5.7,260875.5,6.53,360067.38,5.92,339485.61,6.12,302532.93,6.33,296994.29,6.54,333252.03,6.16,338067.09
1023,000650.SZ,20181018,5.85,5.95,5.74,5.79,5.86,-0.07000000000000028,-1.19,220326.34,137110.713,5.93,266663.38,6.07,321525.19,6.39,291567.65,5.9,293110.41,5.69,258843.0,6.52,356634.32,5.94,334287.98,6.13,308160.95,6.35,289325.53,6.56,336438.3,6.15,335072.42
1024,000650.SZ,20181017,5.97,5.99,5.66,5.86,5.87,-0.009999999999999787,-0.17,221002.77,137612.242,5.93,299931.04,6.11,327874.22,6.41,290479.42,5.89,291949.53,5.69,258107.24,6.52,358051.84,6.01,334777.77,6.17,313908.92,6.38,293858.69,6.58,344229.05,6.14,333828.52
1025,000650.SZ,20181016,6.05,6.08,5.72,5.87,6.02,-0.14999999999999947,-2.49,273930.0,172377.118,5.94,341013.7,6.14,323413.76,6.42,289678.03,5.88,290860.0,5.68,257266.53,6.52,357196.42,6.08,344799.14,6.22,315760.54,6.42,296883.88,6.6,352056.67,6.13,332304.99
1026,000650.SZ,20181015,6.15,6.21,5.98,6.02,6.12,-0.10000000000000053,-1.63,256335.99,166481.704,5.9,393083.36,6.17,323116.65,6.43,289815.04,5.87,289489.99,5.67,255797.08,6.51,355795.86,6.14,346456.84,6.27,318601.34,6.45,300647.13,6.63,359969.15,6.12,330436.92
1027,000650.SZ,20181012,5.86,6.15,5.79,6.12,5.78,0.33999999999999986,5.88,361721.78,231304.715,5.9,405004.24,6.19,321229.79,6.44,290401.65,5.86,288598.98,5.67,254677.0,6.51,354707.5,6.17,351109.61,6.32,323741.12,6.46,298056.83,6.65,373277.57,6.1,328856.72
1028,000650.SZ,20181011,5.74,5.95,5.69,5.78,5.92,-0.13999999999999968,-2.36,386664.67,240665.942,5.96,401912.59,6.18,311550.85,6.43,292272.76,5.85,286890.47,5.66,252807.1,6.5,351787.76,6.18,331239.11,6.35,314331.02,6.46,292110.33,6.66,378912.57,6.09,326427.9
1029,000650.SZ,20181010,5.86,5.95,5.77,5.92,5.68,0.2400000000000002,4.23,426416.05,267354.753,6.1,369624.5,6.22,302495.17,6.45,286509.32,5.85,285919.03,5.65,251169.51,6.49,349454.51,6.23,319579.4,6.4,303837.87,6.48,285680.02,6.67,377864.65,6.08,323669.51
1030,000650.SZ,20181009,5.96,6.04,5.57,5.68,5.98,-0.3000000000000007,-5.02,534278.31,325458.056,6.22,348584.58,6.25,308986.26,6.47,281902.16,5.84,283183.05,5.65,249229.08,6.48,347403.85,6.26,300118.47,6.44,293462.3,6.5,280752.43,6.68,374219.88,6.07,320605.83
1031,000650.SZ,20181008,6.21,6.29,5.96,5.98,6.42,-0.4399999999999995,-6.85,315940.39,205920.201,6.37,299830.32,6.32,293679.14,6.5,271106.09,5.83,279810.03,5.64,246338.37,6.48,342898.24,6.3,270280.2,6.5,280430.15,6.51,272152.51,6.68,371603.62,6.06,316851.56
1032,000650.SZ,20180928,6.45,6.52,6.26,6.42,6.49,-0.07000000000000028,-1.08,346263.53,235711.796,6.44,297214.98,6.39,289224.89,6.53,270351.79,5.82,277775.94,5.64,244749.97,6.47,343883.66,6.32,265580.24,6.54,275748.63,6.51,275799.14,6.68,370531.87,6.05,314841.75
1033,000650.SZ,20180927,6.51,6.62,6.47,6.49,6.54,-0.04999999999999982,-0.76,225224.2,157272.865,6.4,260565.63,6.41,288031.23,6.54,271838.69,5.81,275620.9,5.63,243008.4,6.46,342693.9,6.32,282033.92,6.55,266844.31,6.51,270613.96,6.67,367905.35,6.04,312694.87
1034,000650.SZ,20180926,6.42,6.63,6.35,6.54,6.44,0.09999999999999964,1.55,321216.47,222728.757,6.37,269534.3,6.46,298331.81,6.54,277010.36,5.79,274426.35,5.62,241936.9,6.45,342519.49,6.33,293040.08,6.57,273399.15,6.52,272098.9,6.66,367715.79,6.02,312397.01
1035,000650.SZ,20180925,6.26,6.49,6.24,6.44,6.3,0.14000000000000057,2.22,290506.99,197339.04,6.31,251652.36,6.48,286970.53,6.53,280034.45,5.78,272403.98,5.61,240308.93,6.44,341227.1,6.36,286721.94,6.58,272926.25,6.52,266965.42,6.65,367377.36,6.01,310283.11
1036,000650.SZ,20180921,6.29,6.32,6.09,6.3,6.24,0.05999999999999961,0.96,302863.69,201040.352,6.23,240730.08,6.49,278223.96,6.53,281539.9,5.77,270715.56,5.6,238967.19,6.44,340607.07,6.39,290745.84,6.6,277742.28,6.54,266958.32,6.64,368905.51,5.99,308602.38
1037,000650.SZ,20180920,6.31,6.33,6.2,6.24,6.31,-0.0699999999999994,-1.11,163016.82,108658.439,6.21,233945.51,6.54,271765.57,6.53,288628.12,5.75,269013.17,5.59,237633.52,6.43,338850.06,6.47,296372.64,6.6,271530.45,6.55,270090.13,6.64,368735.37,5.98,306810.22
1038,000650.SZ,20180919,6.23,6.44,6.17,6.31,6.24,0.0699999999999994,1.12,270067.53,181660.018,6.23,303502.21,6.59,280274.69,6.55,306895.3,5.74,268140.59,5.58,237016.92,6.42,339376.5,6.52,297422.93,6.61,272545.93,6.56,278024.95,6.63,368364.43,5.97,305976.21
1039,000650.SZ,20180918,6.05,6.33,6.04,6.24,6.05,0.1900000000000004,3.14,231806.78,152429.555,6.29,316545.85,6.62,276601.03,6.58,317546.24,5.73,266409.99,5.58,235868.9,6.42,339049.36,6.56,288096.35,6.61,268730.33,6.55,283157.21,6.62,369307.31,5.96,304349.28
1040,000650.SZ,20180917,6.13,6.14,5.91,6.05,6.19,-0.14000000000000057,-2.26,235895.56,151563.523,6.41,321791.52,6.65,271706.44,6.61,320139.87,5.71,264951.7,5.57,234822.33,6.41,339053.31,6.62,286806.13,6.61,271069.41,6.56,286820.06,6.61,368057.97,5.94,303195.24
1041,000650.SZ,20180914,6.36,6.37,6.19,6.19,6.38,-0.1899999999999995,-2.98,268940.85,179904.856,6.55,340761.6,6.71,280969.93,6.64,319798.41,5.7,263531.21,5.56,233783.57,6.41,342816.95,6.71,290580.11,6.62,273088.66,6.58,297085.65,6.6,366941.18,5.93,301873.3
1042,000650.SZ,20180913,6.66,6.71,6.06,6.38,6.57,-0.1900000000000004,-2.89,510800.31,345453.118,6.72,358799.76,6.76,284263.59,6.67,318908.64,5.69,261952.52,5.56,232507.99,6.41,345695.53,6.76,285917.03,6.61,280908.6,6.6,314257.65,6.59,365370.65,5.92,300641.66
1043,000650.SZ,20180912,6.87,6.89,6.5,6.57,6.86,-0.29000000000000004,-4.23,335285.75,238579.619,6.81,291343.66,6.79,274727.23,6.69,313348.46,5.67,258860.45,5.55,229998.31,6.4,345392.38,6.79,251654.7,6.61,264903.97,6.63,318304.28,6.57,359236.33,5.9,296895.48
1044,000650.SZ,20180911,6.8,6.95,6.69,6.86,6.77,0.09000000000000075,1.33,258035.13,187656.562,6.83,259646.85,6.77,262676.56,6.71,315377.6,5.66,256832.53,5.54,228318.79,6.4,350936.24,6.81,253758.22,6.61,261628.32,6.65,317794.44,6.55,357176.09,5.89,295157.34
1045,000650.SZ,20180910,7.02,7.13,6.72,6.77,7.04,-0.27000000000000046,-3.84,330745.95,245542.94,6.84,251820.75,6.73,256929.75,6.73,325192.05,5.64,255437.11,5.53,227357.6,6.39,352581.02,6.81,259130.55,6.61,257087.16,6.66,316669.47,6.52,357419.11,5.87,294778.12
1046,000650.SZ,20180907,6.79,7.07,6.74,7.04,6.79,0.25,3.68,359131.67,266109.085,6.86,240398.61,6.7,246392.01,6.74,327724.18,5.63,253908.29,5.51,225739.58,6.38,353505.27,6.81,264738.72,6.61,255064.56,6.67,313600.88,6.5,355179.3,5.85,292319.15
1047,000650.SZ,20180906,6.62,6.86,6.62,6.79,6.69,0.09999999999999964,1.49,173519.81,125207.07,6.79,213034.29,6.64,240196.38,6.74,343034.63,5.61,251689.59,,,6.37,353300.8,6.74,246688.26,6.59,256948.88,6.67,312354.97,6.48,355691.23,5.83,289679.01
1048,000650.SZ,20180905,6.83,6.89,6.67,6.69,6.9,-0.20999999999999996,-3.04,176801.67,127869.682,6.77,211965.74,6.59,248101.06,6.75,352263.09,5.59,250864.79,,,6.36,357913.87,6.69,247668.93,6.58,268325.95,6.69,320046.86,6.46,357083.08,5.81,288676.02
1049,000650.SZ,20180904,6.86,6.95,6.8,6.9,6.86,0.040000000000000036,0.58,218904.63,160766.91,6.79,247869.59,6.55,267219.36,6.76,364398.79,5.58,250303.55,,,6.35,365015.17,6.66,249364.3,6.55,280687.64,6.72,333877.68,6.45,357672.12,5.79,287736.92
1050,000650.SZ,20180903,6.7,6.86,6.61,6.86,6.71,0.15000000000000036,2.24,273635.28,197667.693,6.78,266440.35,6.51,265050.37,6.77,378188.99,5.56,249331.45,,,6.34,370364.44,6.6,255332.68,6.53,286827.02,6.72,340475.48,6.43,357761.82,5.78,286551.45
1051,000650.SZ,20180831,6.69,6.8,6.53,6.71,6.67,0.040000000000000036,0.6,222310.05,158078.943,6.76,289078.83,6.49,264753.25,6.79,390454.42,5.55,247608.93,,,6.32,370328.78,6.53,255597.22,6.51,300338.42,6.73,360677.2,6.41,357267.98,5.76,285338.08
1052,000650.SZ,20180830,6.78,6.83,6.66,6.67,6.79,-0.1200000000000001,-1.77,168177.06,121042.744,6.68,280342.22,6.49,260514.93,6.81,405935.87,5.54,246530.69,,,6.3,371557.55,6.46,275900.17,6.52,328427.96,6.74,369509.78,6.39,356414.28,5.74,284449.63
1053,000650.SZ,20180829,6.79,6.95,6.69,6.79,6.89,-0.09999999999999964,-1.45,356320.93,259235.209,6.62,283372.12,6.5,269908.54,6.83,432014.22,5.53,245680.21,,,6.28,373204.56,6.44,278153.25,6.56,351629.08,6.76,383551.07,6.38,356986.33,5.73,285104.63
1054,000650.SZ,20180828,6.78,6.89,6.63,6.89,6.76,0.1299999999999999,1.92,311758.45,224938.764,6.53,250859.02,6.49,273023.71,6.83,442117.19,5.51,243969.04,,,6.26,370413.99,6.42,269498.42,6.58,349812.54,6.77,394599.41,6.36,355139.84,5.71,282405.59
1055,000650.SZ,20180827,6.36,6.8,6.33,6.76,6.29,0.46999999999999975,7.47,386827.67,272809.946,6.41,244225.02,6.46,279893.15,6.81,442471.03,5.5,242487.96,,,6.24,368457.22,6.41,255043.76,6.59,345438.93,6.79,407229.47,6.34,353812.25,5.69,280212.29
1056,000650.SZ,20180824,6.36,6.38,6.24,6.29,6.36,-0.07000000000000028,-1.1,178627.0,120133.609,6.29,222115.62,6.42,282755.29,6.79,437203.44,5.49,240119.36,,,6.22,366982.94,6.41,245390.4,6.61,338031.96,6.81,419291.18,6.33,356001.27,5.67,277180.65
1057,000650.SZ,20180823,6.31,6.42,6.24,6.36,6.33,0.03000000000000025,0.47,183326.55,123925.397,6.25,271458.11,6.44,295298.77,6.79,443046.86,5.48,239208.76,,,6.21,367687.51,6.45,267209.51,6.64,345188.33,6.85,448498.31,6.33,361104.72,5.65,275991.58
1058,000650.SZ,20180822,6.26,6.38,6.23,6.33,6.33,0.0,0.0,193755.42,130638.995,6.26,272934.37,6.45,323032.36,6.77,445055.93,5.47,238296.34,,,6.19,367165.37,6.46,288982.98,6.69,356235.83,6.86,465714.82,6.32,366183.68,5.64,274907.27
1059,000650.SZ,20180821,6.09,6.37,6.05,6.33,6.12,0.20999999999999996,3.43,278588.44,185630.046,6.31,288137.82,6.48,368443.55,6.76,444906.44,5.46,237257.35,,,6.18,367906.71,6.44,312010.97,6.75,376134.37,6.86,470049.28,6.32,375472.35,5.62,273542.6
1060,000650.SZ,20180820,6.15,6.19,5.83,6.12,6.09,0.03000000000000025,0.49,276280.67,176742.218,6.4,265862.51,6.57,395644.39,6.74,443002.39,5.45,235642.77,,,6.16,367655.43,6.47,318321.36,6.78,383046.87,6.85,467687.32,6.31,377185.76,5.61,271615.82
1061,000650.SZ,20180817,6.56,6.58,5.98,6.09,6.45,-0.3600000000000003,-5.58,425339.47,282431.846,6.54,268665.18,6.65,399006.67,6.74,443726.79,5.44,234166.88,,,6.15,366679.76,6.5,345079.62,6.83,413217.19,6.86,471054.74,6.31,379248.83,5.59,269794.47
1062,000650.SZ,20180816,6.43,6.63,6.4,6.45,6.56,-0.10999999999999943,-1.68,190707.86,132652.848,6.65,262960.91,6.73,383541.03,6.74,442457.87,5.43,231751.15,,,6.14,364610.53,6.57,380955.76,6.89,416314.58,6.85,465264.59,6.31,377889.79,5.58,266561.35
1063,000650.SZ,20180815,6.75,6.75,6.43,6.56,6.76,-0.20000000000000018,-2.96,269772.64,188208.075,6.65,305031.58,6.78,387231.84,6.72,445456.32,5.42,230835.2,,,6.13,367826.56,6.67,425104.9,6.92,436249.98,6.82,465196.75,6.31,383369.65,5.56,265145.96
1064,000650.SZ,20180814,6.76,6.8,6.68,6.76,6.82,-0.0600000000000005,-0.88,167211.91,120141.672,6.58,335884.13,6.82,391230.42,6.7,441661.85,5.41,229489.92,,,6.1,369312.63,6.74,430126.67,6.95,457149.91,6.8,463332.69,6.3,390696.76,5.55,263079.64
1065,000650.SZ,20180813,6.65,6.88,6.62,6.82,6.64,0.1800000000000006,2.71,290294.0,209371.713,6.54,370780.2,6.86,409466.17,6.67,446350.91,5.4,228710.23,,,6.08,371108.59,6.78,435834.09,6.98,483322.32,6.78,467789.3,6.29,398244.9,5.53,261947.41
1066,000650.SZ,20180810,6.48,6.87,6.47,6.64,6.49,0.14999999999999947,2.31,396818.13,284463.716,6.47,421494.06,6.91,432653.26,6.63,442425.98,5.38,227113.36,,,6.05,372409.42,6.8,430673.53,7.02,506241.57,6.75,470852.7,6.26,397922.68,5.5,259875.03
1067,000650.SZ,20180809,6.19,6.59,6.11,6.49,6.18,0.3100000000000005,5.02,401061.23,274994.049,6.49,498950.6,6.94,434193.29,6.6,435722.16,5.37,224728.29,,,6.02,367792.21,6.84,423167.14,7.05,539142.71,6.73,467380.61,6.24,396550.17,5.48,257114.4
1068,000650.SZ,20180808,6.5,6.54,6.1,6.18,6.58,-0.40000000000000036,-6.08,424035.4,286205.919,6.69,545178.23,6.98,471010.66,6.57,429064.74,5.36,222544.98,,,6.0,362963.12,6.92,423488.69,7.06,554080.75,6.7,458703.92,6.22,394727.53,5.47,254132.78
1069,000650.SZ,20180807,6.51,6.59,6.38,6.58,6.45,0.1299999999999999,2.02,341692.26,237253.46,6.9,524369.21,7.06,475876.19,6.55,420791.39,5.35,219957.56,,,5.97,358256.75,7.05,440257.77,7.07,549068.43,6.68,455457.41,6.21,390110.74,5.45,251074.93
1070,000650.SZ,20180806,6.62,6.72,6.3,6.45,6.75,-0.2999999999999998,-4.44,543863.27,376835.949,7.01,500887.98,7.11,494931.84,6.51,416967.23,5.34,218248.54,,,5.95,354209.92,7.1,447772.38,7.05,542370.31,6.66,449295.88,6.18,387165.88,5.43,249149.13
1071,000650.SZ,20180803,7.4,7.76,6.75,6.75,7.5,-0.75,-10.0,784100.86,605824.555,7.14,439853.01,7.16,506001.69,6.48,408989.39,5.33,214869.64,,,5.92,347621.9,7.15,481354.76,7.03,534042.3,6.62,436796.71,6.16,382705.77,5.42,244947.27
1072,000650.SZ,20180802,7.22,7.59,7.17,7.5,7.22,0.28000000000000025,3.88,632199.35,500532.904,7.19,347383.69,7.21,498813.94,6.44,391702.82,,,,,5.89,338056.71,7.2,451673.41,6.99,507419.01,6.58,416483.65,6.14,373495.25,5.4,238869.33
1073,000650.SZ,20180801,7.19,7.43,7.14,7.22,7.12,0.09999999999999964,1.4,319990.3,248602.508,7.14,301799.14,7.21,507773.91,6.38,384574.81,,,,,5.85,330564.23,7.17,447395.05,6.9,485242.67,6.51,400168.38,6.11,365361.37,5.38,234400.86
1074,000650.SZ,20180731,7.22,7.34,7.1,7.12,7.09,0.03000000000000025,0.42,224286.13,172373.782,7.2,356146.33,7.21,564300.89,6.33,382723.07,,,,,5.82,327039.79,7.17,484173.15,6.83,479935.69,6.45,396557.74,6.07,364184.12,5.36,232391.96
1075,000650.SZ,20180730,7.1,7.19,6.92,7.09,7.02,0.07000000000000028,1.0,238688.39,178866.22,7.18,394656.78,7.19,600880.57,6.3,382365.94,,,,,5.79,324832.98,7.19,530810.54,6.78,483766.91,6.39,398168.76,6.04,364775.06,5.34,230736.18
1076,000650.SZ,20180727,7.25,7.33,7.01,7.02,7.27,-0.25,-3.44,321754.26,244236.081,7.17,522856.51,7.12,607426.77,6.26,381942.37,,,,,5.76,322767.34,7.23,581809.6,6.73,490942.29,6.33,396757.72,6.01,364182.01,5.32,229305.8
1077,000650.SZ,20180726,7.45,7.54,7.22,7.27,7.5,-0.23000000000000043,-3.07,404276.64,317022.387,7.22,555963.13,7.06,598655.66,6.22,379655.62,,,,,5.72,319474.13,7.25,655118.28,6.67,489487.34,6.28,399027.48,5.98,363321.89,5.3,227005.41
1078,000650.SZ,20180725,7.03,7.63,6.99,7.5,7.04,0.45999999999999996,6.53,591726.22,459907.223,7.2,592990.95,6.98,596580.77,6.17,372797.13,,,,,5.69,315265.62,7.21,684672.81,6.59,476311.54,6.23,394119.3,5.95,363782.45,5.28,224552.38
1079,000650.SZ,20180724,6.98,7.11,6.84,7.04,7.0,0.040000000000000036,0.57,416838.41,311887.635,7.13,612199.97,6.85,570419.91,6.12,361349.3,,,,,5.65,309902.34,7.08,657879.09,6.5,463057.23,6.17,381466.55,5.91,360274.15,5.26,220442.02
1080,000650.SZ,20180723,6.99,7.11,6.68,7.0,7.28,-0.28000000000000025,-3.85,879687.04,649064.93,7.2,666964.3,6.75,552868.7,6.09,356310.87,,,,,5.62,305245.14,7.0,636968.23,6.44,450057.62,6.13,375048.17,5.87,358358.65,5.24,217349.6
1081,000650.SZ,20180720,7.17,7.47,7.17,7.28,7.19,0.08999999999999986,1.25,487287.32,381363.493,7.29,640762.69,6.66,501650.52,6.06,337264.28,,,,,5.59,294700.24,6.92,586729.84,6.36,414517.69,6.09,353858.76,5.83,350161.48,5.22,210414.72
1082,000650.SZ,20180719,7.22,7.38,7.15,7.19,7.16,0.03000000000000025,0.42,589415.74,456676.239,7.29,754273.43,6.57,487313.84,6.01,338172.57,,,,,5.56,289373.8,6.77,563164.61,6.27,398888.77,6.04,343318.78,5.79,342882.14,5.2,206786.81
1083,000650.SZ,20180718,7.32,7.45,7.14,7.16,7.36,-0.20000000000000018,-2.72,687771.32,537413.203,7.22,776354.67,6.48,471373.85,5.99,335096.63,,,,,5.52,282354.06,6.63,523090.29,6.18,376555.05,5.99,330421.59,5.74,333706.54,5.19,202242.85
1084,000650.SZ,20180717,7.43,7.48,7.15,7.36,7.48,-0.1200000000000001,-1.6,690660.06,537863.971,7.03,703558.21,6.38,440980.32,5.95,329222.88,,,,,5.49,274181.6,6.5,475698.24,6.09,352750.03,5.95,315680.27,5.7,323427.99,5.17,196895.5
1085,000650.SZ,20180716,7.35,7.61,7.25,7.48,7.26,0.22000000000000064,3.03,748679.03,594481.735,6.8,606972.16,6.25,398680.36,5.92,330999.81,,,,,5.46,266217.09,6.37,436723.28,5.98,331847.86,5.9,300395.04,5.65,312553.31,5.15,191671.27
1086,000650.SZ,20180713,7.06,7.49,7.06,7.26,6.84,0.41999999999999993,6.14,1054840.99,815072.731,6.54,532696.99,6.12,366215.82,5.87,320197.29,,,,,5.42,257264.88,6.22,400074.97,5.89,304231.78,5.84,292711.37,5.6,300904.68,5.12,186077.9
1087,000650.SZ,20180712,6.56,6.84,6.54,6.84,6.22,0.6200000000000001,9.97,699821.94,503492.327,6.25,372055.78,6.0,297139.31,5.84,300939.16,,,,,5.38,244815.59,6.09,323856.41,5.8,270982.09,5.81,273711.14,5.56,284435.87,5.11,177777.65
1088,000650.SZ,20180711,6.11,6.31,6.03,6.22,6.21,0.009999999999999787,0.16,323789.04,213367.156,6.03,269825.92,5.9,256298.25,5.82,290467.84,,,,,5.35,236301.4,5.97,267950.27,5.74,248842.55,5.78,266652.53,5.52,273943.22,5.09,172579.56
1089,000650.SZ,20180710,6.16,6.22,6.08,6.21,6.16,0.04999999999999982,0.81,207729.82,136640.267,5.97,247838.26,5.84,244830.57,5.82,296224.03,,,,,5.33,233673.66,5.92,268235.37,5.72,243260.28,5.78,280895.41,5.49,269474.36,5.08,170339.14
1090,000650.SZ,20180709,5.79,6.16,5.79,6.16,5.81,0.35000000000000053,6.02,377303.14,243131.909,5.94,266474.4,5.77,239831.44,5.82,310979.01,,,,,5.31,233737.66,5.87,263147.02,5.7,244088.14,5.77,286684.2,5.47,266991.79,5.07,169110.92
1091,000650.SZ,20180706,5.73,5.91,5.52,5.81,5.76,0.04999999999999982,0.87,251634.98,154319.778,5.9,267452.95,5.71,227090.51,5.8,318120.11,,,,,5.29,229182.53,5.81,242305.53,5.68,237423.22,5.77,287442.92,5.45,262099.5,5.06,166411.46
1092,000650.SZ,20180705,5.89,5.97,5.75,5.76,5.91,-0.15000000000000036,-2.54,188672.62,117529.232,5.93,275657.03,5.67,228704.49,5.79,318688.51,,,,,5.27,226391.61,5.78,234612.94,5.67,233395.87,5.78,290514.98,5.43,259151.64,5.05,165036.71
1093,000650.SZ,20180704,6.07,6.14,5.8,5.91,6.08,-0.16999999999999993,-2.8,213850.76,136058.158,5.9,266074.62,5.65,229295.62,5.78,322388.36,,,,,5.26,224584.78,5.73,230019.8,5.67,234087.23,5.8,301542.55,5.41,257484.39,5.05,163893.17
1094,000650.SZ,20180703,5.99,6.08,5.88,6.08,5.95,0.1299999999999999,2.18,300910.48,193031.539,5.87,288632.48,5.62,242833.8,5.77,324678.14,,,,,5.24,222588.24,5.68,229801.83,5.67,235671.29,5.8,318060.83,5.39,257078.23,5.04,162907.68
1095,000650.SZ,20180702,6.0,6.18,5.9,5.95,5.96,-0.009999999999999787,-0.17,382195.92,246080.366,5.8,259819.64,5.59,239458.48,5.74,320152.17,,,,,5.22,219598.08,5.59,226972.45,5.66,232230.91,5.79,328700.49,5.37,253188.85,5.03,160877.61
1096,000650.SZ,20180629,5.59,6.04,5.59,5.96,5.61,0.34999999999999964,6.24,292655.38,183256.781,5.71,217158.11,5.58,226377.53,5.72,313764.08,,,,,5.21,216209.2,5.55,208388.59,5.65,239029.57,5.77,324992.65,5.35,248299.25,,
1097,000650.SZ,20180628,5.73,5.78,5.51,5.61,5.77,-0.15999999999999925,-2.77,140760.57,85448.343,5.62,193568.85,5.56,221118.43,5.7,313281.77,,,,,5.19,213849.75,5.51,218107.77,5.67,248638.5,5.76,325719.73,5.33,244885.06,,
1098,000650.SZ,20180627,5.63,5.91,5.62,5.77,5.69,0.07999999999999918,1.41,326640.04,201415.378,5.56,193964.98,5.57,229060.28,5.69,315949.68,,,,,5.18,215263.31,5.51,229734.83,5.69,266003.67,5.75,330751.14,5.31,243587.98,,
1099,000650.SZ,20180626,5.44,5.7,5.42,5.69,5.51,0.1800000000000006,3.27,156846.28,93163.03,5.49,170971.18,5.57,217094.74,5.68,310582.81,,,,,5.16,211340.57,5.52,218285.2,5.71,287225.43,5.73,324764.07,5.29,239391.26,,
1100,000650.SZ,20180625,5.55,5.65,5.43,5.51,5.52,-0.009999999999999787,-0.18,168888.27,99936.754,5.39,194125.26,5.58,220606.55,5.67,313303.67,,,,,5.15,209896.79,5.52,225029.27,5.72,298452.79,5.71,325035.88,5.27,238332.51,,
1101,000650.SZ,20180622,5.26,5.57,5.22,5.52,5.29,0.22999999999999954,4.35,174709.1,101569.672,5.4,199619.08,5.61,226502.22,5.66,315975.86,,,,,5.13,207952.03,5.55,232540.91,5.75,310011.61,5.7,328614.83,5.26,236805.43,,
1102,000650.SZ,20180621,5.43,5.49,5.26,5.29,5.43,-0.13999999999999968,-2.58,142741.21,83092.241,5.4,242646.68,5.63,230917.13,5.65,316811.04,,,,,5.12,206101.75,5.57,232178.8,5.78,318466.0,5.7,330506.85,5.24,235912.68,,
1103,000650.SZ,20180620,5.23,5.48,5.17,5.43,5.21,0.21999999999999975,4.22,211671.06,122725.339,5.46,265504.69,5.67,259796.2,5.65,320558.27,,,,,5.11,204908.0,5.62,238154.66,5.83,337303.93,5.7,330554.35,5.23,234554.62,,
1104,000650.SZ,20180619,5.45,5.61,5.1,5.21,5.54,-0.33000000000000007,-5.96,272616.64,158632.091,5.54,265599.21,5.73,280808.73,5.65,327035.9,,,,,5.1,202485.65,5.67,241540.75,5.86,362190.32,5.7,331810.51,5.22,233138.58,,
1105,000650.SZ,20180615,5.48,5.63,5.42,5.54,5.53,0.009999999999999787,0.18,196357.38,117995.334,5.66,255933.28,5.8,297381.59,5.64,330230.35,,,,,5.09,199482.43,5.72,237489.38,5.89,379564.52,5.7,331381.37,5.21,232137.13,,
1106,000650.SZ,20180614,5.58,5.61,5.33,5.53,5.6,-0.0699999999999994,-1.25,389847.13,231005.459,5.7,265462.74,5.84,340052.21,5.62,333334.8,,,,,5.07,197633.91,5.76,269670.55,5.89,383294.68,5.69,331606.31,5.2,229458.99,,
1107,000650.SZ,20180613,5.86,5.86,5.55,5.6,5.84,-0.2400000000000002,-4.11,257031.23,157961.756,5.73,221710.91,5.88,339401.93,5.6,333276.26,,,,,5.06,192934.15,5.83,279169.24,5.88,379525.71,5.68,327616.3,5.18,223666.8,,
1108,000650.SZ,20180612,5.77,5.86,5.65,5.84,5.77,0.07000000000000028,1.21,212143.65,132783.577,5.78,210804.64,5.91,350404.5,5.57,327202.6,,,,,5.04,189785.22,5.88,302272.5,5.87,381259.3,5.67,333445.61,5.16,220268.95,,
1109,000650.SZ,20180611,5.77,5.91,5.68,5.77,5.77,0.0,0.0,224287.0,141177.133,5.79,217482.29,5.94,360531.68,5.53,322106.6,,,,,5.02,187247.49,5.89,356165.67,5.84,378003.5,5.64,339081.76,5.14,217801.72,,
1110,000650.SZ,20180608,5.71,5.88,5.69,5.77,5.68,0.08999999999999986,1.58,244004.67,153134.494,5.79,219045.49,5.97,383240.34,5.49,317599.86,,,,,5.01,184674.92,5.92,371876.32,5.81,375039.18,5.61,341669.14,5.13,215341.08,,
1111,000650.SZ,20180607,5.86,5.9,5.65,5.68,5.82,-0.14000000000000057,-2.41,171088.02,106566.021,5.81,273878.36,6.0,419039.91,5.45,311546.19,,,,,4.99,181976.31,5.95,387482.32,5.78,376651.79,5.58,346464.2,5.11,213408.18,,
1112,000650.SZ,20180606,5.89,5.93,5.78,5.82,5.92,-0.09999999999999964,-1.69,202499.85,128057.291,5.92,336627.57,6.01,453579.33,5.42,307977.76,,,,,4.97,180569.04,6.0,404753.21,5.77,379670.87,5.54,342445.5,5.09,212484.99,,
1113,000650.SZ,20180605,5.75,5.96,5.75,5.92,5.75,0.16999999999999993,2.96,245531.9,157127.892,5.97,393740.36,5.98,458845.54,5.38,303984.0,,,,,4.95,178445.92,6.04,436453.19,5.74,376754.2,5.5,336991.5,5.07,213222.94,,
1114,000650.SZ,20180604,5.89,5.91,5.67,5.75,5.88,-0.1299999999999999,-2.21,232102.99,145287.585,6.0,494849.06,5.94,464148.29,5.34,298829.04,,,,,4.93,175933.41,6.06,482839.9,5.71,376945.39,5.45,331175.7,5.05,209671.33,,
1115,000650.SZ,20180601,6.17,6.18,5.66,5.88,6.23,-0.35000000000000053,-5.62,518169.02,331984.631,6.06,524707.14,5.91,468732.91,5.31,293639.46,,,,,4.91,174313.32,6.06,521639.65,5.69,378327.37,5.41,324711.59,5.03,206612.32,,
1116,000650.SZ,20180531,6.12,6.25,6.0,6.23,6.09,0.14000000000000057,2.3,484834.07,324810.164,6.08,501086.28,5.86,440183.59,5.28,280127.89,,,,,4.89,167932.93,6.01,496918.81,5.66,362574.19,5.36,309098.0,5.01,198360.03,,
1117,000650.SZ,20180530,5.82,6.11,5.68,6.09,6.03,0.05999999999999961,1.0,488063.8,318144.084,6.09,472878.85,5.78,415581.01,5.23,268331.75,,,,,4.87,162198.45,5.94,479882.17,5.61,351839.83,5.31,295160.6,4.98,190878.43,,
1118,000650.SZ,20180529,6.21,6.47,6.03,6.03,6.07,-0.040000000000000036,-0.66,751075.41,512585.86,6.1,479166.03,5.71,399288.17,5.19,256175.86,,,,,4.85,156970.71,5.86,460246.1,5.57,349032.16,5.26,281233.91,4.95,183630.86,,
1119,000650.SZ,20180528,6.0,6.18,5.94,6.07,6.0,0.07000000000000028,1.17,381393.42,251665.001,6.12,470830.75,5.67,359318.49,5.15,236692.4,,,,,4.83,148008.67,5.78,399841.34,5.52,330539.8,5.21,258053.31,4.93,171612.85,,
1120,000650.SZ,20180525,6.21,6.29,5.97,6.0,6.24,-0.2400000000000002,-3.85,400064.69,264774.297,6.06,518572.15,5.61,341070.26,5.11,231047.92,,,,,4.82,143264.65,5.69,378202.05,5.46,326565.55,5.17,247299.38,4.9,166045.87,,
1121,000650.SZ,20180524,6.15,6.24,6.08,6.24,6.17,0.07000000000000028,1.13,343796.94,230010.427,5.94,492751.35,5.55,329477.26,5.07,221268.02,,,,,4.8,138824.37,5.62,365821.27,5.4,325955.15,5.12,236756.07,4.88,160340.11,,
1122,000650.SZ,20180523,6.12,6.35,6.01,6.17,6.14,0.03000000000000025,0.49,519499.68,347045.724,5.79,486885.49,5.48,323011.53,5.03,213768.69,,,,,4.78,134849.85,5.53,354588.53,5.31,311291.65,5.07,227788.29,4.85,155232.91,,
1123,000650.SZ,20180522,5.72,6.15,5.71,6.14,5.77,0.3700000000000001,6.41,709399.0,460768.748,5.61,441326.17,5.41,298673.52,4.99,201071.75,,,,,4.77,129388.69,5.45,317055.2,5.22,287260.65,5.02,213426.23,4.82,146922.27,,
1124,000650.SZ,20180521,5.43,5.89,5.42,5.77,5.4,0.3699999999999992,6.85,620100.46,382835.474,5.44,328851.92,5.34,264884.9,4.94,182058.12,,,,,4.75,121243.14,5.36,271050.88,5.14,255343.6,4.98,196095.63,4.79,135462.52,,
1125,000650.SZ,20180518,5.47,5.48,5.33,5.4,5.45,-0.04999999999999982,-0.92,270960.66,158889.199,5.32,237831.94,5.3,250408.74,4.91,166020.96,,,,,4.74,113585.11,5.32,235015.08,5.08,226247.56,4.94,177677.22,4.76,125649.92,,
1126,000650.SZ,20180517,5.34,5.47,5.29,5.45,5.31,0.14000000000000057,2.64,314467.64,183876.122,5.29,238891.2,5.27,258890.85,4.89,160796.28,,,,,4.73,110605.64,5.3,228229.56,5.04,215187.59,4.92,171605.85,4.75,121827.39,,
1127,000650.SZ,20180516,5.23,5.42,5.22,5.31,5.27,0.040000000000000036,0.76,291703.07,169466.016,5.28,222291.58,5.23,257924.76,4.86,153819.68,,,,,4.73,107105.26,5.28,223797.5,4.99,202799.81,4.89,164050.4,4.73,117678.64,,
1128,000650.SZ,20180515,5.23,5.29,5.19,5.27,5.19,0.07999999999999918,1.54,147027.79,83574.546,5.28,192784.24,5.19,265321.19,4.84,148803.24,,,,,4.72,103804.42,5.27,237818.22,4.96,191727.82,4.87,156424.81,4.71,113538.02,,
1129,000650.SZ,20180514,5.24,5.27,5.14,5.19,5.22,-0.02999999999999936,-0.57,165000.56,93121.618,5.28,213249.83,5.13,257898.05,4.82,146280.59,,,,,4.72,102458.58,5.25,261238.26,4.93,187159.3,4.85,154018.45,4.7,112039.12,,
1130,000650.SZ,20180511,5.42,5.47,5.22,5.22,5.42,-0.20000000000000018,-3.69,276256.92,159354.922,5.31,232198.22,5.07,248196.45,4.81,145154.36,,,,,4.71,101108.61,5.22,274929.05,4.9,181848.05,4.83,151629.15,4.68,111132.38,,
1131,000650.SZ,20180510,5.3,5.42,5.3,5.42,5.3,0.1200000000000001,2.26,231469.54,134550.759,5.31,217567.93,5.01,232411.91,4.79,143280.03,,,,,4.71,98458.16,5.17,286089.03,4.88,172223.47,4.81,144996.02,4.67,107188.76,,
1132,000650.SZ,20180509,5.32,5.37,5.25,5.3,5.29,0.009999999999999787,0.19,144166.37,82831.826,5.27,225303.42,4.95,217543.47,4.77,137521.18,,,,,4.7,96156.06,5.09,267994.76,4.84,164388.17,4.78,141318.51,4.66,104243.41,,
1133,000650.SZ,20180508,5.34,5.42,5.26,5.29,5.33,-0.040000000000000036,-0.75,249355.78,144401.532,5.27,282852.21,4.89,210281.54,4.75,134525.58,,,,,4.7,95247.86,5.0,257466.1,4.81,161611.75,4.76,138554.89,4.65,103440.35,,
1134,000650.SZ,20180507,5.21,5.33,5.2,5.33,5.21,0.1200000000000001,2.3,259742.48,149236.925,5.22,309226.69,4.83,196232.02,4.73,128755.11,,,,,4.69,92655.62,4.92,239636.31,4.78,158618.0,4.74,134466.66,4.64,100599.79,,
1135,000650.SZ,20180504,5.19,5.27,5.16,5.21,5.24,-0.03000000000000025,-0.57,203105.46,115037.616,5.12,317659.88,4.78,181656.69,4.71,123001.22,,,,,4.69,89996.98,4.84,217480.05,4.75,149008.28,4.72,132892.89,4.63,96697.29,,
1136,000650.SZ,20180503,5.25,5.29,5.13,5.24,5.28,-0.040000000000000036,-0.76,270146.99,152680.703,5.04,354610.12,4.74,170314.53,4.69,119281.9,,,,,4.68,88000.48,4.78,202145.63,4.73,143294.0,4.7,127311.67,4.62,94429.58,,
1137,000650.SZ,20180502,5.07,5.37,5.07,5.28,5.03,0.25,4.97,431910.32,245681.579,4.9,310686.11,4.69,154055.19,4.68,115102.0,,,,,4.68,85554.04,4.7,181802.13,4.7,134176.85,4.68,119717.3,4.62,90688.93,,
1138,000650.SZ,20180427,4.95,5.1,4.84,5.03,4.85,0.1800000000000006,3.71,381228.18,206289.245,4.73,232079.99,4.65,127274.81,4.66,105801.6,,,,,4.68,80481.21,4.64,145637.41,4.67,115728.11,4.66,107092.29,4.61,85322.31,,
1139,000650.SZ,20180426,4.79,4.9,4.76,4.85,4.8,0.04999999999999982,1.04,301908.45,158767.34,4.62,170045.94,4.62,103700.6,4.65,101847.16,,,,,4.68,76672.73,4.6,113080.34,4.65,100408.54,4.64,96521.69,4.61,80609.89,,
1140,000650.SZ,20180425,4.55,4.84,4.55,4.8,4.54,0.2599999999999998,5.73,387856.68,200675.61,4.56,117300.21,4.61,87295.18,4.64,93921.47,,,,,4.68,73411.31,4.58,88767.05,4.64,89979.2,4.64,89013.02,4.61,76340.55,,
1141,000650.SZ,20180424,4.46,4.55,4.46,4.54,4.44,0.09999999999999964,2.25,50526.91,24745.453,4.52,49681.13,4.61,72035.5,4.64,83942.23,,,,,,,4.58,58357.92,4.63,74449.52,4.64,80352.15,4.62,70667.95,,
1142,000650.SZ,20180423,4.46,4.47,4.43,4.44,4.45,-0.009999999999999787,-0.22,38879.75,18743.8,4.51,52918.15,4.62,73344.82,4.64,83133.54,,,,,,,4.59,60781.57,4.63,77980.39,4.64,82524.48,4.62,70691.48,,
1143,000650.SZ,20180420,4.57,4.57,4.4,4.45,4.58,-0.1299999999999999,-2.84,71057.91,34522.732,4.54,59194.83,4.64,77186.36,4.64,83047.02,,,,,,,4.62,65757.4,4.64,79099.29,4.65,89454.38,4.63,70779.15,,
1144,000650.SZ,20180419,4.57,4.61,4.55,4.58,4.57,0.009999999999999787,0.22,38179.82,18976.822,4.59,56114.75,4.66,78474.52,4.64,82522.08,,,,,,,4.65,77599.69,4.65,81881.83,4.65,88166.96,4.64,70363.02,,
1145,000650.SZ,20180418,4.54,4.57,4.47,4.57,4.5,0.07000000000000028,1.56,49761.25,24439.46,4.61,60233.88,4.67,80378.81,4.64,82281.33,,,,,,,4.66,80536.52,4.66,90599.31,4.65,88513.05,4.64,70789.24,,
1146,000650.SZ,20180417,4.62,4.64,4.49,4.5,4.6,-0.09999999999999964,-2.17,66712.03,33075.568,4.64,67034.71,4.68,82307.69,4.64,82211.15,,,,,,,4.67,84442.38,4.66,89894.69,4.65,87622.05,4.65,71251.11,,
1147,000650.SZ,20180416,4.68,4.7,4.59,4.6,4.68,-0.08000000000000007,-1.71,70263.16,35363.082,4.68,68644.99,4.69,84354.58,4.64,81946.64,,,,,,,4.7,86551.57,4.67,88674.88,4.65,86596.26,4.65,71119.43,,
1148,000650.SZ,20180413,4.72,4.74,4.66,4.68,4.69,-0.010000000000000675,-0.21,55657.48,28379.917,4.7,72319.96,4.69,84893.05,4.63,80979.05,,,,,,,4.71,85818.81,4.67,87819.73,4.65,86027.81,4.66,71215.91,,
1149,000650.SZ,20180412,4.72,4.75,4.68,4.69,4.72,-0.02999999999999936,-0.64,58775.49,30055.528,4.72,99084.64,4.67,89930.49,4.62,79955.64,,,,,,,4.7,87736.74,4.67,88242.36,4.64,85172.38,4.66,71203.91,,
1150,000650.SZ,20180411,4.7,4.78,4.7,4.72,4.7,0.019999999999999574,0.43,83765.39,43056.424,4.71,100839.15,4.67,90121.43,4.61,78868.52,,,,,,,4.7,91191.34,4.67,89136.01,4.64,84792.37,4.67,71230.06,,
1151,000650.SZ,20180410,4.71,4.72,4.63,4.7,4.72,-0.019999999999999574,-0.42,74763.44,37957.384,4.71,101850.04,4.67,93424.77,4.6,77326.74,,,,,,,4.68,90541.13,4.67,91349.26,4.63,83924.15,4.67,70723.43,,
1152,000650.SZ,20180409,4.72,4.75,4.65,4.72,4.75,-0.03000000000000025,-0.63,88638.0,45217.908,4.71,104458.14,4.67,104022.15,4.59,76351.6,,,,,,,4.66,95179.21,4.67,93395.93,4.62,82677.53,4.68,70921.78,,
1153,000650.SZ,20180404,4.68,4.86,4.68,4.75,4.65,0.09999999999999964,2.15,189480.88,98529.559,4.71,99317.65,4.66,99947.61,4.58,75672.33,,,,,,,4.66,92441.18,4.67,101302.88,4.61,80418.32,4.68,70301.94,,
1154,000650.SZ,20180403,4.66,4.67,4.6,4.65,4.71,-0.05999999999999961,-1.27,67548.06,34025.917,4.69,76388.83,4.65,88627.22,4.57,71371.89,,,,,,,4.65,86163.97,4.66,93450.59,4.6,74829.4,4.68,68737.14,,
1155,000650.SZ,20180402,4.74,4.77,4.68,4.71,4.74,-0.03000000000000025,-0.63,88819.82,45511.427,4.7,81543.53,4.65,87520.44,4.56,71064.4,,,,,,,4.66,100662.1,4.65,92501.32,4.59,73622.62,4.69,68566.36,,
1156,000650.SZ,20180330,4.7,4.79,4.69,4.74,4.7,0.040000000000000036,0.85,87803.93,45268.749,4.66,79232.22,4.64,85619.7,4.55,71704.89,,,,,,,4.65,95347.01,4.64,89211.89,4.58,72048.92,,,,
1157,000650.SZ,20180329,4.68,4.72,4.63,4.7,4.67,0.03000000000000025,0.64,62935.58,32045.632,4.61,85900.27,4.64,84761.59,4.54,70288.29,,,,,,,4.64,90798.2,4.63,86618.61,4.56,71306.88,,,,
1158,000650.SZ,20180328,4.61,4.73,4.59,4.67,4.66,0.009999999999999787,0.21,74836.76,37998.637,4.61,85564.71,4.64,89768.88,4.54,70047.49,,,,,,,4.63,89820.64,4.62,86132.32,4.55,70651.23,,,,
1159,000650.SZ,20180327,4.56,4.7,4.54,4.66,4.55,0.11000000000000032,2.42,93321.58,46936.952,4.61,95939.1,4.64,92911.97,4.54,70669.44,,,,,,,4.62,88747.99,4.61,83890.2,4.54,70059.79,,,,
1160,000650.SZ,20180326,4.38,4.56,4.33,4.55,4.45,0.09999999999999964,2.25,77263.25,37558.046,4.63,119780.67,4.65,104716.23,4.54,70245.94,,,,,,,4.63,87080.68,4.61,81592.88,4.53,70635.62,,,,
1161,000650.SZ,20180323,4.62,4.62,4.39,4.45,4.7,-0.25,-5.32,121144.19,59503.201,4.64,111461.8,4.65,101267.91,4.55,68726.2,,,,,,,4.64,92157.39,4.61,80615.66,4.53,69381.5,,,,
1162,000650.SZ,20180322,4.67,4.72,4.64,4.7,4.68,0.020000000000000462,0.43,61257.75,31173.95,4.67,95696.13,4.66,95684.71,4.56,67134.99,,,,,,,4.67,91612.65,4.61,76426.7,4.53,67168.3,,,,
1163,000650.SZ,20180321,4.76,4.77,4.67,4.68,4.76,-0.08000000000000007,-1.68,126708.73,64998.691,4.65,94076.58,4.64,92744.22,4.57,66677.65,,,,,,,4.68,110164.57,4.59,74406.88,4.53,68325.81,,,,
1164,000650.SZ,20180320,4.57,4.81,4.57,4.76,4.6,0.16000000000000014,3.48,212529.45,109065.256,4.64,81556.87,4.63,85761.87,4.58,66183.65,,,,,,,4.66,100737.22,4.57,69162.12,4.54,66732.93,,,,
1165,000650.SZ,20180319,4.62,4.64,4.59,4.6,4.61,-0.010000000000000675,-0.22,35668.89,17868.94,4.63,54380.68,4.61,73506.51,4.58,62829.35,,,,,,,4.64,84340.53,4.55,60102.88,4.54,60501.69,,,,
1166,000650.SZ,20180316,4.6,4.65,4.6,4.61,4.61,0.0,0.0,42315.84,21263.306,4.65,72852.97,4.61,73070.02,4.59,63125.79,,,,,,,4.63,83076.78,4.54,60399.88,4.55,61547.5,,,,
1167,000650.SZ,20180315,4.63,4.65,4.56,4.61,4.63,-0.019999999999999574,-0.43,53160.0,26565.076,4.67,87529.18,4.6,73459.19,4.6,63278.29,,,,,,,4.62,82439.02,4.52,61561.22,4.56,61660.57,,,,
1168,000650.SZ,20180314,4.69,4.71,4.62,4.63,4.7,-0.07000000000000028,-1.49,64110.17,32444.775,4.7,126252.57,4.59,73809.87,4.61,63242.37,,,,,,,4.62,82443.99,4.51,61066.53,4.57,63552.33,,,,
1169,000650.SZ,20180313,4.7,4.74,4.68,4.7,4.71,-0.009999999999999787,-0.21,76648.48,39215.659,4.68,119917.57,4.58,71752.54,4.62,62655.01,,,,,,,4.6,79032.42,4.49,60715.69,4.58,64698.1,,,,
1170,000650.SZ,20180312,4.72,4.77,4.67,4.71,4.72,-0.009999999999999787,-0.21,128030.37,65571.668,4.65,114300.39,4.55,67461.24,4.62,61756.23,,,,,,,4.58,76105.08,4.48,62413.09,4.59,63668.08,,,,
1171,000650.SZ,20180309,4.74,4.75,4.67,4.72,4.75,-0.03000000000000025,-0.63,115696.86,59131.255,4.61,93300.58,4.53,59290.71,4.63,59865.71,,,,,,,4.57,69073.92,4.47,57993.55,4.59,60983.76,,,,
1172,000650.SZ,20180308,4.52,4.86,4.51,4.75,4.52,0.23000000000000043,5.09,246776.95,126856.666,4.57,77348.86,4.5,52802.08,4.63,58741.49,,,,,,,4.54,61240.74,4.47,54946.12,4.6,58858.49,,,,
1173,000650.SZ,20180307,4.56,4.57,4.51,4.52,4.56,-0.040000000000000036,-0.88,32435.19,15994.556,4.53,38635.41,4.46,37019.91,4.64,53213.11,,,,,,,4.5,38649.19,4.46,47406.42,4.6,52103.93,,,,
1174,000650.SZ,20180306,4.53,4.58,4.52,4.56,4.52,0.040000000000000036,0.88,48562.58,24002.519,4.53,38147.27,4.44,39566.65,4.65,54495.94,,,,,,,4.49,37587.03,4.47,49730.79,4.62,52559.08,,,,
1175,000650.SZ,20180305,4.5,4.53,4.5,4.52,4.5,0.019999999999999574,0.44,23031.32,11292.272,4.52,37909.78,4.43,39159.23,4.66,54683.44,,,,,,,4.46,35865.23,4.49,48582.26,4.63,53065.42,,,,
1176,000650.SZ,20180302,4.54,4.56,4.49,4.5,4.56,-0.05999999999999961,-1.32,35938.25,17650.845,4.52,44847.27,4.42,41779.38,4.68,55780.88,,,,,,,4.44,37722.98,4.51,50782.86,4.64,54880.16,,,,
1177,000650.SZ,20180301,4.49,4.58,4.47,4.56,4.5,0.05999999999999961,1.33,53209.71,26252.947,4.51,45132.62,4.4,47522.33,4.69,56293.52,,,,,,,4.42,40683.42,4.53,51271.35,4.65,55642.61,,,,
1178,000650.SZ,20180228,4.5,4.51,4.44,4.5,4.51,-0.009999999999999787,-0.22,29994.51,14605.419,4.47,38662.97,4.41,46478.47,4.7,57277.48,,,,,,,4.4,39689.07,4.55,54106.5,4.67,56404.0,,,,
1179,000650.SZ,20180227,4.49,4.55,4.49,4.51,4.52,-0.009999999999999787,-0.22,47375.1,23223.95,4.44,37026.78,4.42,48382.61,4.72,57908.45,,,,,,,4.38,42398.95,4.57,57530.94,4.68,57235.44,,,,
1180,000650.SZ,20180226,4.47,4.52,4.43,4.52,4.44,0.07999999999999918,1.8,57718.76,28055.189,4.41,33820.69,4.43,52121.68,4.73,59326.62,,,,,,,4.37,48721.1,4.59,57449.58,4.7,57667.75,,,,
1181,000650.SZ,20180223,4.4,4.44,4.38,4.44,4.39,0.05000000000000071,1.14,37365.0,17907.142,4.37,30598.69,4.45,53752.73,4.74,59314.35,,,,,,,4.37,46913.18,4.61,56938.68,4.71,57522.72,,,,
1182,000650.SZ,20180222,4.37,4.41,4.37,4.39,4.36,0.02999999999999936,0.69,20861.5,9956.096,4.33,36234.23,4.48,52847.12,,,,,,,,,4.39,48651.51,4.63,57667.37,4.73,59166.04,,,,
1183,000650.SZ,20180214,4.32,4.36,4.32,4.36,4.34,0.020000000000000462,0.46,21813.56,10284.535,4.33,40715.17,4.52,56399.56,,,,,,,,,4.42,56163.65,4.66,58831.29,4.75,60185.57,,,,
1184,000650.SZ,20180213,4.39,4.39,4.33,4.34,4.31,0.03000000000000025,0.7,31344.63,14845.951,4.32,47771.11,4.56,58237.6,,,,,,,,,4.46,61874.55,4.68,60045.1,4.77,62644.87,,,,
1185,000650.SZ,20180212,4.25,4.36,4.24,4.31,4.23,0.07999999999999918,1.89,41608.77,19393.477,4.32,63621.51,4.61,64281.31,,,,,,,,,4.51,61299.29,4.71,61665.51,4.79,63510.1,,,,
1186,000650.SZ,20180209,4.33,4.35,4.16,4.23,4.4,-0.16999999999999993,-3.86,65542.7,30475.12,4.38,63227.66,4.66,68656.26,,,,,,,,,4.57,63842.74,4.74,63458.75,,,,,,
1187,000650.SZ,20180208,4.34,4.44,4.33,4.4,4.34,0.0600000000000005,1.38,43266.17,20658.108,4.46,61068.79,4.71,67133.6,,,,,,,,,4.64,61859.27,4.77,63122.2,,,,,,
1188,000650.SZ,20180207,4.41,4.46,4.23,4.34,4.33,0.009999999999999787,0.23,57093.3,27094.186,4.51,71612.14,4.75,67459.32,,,,,,,,,4.69,68523.94,4.8,64761.46,,,,,,
1189,000650.SZ,20180206,4.58,4.58,4.33,4.33,4.6,-0.2699999999999996,-5.87,110596.6,53541.352,4.6,75977.98,4.79,67062.83,,,,,,,,,4.76,72662.93,4.83,64653.68,,,,,,
1190,000650.SZ,20180205,4.59,4.62,4.57,4.6,4.63,-0.03000000000000025,-0.65,39639.52,19784.684,4.7,58977.07,4.83,61950.78,,,,,,,,,4.81,66178.07,4.86,62141.07,,,,,,
1191,000650.SZ,20180202,4.62,4.65,4.59,4.63,4.66,-0.03000000000000025,-0.64,54748.36,27464.305,4.76,64457.82,4.85,62446.95,,,,,,,,,4.84,66964.18,4.88,62827.49,,,,,,
1192,000650.SZ,20180201,4.76,4.78,4.62,4.66,4.76,-0.09999999999999964,-2.1,95982.92,48979.949,4.82,62649.75,4.87,63139.6,,,,,,,,,4.87,66683.23,4.9,64423.3,,,,,,
1193,000650.SZ,20180131,4.86,4.86,4.74,4.76,4.86,-0.10000000000000053,-2.06,78922.5,40998.221,4.88,65435.74,4.89,61715.8,,,,,,,,,4.89,61498.93,4.91,62196.53,,,,,,
1194,000650.SZ,20180130,4.87,4.89,4.86,4.86,4.88,-0.019999999999999574,-0.41,25592.07,13547.45,4.92,69347.87,4.9,60168.82,,,,,,,,,4.9,58215.66,4.92,63030.03,,,,,,
1195,000650.SZ,20180129,4.94,4.97,4.86,4.88,4.94,-0.0600000000000005,-1.21,67043.24,35785.649,4.92,73379.07,4.91,64050.31,,,,,,,,,4.9,62031.73,4.92,64615.51,,,,,,
1196,000650.SZ,20180126,4.94,4.96,4.93,4.94,4.95,-0.009999999999999787,-0.2,45708.01,24518.59,4.93,69470.54,4.92,63119.11,,,,,,,,,4.9,63074.76,,,,,,,,
1197,000650.SZ,20180125,4.97,5.01,4.94,4.95,4.95,0.0,0.0,109912.86,59401.69,4.91,70716.7,4.92,64244.99,,,,,,,,,4.91,64385.13,,,,,,,,
1198,000650.SZ,20180124,4.89,4.96,4.87,4.95,4.89,0.0600000000000005,1.23,98483.19,52666.393,4.9,57562.12,4.92,59895.38,,,,,,,,,4.91,60998.99,,,,,,,,
1199,000650.SZ,20180123,4.91,4.92,4.88,4.89,4.91,-0.020000000000000462,-0.41,45748.03,24297.303,4.89,47083.45,4.92,58986.25,,,,,,,,,4.91,56644.44,,,,,,,,
1200,000650.SZ,20180122,4.86,4.92,4.84,4.91,4.87,0.040000000000000036,0.82,47500.6,25179.715,4.89,50684.39,4.93,59424.67,,,,,,,,,4.92,58104.08,,,,,,,,
1201,000650.SZ,20180119,4.89,4.9,4.85,4.87,4.89,-0.019999999999999574,-0.41,51938.83,27461.491,4.88,56678.99,4.93,63124.05,,,,,,,,,4.92,58690.81,,,,,,,,
1202,000650.SZ,20180118,4.87,4.9,4.85,4.89,4.89,0.0,0.0,44139.97,23376.187,4.9,58053.56,4.93,63536.57,,,,,,,,,4.93,62163.38,,,,,,,,
1203,000650.SZ,20180117,4.86,4.9,4.83,4.89,4.87,0.019999999999999574,0.41,46089.8,24325.607,4.92,64435.85,,,,,,,,,,,4.94,62894.13,,,,,,,,
1204,000650.SZ,20180116,4.86,4.9,4.83,4.87,4.89,-0.019999999999999574,-0.41,63752.77,33648.454,4.93,66205.44,,,,,,,,,,,4.94,67844.4,,,,,,,,
1205,000650.SZ,20180115,4.95,5.01,4.88,4.89,4.95,-0.0600000000000005,-1.21,77473.56,41590.145,4.95,65523.76,,,,,,,,,,,4.94,67199.29,,,,,,,,
1206,000650.SZ,20180112,5.03,5.03,4.93,4.95,5.0,-0.04999999999999982,-1.0,58811.71,31723.167,4.97,60702.64,,,,,,,,,,,,,,,,,,,,
1207,000650.SZ,20180111,4.91,5.02,4.88,5.0,4.93,0.07000000000000028,1.42,76051.43,41075.023,4.97,66273.19,,,,,,,,,,,,,,,,,,,,
1208,000650.SZ,20180110,4.98,5.0,4.9,4.93,4.97,-0.040000000000000036,-0.8,54937.71,29515.672,4.96,61352.4,,,,,,,,,,,,,,,,,,,,
1209,000650.SZ,20180109,4.96,5.03,4.95,4.97,4.98,-0.010000000000000675,-0.2,60344.39,32639.51,4.96,69483.37,,,,,,,,,,,,,,,,,,,,
1210,000650.SZ,20180108,4.97,4.99,4.92,4.98,4.97,0.010000000000000675,0.2,53367.94,28736.459,4.94,68874.82,,,,,,,,,,,,,,,,,,,,
1211,000650.SZ,20180105,4.93,4.98,4.91,4.97,4.94,0.02999999999999936,0.61,86664.48,46601.63,,,,,,,,,,,,,,,,,,,,,,
1212,000650.SZ,20180104,4.95,4.96,4.92,4.94,4.95,-0.009999999999999787,-0.2,51447.49,27567.585,,,,,,,,,,,,,,,,,,,,,,
1213,000650.SZ,20180103,4.86,4.98,4.85,4.95,4.86,0.08999999999999986,1.85,95592.56,51023.656,,,,,,,,,,,,,,,,,,,,,,
1214,000650.SZ,20180102,4.81,4.86,4.81,4.86,4.8,0.0600000000000005,1.25,57301.63,30116.348,,,,,,,,,,,,,,,,,,,,,,
