,ts_code,trade_date,open,high,low,close,pre_close,change,pct_chg,vol,amount,ma5,ma_v_5,ma13,ma_v_13,ma34,ma_v_34,ma144,ma_v_144,ma169,ma_v_169,ma75,ma_v_75,ma10,ma_v_10,ma20,ma_v_20,ma30,ma_v_30,ma60,ma_v_60,ma120,ma_v_120
0,002562.SZ,20221230,4.72,4.74,4.66,4.7,4.7,0.0,0.0,90024.83,42231.697,4.76,119928.74,4.97,180333.97,5.23,221520.33,5.92,284806.99,5.91,295588.82,5.39,251005.68,4.86,157915.03,5.14,211419.93,5.2,217585.19,5.3,260270.27,5.8,264992.76
1,002562.SZ,20221229,4.72,4.79,4.67,4.7,4.74,-0.040000000000000036,-0.84,111813.91,52898.748,4.78,128734.09,5.03,200294.62,5.26,227949.84,5.93,286077.78,5.91,297273.91,5.42,256757.72,4.93,176544.83,5.17,215048.55,5.23,221797.4,5.31,261531.08,5.81,266170.83
2,002562.SZ,20221228,4.82,4.82,4.69,4.74,4.81,-0.0699999999999994,-1.46,168795.0,79986.025,4.81,140522.11,5.09,226083.01,5.28,235857.25,5.94,287457.96,5.92,298663.47,5.44,267026.71,4.99,183397.49,5.2,216728.28,5.25,227023.1,5.32,262955.93,5.83,267512.42
3,002562.SZ,20221227,4.86,4.88,4.77,4.81,4.86,-0.05000000000000071,-1.03,120133.56,57707.203,4.86,137248.71,5.15,229691.26,5.29,237269.21,5.95,289315.93,5.92,300399.37,5.47,269509.28,5.04,197370.79,5.23,216746.64,5.28,230126.49,5.33,263423.77,5.85,269280.51
4,002562.SZ,20221226,4.8,4.87,4.78,4.86,4.8,0.0600000000000005,1.25,108876.4,52615.069,4.91,145049.4,5.2,240159.89,5.31,240487.94,5.96,291297.37,5.93,302292.12,5.49,270802.15,5.11,220308.76,5.25,223970.42,5.3,234697.46,5.34,264013.34,5.86,270208.19
5,002562.SZ,20221223,4.82,4.87,4.75,4.8,4.85,-0.04999999999999982,-1.03,134051.6,64497.636,4.96,195901.32,5.24,245993.06,5.33,244353.74,5.97,292689.59,5.93,304418.18,5.51,272034.21,5.18,254127.42,5.27,227575.77,5.32,241355.86,5.35,266121.87,5.88,272975.45
6,002562.SZ,20221222,4.99,5.01,4.83,4.85,4.97,-0.1200000000000001,-2.41,170754.0,83861.443,5.07,224355.58,5.29,248208.71,5.35,252704.34,5.97,293116.27,5.94,307468.39,5.53,274452.33,5.25,262292.48,5.29,231149.04,5.34,249576.33,5.37,267006.56,5.89,273995.42
7,002562.SZ,20221221,5.05,5.09,4.93,4.97,5.06,-0.08999999999999986,-1.78,152428.0,75987.007,5.16,226272.86,5.33,255688.41,5.36,258008.3,5.98,293209.68,5.94,311372.11,5.55,276125.84,5.31,270839.65,5.32,232389.32,5.36,251111.25,5.38,266687.66,5.91,274708.21
8,002562.SZ,20221220,5.05,5.1,4.95,5.06,5.1,-0.040000000000000036,-0.78,159137.0,80020.766,5.23,257492.87,5.36,256470.66,5.37,260385.46,5.99,294166.77,5.94,311608.49,5.57,278359.57,5.35,274067.62,5.34,242741.13,5.37,253682.67,5.4,266637.49,5.92,275038.7
9,002562.SZ,20221219,5.4,5.44,5.04,5.1,5.37,-0.27000000000000046,-5.03,363136.0,188586.558,5.32,295568.12,5.38,255414.62,5.37,265408.34,5.99,294799.95,5.94,312277.75,5.59,279463.58,5.39,274439.42,5.36,256974.24,5.38,256388.56,5.41,266871.11,5.93,275896.48
10,002562.SZ,20221216,5.27,5.43,5.25,5.37,5.31,0.0600000000000005,1.13,276322.88,148379.836,5.41,312353.52,5.39,240493.56,5.37,265694.96,6.0,293833.78,5.95,312732.11,5.61,278487.21,5.42,264924.84,5.38,247420.27,5.39,258216.42,5.42,264079.92,5.94,274678.72
11,002562.SZ,20221215,5.29,5.43,5.28,5.31,5.31,0.0,0.0,180340.42,95915.218,5.42,300229.39,5.39,239592.5,5.37,270262.81,6.01,294186.02,5.95,315275.18,5.63,278927.1,5.42,253552.27,5.38,244423.68,5.39,260708.61,5.43,263043.67,5.95,274180.96
12,002562.SZ,20221214,5.47,5.48,5.29,5.31,5.49,-0.1800000000000006,-3.28,308528.06,165243.5,5.45,315406.45,5.38,239641.96,5.36,277576.65,6.01,294956.46,5.95,315069.75,5.65,280943.94,5.41,250059.08,5.39,248835.91,5.39,262472.31,5.44,265185.49,5.96,274383.37
13,002562.SZ,20221213,5.54,5.55,5.37,5.49,5.55,-0.05999999999999961,-1.08,349513.23,190502.336,5.48,290642.38,5.38,231718.03,5.36,275998.11,6.02,294610.18,5.94,314176.43,5.67,282253.38,5.41,236122.49,5.39,246504.34,5.38,263185.21,5.45,264470.27,5.97,274577.95
14,002562.SZ,20221212,5.54,5.61,5.46,5.55,5.45,0.09999999999999964,1.83,447063.0,248272.893,5.46,253310.73,5.37,219875.44,5.37,276602.66,6.02,293708.99,5.94,313182.23,5.69,282346.01,5.39,227632.08,5.39,241891.81,5.37,263964.13,5.47,262482.75,5.98,274933.13
15,002562.SZ,20221209,5.5,5.5,5.38,5.45,5.47,-0.019999999999999574,-0.37,215702.22,117149.801,5.43,217496.15,5.36,213137.08,5.36,270031.75,6.03,292424.8,5.94,311222.98,5.7,279447.54,5.36,201024.12,5.39,234970.08,5.36,263449.69,5.48,261408.47,5.99,273387.89
16,002562.SZ,20221208,5.43,5.51,5.4,5.47,5.44,0.02999999999999936,0.55,256225.74,140142.4,5.41,206875.15,5.36,230683.0,5.35,270635.65,6.03,293823.1,5.94,310640.16,5.71,279962.53,5.34,200005.59,5.39,243218.25,5.35,270559.99,5.5,266503.89,6.0,274484.32
17,002562.SZ,20221207,5.33,5.45,5.31,5.44,5.37,0.07000000000000028,1.3,184707.69,99626.555,5.37,184711.71,5.35,224208.45,5.35,269373.67,6.04,296419.75,5.94,310125.18,5.73,282694.57,5.33,193938.98,5.38,241247.04,5.35,270514.38,5.52,276933.27,6.01,277548.28
18,002562.SZ,20221206,5.42,5.42,5.33,5.37,5.43,-0.05999999999999961,-1.1,162855.0,87463.906,5.34,181602.6,5.35,226645.63,5.35,271031.26,6.04,300071.98,5.94,309860.89,5.75,286264.22,5.33,211414.64,5.38,243490.19,5.35,276693.06,5.54,279771.27,6.02,282204.14
19,002562.SZ,20221205,5.38,5.5,5.36,5.43,5.34,0.08999999999999986,1.69,267990.12,145667.361,5.33,201953.42,5.36,234778.71,5.36,275553.03,6.05,301998.14,5.93,309952.83,5.77,290210.37,5.34,239509.06,5.38,247363.12,5.35,278719.63,5.56,280675.33,6.03,289725.54
20,002562.SZ,20221202,5.29,5.34,5.27,5.34,5.28,0.05999999999999961,1.14,162597.2,86234.106,5.28,184552.08,5.36,234309.99,5.37,281704.48,6.05,305990.83,5.93,309749.34,5.78,292077.14,5.33,229915.71,5.38,254862.21,5.34,277661.11,5.57,279563.52,6.04,295998.45
21,002562.SZ,20221201,5.31,5.35,5.26,5.28,5.27,0.010000000000000675,0.19,145408.52,77071.495,5.27,193136.04,5.37,241591.94,5.38,298798.7,6.05,307720.13,5.93,309852.55,5.8,293317.22,5.34,235295.09,5.38,264286.79,5.35,279351.82,5.58,282110.4,6.05,297680.14
22,002562.SZ,20221130,5.37,5.39,5.25,5.27,5.35,-0.08000000000000007,-1.5,169162.14,89669.757,5.3,203166.25,5.38,254147.32,5.39,301627.73,6.05,308526.54,5.93,310516.94,5.81,292944.31,5.36,247612.73,5.37,268678.92,5.35,282540.4,5.6,284624.72,6.06,299226.11
23,002562.SZ,20221129,5.17,5.37,5.16,5.35,5.17,0.17999999999999972,3.48,264609.12,140508.19,5.32,241226.68,5.4,270416.82,5.4,304215.07,6.05,309455.32,5.93,312669.85,5.81,292484.25,5.38,256886.2,5.37,276716.57,5.36,287454.84,5.62,287137.97,6.06,300497.04
24,002562.SZ,20221128,5.25,5.25,5.14,5.17,5.28,-0.11000000000000032,-2.08,180983.4,93750.32,5.34,277064.7,5.4,266739.32,5.4,302386.31,6.05,310043.94,5.93,316416.45,5.82,291072.12,5.39,256151.55,5.36,282130.16,5.37,294539.18,5.64,286760.12,6.07,300350.25
25,002562.SZ,20221125,5.4,5.44,5.27,5.28,5.42,-0.13999999999999968,-2.58,205517.0,109111.125,5.39,275279.34,5.42,270476.8,5.4,301674.91,6.04,311134.38,5.93,317721.3,5.83,290741.63,5.42,268916.05,5.36,294662.48,5.39,313299.75,5.67,288575.53,6.08,301117.22
26,002562.SZ,20221124,5.37,5.48,5.37,5.42,5.37,0.04999999999999982,0.93,195559.59,106041.052,5.41,277454.14,5.42,273153.46,5.4,301751.18,6.04,312310.0,5.92,317727.69,5.84,290164.17,5.43,286430.91,5.35,305837.19,5.4,314502.38,5.69,290305.49,6.08,301992.58
27,002562.SZ,20221123,5.52,5.54,5.2,5.37,5.47,-0.09999999999999964,-1.83,359464.28,192113.309,5.42,292059.22,5.43,290262.1,5.4,300872.18,6.04,313359.23,5.92,318383.74,5.84,290396.18,5.43,288555.11,5.35,308802.08,5.41,316554.77,5.71,292572.89,6.09,303999.1
28,002562.SZ,20221122,5.4,5.6,5.37,5.47,5.4,0.0699999999999994,1.3,443799.21,243979.838,5.44,272545.72,5.42,289617.82,5.4,296102.78,6.04,314072.42,5.92,317220.3,5.85,290208.09,5.43,275565.75,5.36,309332.28,5.41,311320.34,5.74,293360.76,6.1,304382.41
29,002562.SZ,20221121,5.37,5.4,5.29,5.4,5.4,0.0,0.0,172056.6,92232.549,5.44,235238.4,5.39,273421.82,5.39,288840.02,6.04,314046.09,5.91,315783.35,5.86,288052.35,5.42,255217.19,5.35,298324.92,5.4,301753.56,5.76,291905.11,6.1,303262.05
30,002562.SZ,20221118,5.45,5.53,5.38,5.4,5.47,-0.0699999999999994,-1.28,216391.0,117907.076,5.45,262552.77,5.38,285564.78,5.4,288353.29,6.04,316102.5,5.91,315471.58,5.87,288661.5,5.43,279808.72,5.35,301533.82,5.4,302955.34,5.78,292865.46,6.11,303457.35
31,002562.SZ,20221117,5.41,5.51,5.39,5.47,5.44,0.02999999999999936,0.55,268585.0,146489.845,5.46,295407.69,5.36,297602.47,5.4,288912.03,6.04,319110.46,5.91,315242.39,5.89,288457.87,5.42,293278.49,5.35,301380.19,5.39,301264.76,5.8,293497.71,6.11,303189.14
32,002562.SZ,20221116,5.49,5.53,5.41,5.44,5.49,-0.04999999999999982,-0.91,261896.8,143119.819,5.43,285051.01,5.34,310144.38,5.4,286516.38,6.05,323012.53,5.9,314742.84,5.9,286999.23,5.38,289745.11,5.35,300004.23,5.39,298888.76,5.82,296706.78,6.11,303369.67
33,002562.SZ,20221115,5.47,5.5,5.43,5.49,5.47,0.020000000000000462,0.37,257262.6,140567.593,5.43,278585.77,5.31,322999.33,5.41,283272.95,6.04,322529.75,5.9,314748.46,5.91,285802.76,5.36,296546.93,5.35,302739.16,5.39,296721.04,5.85,299882.36,6.12,303273.16
34,002562.SZ,20221114,5.44,5.54,5.37,5.47,5.41,0.05999999999999961,1.11,308628.43,168744.779,5.41,275195.98,5.31,322814.32,5.42,280101.05,6.04,322633.78,5.9,314235.66,5.93,284781.24,5.33,308108.77,5.36,313732.99,5.39,293329.21,5.87,303241.58,6.12,302996.03
35,002562.SZ,20221111,5.45,5.55,5.38,5.41,5.35,0.0600000000000005,1.12,380665.6,207815.312,5.4,297064.67,5.31,327540.45,5.43,276116.51,6.04,323545.54,5.9,313980.05,5.94,283850.59,5.3,320408.91,5.38,335491.6,5.39,290887.88,5.89,304897.74,6.13,303149.5
36,002562.SZ,20221110,5.39,5.41,5.33,5.35,5.44,-0.09000000000000075,-1.65,216801.6,116396.215,5.38,291149.28,5.3,315462.48,5.44,270675.31,6.04,325805.51,5.9,312361.6,5.96,281738.45,5.26,325243.47,5.39,328538.11,5.4,284436.78,5.9,302813.37,6.14,302404.66
37,002562.SZ,20221109,5.38,5.51,5.36,5.44,5.38,0.0600000000000005,1.12,229570.63,124877.57,5.34,294439.21,5.3,316957.33,5.46,270597.25,6.04,325311.21,5.9,311733.53,5.98,282003.53,5.28,329049.05,5.4,330554.6,5.41,282264.07,5.91,301157.34,6.14,302753.5
38,002562.SZ,20221108,5.45,5.49,5.34,5.38,5.44,-0.0600000000000005,-1.1,240313.64,129162.16,5.29,314508.09,5.3,315707.17,5.47,272928.99,6.04,324811.12,5.9,311512.06,6.0,285244.4,5.29,343098.81,5.4,329197.64,5.42,279592.32,5.92,299575.47,6.15,302671.6
39,002562.SZ,20221107,5.29,5.55,5.28,5.44,5.28,0.16000000000000014,3.03,417971.87,226920.796,5.25,341021.57,5.3,315765.02,5.49,273673.14,6.04,324402.64,5.9,310878.71,6.02,285276.8,5.28,341432.64,5.39,325021.74,5.44,277353.66,5.93,298215.23,6.15,302853.48
40,002562.SZ,20221104,5.19,5.3,5.17,5.28,5.15,0.1299999999999999,2.52,351088.68,184612.011,5.19,343753.15,5.31,307966.83,5.52,268152.26,6.04,322305.27,5.9,309858.77,6.03,282738.74,5.26,323258.92,5.38,314528.66,5.45,269943.42,5.94,293852.3,6.16,302845.87
41,002562.SZ,20221103,5.11,5.23,5.09,5.15,5.18,-0.02999999999999936,-0.58,233251.22,120344.93,5.15,359337.65,5.35,317663.03,5.55,269079.25,6.04,320681.09,5.9,309096.76,6.05,280948.58,5.28,309481.9,5.38,305257.9,5.47,265378.72,5.95,290704.29,6.17,305171.32
42,002562.SZ,20221102,5.17,5.25,5.15,5.18,5.22,-0.040000000000000036,-0.77,329915.06,171534.016,5.22,363658.89,5.39,356936.06,5.59,277555.03,6.04,320236.24,5.91,308611.35,6.06,281000.48,5.31,310263.35,5.39,303460.59,5.49,267898.68,5.96,290366.1,6.18,309149.47
43,002562.SZ,20221101,5.1,5.23,5.02,5.22,5.13,0.08999999999999986,1.75,372881.0,191450.58,5.29,371689.52,5.43,350142.27,5.63,293792.48,6.04,318917.68,5.91,307796.25,6.08,282442.84,5.35,308931.38,5.4,296808.09,5.52,265755.33,5.97,290623.48,6.18,310068.7
44,002562.SZ,20221031,5.01,5.2,4.83,5.13,5.08,0.04999999999999982,0.98,431629.78,215548.255,5.3,341843.72,5.45,341238.46,5.68,293266.2,6.03,317567.07,5.91,307219.02,6.1,280134.07,5.39,319357.21,5.42,285939.43,5.56,261001.36,5.98,289110.77,6.19,313985.82
45,002562.SZ,20221028,5.47,5.47,5.06,5.08,5.5,-0.41999999999999993,-7.64,429011.2,222877.864,5.34,302764.69,5.48,323607.81,5.72,286956.46,6.03,316191.86,5.91,306041.73,6.12,276729.64,5.45,350574.29,5.44,276127.36,5.6,259367.25,6.0,285546.0,6.19,313819.05
46,002562.SZ,20221027,5.49,5.55,5.45,5.5,5.52,-0.019999999999999574,-0.36,254857.41,140185.719,5.41,259626.15,5.49,302668.15,5.75,280258.52,6.03,314462.9,5.91,304492.24,6.14,274094.72,5.51,331832.75,5.46,264033.44,5.65,262447.8,6.03,281747.78,6.19,312423.38
47,002562.SZ,20221026,5.28,5.57,5.27,5.52,5.28,0.23999999999999932,4.55,370068.21,202095.152,5.4,256867.8,5.47,299072.21,5.77,282039.49,6.03,314482.57,5.91,303848.72,6.16,274334.03,5.52,332060.15,5.48,258871.58,5.68,283352.16,6.04,280153.28,6.19,312823.8
48,002562.SZ,20221025,5.26,5.33,5.11,5.28,5.3,-0.019999999999999574,-0.38,223652.0,116486.186,5.4,246173.24,5.45,283349.55,5.79,279868.88,6.03,315614.07,5.91,302932.29,6.18,274479.33,5.51,315296.47,5.49,247839.07,5.73,282849.48,6.06,276854.84,6.18,312651.31
49,002562.SZ,20221024,5.44,5.49,5.25,5.3,5.44,-0.14000000000000057,-2.57,236234.64,127130.316,5.49,296870.71,5.46,281322.85,5.83,282701.39,6.03,320295.54,5.91,303031.76,6.2,274583.37,5.51,308610.84,5.52,245314.16,5.77,282631.03,6.08,276138.1,6.18,313604.27
50,002562.SZ,20221021,5.46,5.47,5.37,5.44,5.44,0.0,0.0,213318.49,115544.29,5.57,398383.89,5.46,278294.43,5.87,282869.14,6.03,321443.24,5.92,303876.46,6.22,277312.87,5.5,305798.39,5.54,243285.68,5.8,281465.92,6.1,276181.36,6.18,314759.03
51,002562.SZ,20221020,5.53,5.54,5.38,5.44,5.55,-0.10999999999999943,-1.98,241065.68,131740.54,5.62,404039.35,5.47,273847.46,5.91,285121.78,6.02,321396.57,5.92,304513.44,6.23,277887.93,5.49,301033.9,5.56,243327.13,5.82,284868.97,6.12,276330.31,6.17,315870.12
52,002562.SZ,20221019,5.69,5.77,5.55,5.55,5.71,-0.16000000000000014,-2.8,316595.37,177760.811,5.64,407252.5,5.47,273410.73,5.94,287129.09,6.02,321850.5,5.92,304794.34,6.24,278090.91,5.48,296657.83,5.58,246716.34,5.85,286709.04,6.15,276257.26,6.17,317712.6
53,002562.SZ,20221018,5.69,5.8,5.58,5.71,5.73,-0.020000000000000462,-0.35,477139.35,271219.401,5.62,384419.71,5.48,263452.08,5.98,287570.51,6.01,320782.77,5.92,303842.77,6.26,276430.8,5.46,284684.81,5.61,244167.3,5.88,286821.11,6.17,278857.93,6.18,318741.04
54,002562.SZ,20221017,5.7,5.9,5.67,5.73,5.67,0.0600000000000005,1.06,743800.54,427658.301,5.52,320350.97,5.49,238412.15,6.01,285499.84,6.0,318864.83,5.91,301789.44,6.27,273563.21,5.44,252521.66,5.64,231823.44,5.92,278981.07,6.19,274951.34,6.18,318666.37
55,002562.SZ,20221014,5.53,5.71,5.51,5.67,5.56,0.11000000000000032,1.98,241595.8,136270.829,5.42,213212.9,5.49,192690.41,6.05,274107.48,6.0,314528.48,5.91,298578.35,6.28,266539.27,5.42,201680.43,5.67,213763.74,5.95,263851.32,6.2,266348.28,6.17,317880.85
56,002562.SZ,20221013,5.42,5.63,5.36,5.56,5.41,0.14999999999999947,2.77,257131.45,142119.058,5.36,198028.46,5.5,187425.65,6.07,273756.94,5.99,314084.47,5.9,298535.12,6.29,266205.88,5.41,196234.14,5.71,227755.32,5.98,266108.6,6.21,265935.46,6.17,322788.24
57,002562.SZ,20221012,5.23,5.42,5.17,5.41,5.24,0.16999999999999993,3.24,202431.4,107138.602,5.32,186063.15,5.52,182697.45,6.1,273674.44,5.99,313577.73,5.9,298572.77,6.3,265505.85,5.44,185683.01,5.77,258998.17,6.02,268591.01,6.23,265602.34,6.17,322248.61
58,002562.SZ,20221011,5.2,5.25,5.06,5.24,5.2,0.040000000000000036,0.77,156795.65,81015.21,5.3,184949.91,5.55,183598.69,6.14,281283.19,5.99,313997.27,5.9,299815.73,6.31,267231.81,5.47,180381.67,5.84,266625.98,6.07,275401.18,6.24,269530.01,6.17,322830.37
59,002562.SZ,20221010,5.39,5.4,5.16,5.2,5.37,-0.16999999999999993,-3.17,208110.2,109718.531,5.36,184692.34,5.6,195295.18,6.19,289978.36,5.99,314093.14,5.9,300191.3,6.33,270369.67,5.53,182017.49,5.9,269641.13,6.12,282056.67,6.26,270245.47,6.17,325189.76
60,002562.SZ,20220930,5.33,5.45,5.32,5.37,5.36,0.009999999999999787,0.19,165673.6,89232.169,5.42,190147.96,5.67,199718.59,6.24,297352.06,5.99,314491.2,5.9,300077.95,6.35,271083.31,5.59,180772.96,5.95,269299.68,6.16,282775.57,6.29,269715.26,6.17,329339.69
61,002562.SZ,20220929,5.44,5.52,5.32,5.36,5.35,0.010000000000000675,0.19,197304.89,106995.458,5.47,194439.81,5.74,204686.93,6.27,304479.25,5.99,314084.76,5.9,300531.05,6.37,273504.65,5.63,185620.35,5.98,276786.51,6.21,285730.67,6.31,270810.57,6.17,329172.59
62,002562.SZ,20220928,5.55,5.65,5.31,5.35,5.54,-0.1900000000000004,-3.43,196865.2,107732.877,5.55,185302.87,5.82,218940.9,6.3,306193.92,5.99,313483.04,5.9,300948.46,6.38,279192.6,5.69,196774.86,6.04,281734.64,6.25,294524.8,6.34,272068.92,6.17,328841.37
63,002562.SZ,20220927,5.45,5.6,5.39,5.54,5.46,0.08000000000000007,1.47,155507.82,85304.933,5.64,175813.43,5.91,243907.23,6.31,303857.87,5.99,313450.25,5.9,302457.27,6.41,286479.88,5.76,203649.8,6.09,287889.25,6.31,303043.68,6.36,275137.26,6.17,328713.27
64,002562.SZ,20220926,5.61,5.62,5.4,5.46,5.64,-0.17999999999999972,-3.19,235388.28,129562.101,5.7,179342.64,5.99,299790.36,6.33,303244.65,5.99,313295.87,5.9,304576.89,6.42,298612.08,5.84,211125.22,6.15,292210.77,6.35,313153.95,6.38,276403.04,6.17,328383.62
65,002562.SZ,20220923,5.75,5.94,5.63,5.64,5.78,-0.14000000000000057,-2.42,187132.86,107301.589,5.76,171397.96,6.1,308990.3,6.34,300989.09,5.99,313366.8,5.9,307338.0,6.44,309083.42,5.93,225847.04,6.21,294936.76,6.38,318907.61,6.4,279829.03,6.16,327398.77
66,002562.SZ,20220922,5.76,5.88,5.73,5.78,5.8,-0.019999999999999574,-0.34,151620.2,88022.802,5.8,176800.89,6.16,311295.36,6.35,300079.19,5.99,313611.08,5.9,308772.37,6.45,311446.99,6.02,259276.51,6.27,301045.84,6.4,321189.97,6.42,280984.28,6.16,327249.28
67,002562.SZ,20220921,5.75,5.84,5.62,5.8,5.82,-0.020000000000000462,-0.34,149418.0,85761.801,5.82,208246.85,6.19,315115.44,6.35,300390.59,5.99,313608.28,5.9,310508.8,6.45,313837.71,6.1,332313.33,6.31,310045.01,6.41,320050.62,6.43,282728.76,6.16,327152.79
68,002562.SZ,20220920,5.78,5.86,5.75,5.82,5.74,0.08000000000000007,1.39,173153.87,100598.899,5.88,231486.17,6.21,327884.07,6.35,302259.47,5.99,313905.12,5.89,312503.05,6.45,316134.46,6.21,352870.29,6.37,322910.93,6.41,319558.63,6.44,283439.92,6.15,327394.26
69,002562.SZ,20220919,5.8,5.89,5.67,5.74,5.85,-0.10999999999999943,-1.88,195664.86,112728.936,5.97,242907.79,6.26,337354.36,6.35,307324.29,5.99,314614.67,5.89,313151.78,6.46,317119.0,6.26,357264.76,6.42,332076.25,6.42,319076.8,6.45,284921.85,6.14,327897.96
70,002562.SZ,20220916,5.82,5.95,5.75,5.85,5.87,-0.020000000000000462,-0.34,214147.5,125720.479,6.1,280296.13,6.32,346915.32,6.36,309867.04,5.98,314871.63,5.89,313291.89,6.46,318150.39,6.31,357826.4,6.45,333776.88,6.43,317761.19,6.46,285277.52,6.14,327767.76
71,002562.SZ,20220915,6.17,6.2,5.75,5.87,6.13,-0.2599999999999998,-4.24,308850.0,183539.296,6.23,341752.13,6.38,349053.07,6.38,309972.81,5.98,314545.25,5.88,313471.96,6.46,319435.89,6.34,367952.67,6.49,335785.82,6.43,316029.86,6.47,285318.26,6.13,328130.61
72,002562.SZ,20220914,6.17,6.31,6.05,6.13,6.28,-0.15000000000000036,-2.39,265614.6,163191.647,6.38,456379.81,6.44,347596.0,6.4,306804.23,5.98,313415.05,5.88,313463.03,6.47,321135.79,6.39,366694.43,6.53,343399.77,6.42,312833.52,6.48,283581.25,6.13,329998.57
73,002562.SZ,20220913,6.33,6.41,6.2,6.28,6.35,-0.0699999999999994,-1.1,230262.0,144744.242,6.55,474254.41,6.49,350957.52,6.41,303674.01,5.97,313064.89,5.87,314609.65,6.47,323000.42,6.42,372128.71,6.58,352740.62,6.41,315491.63,6.49,284685.64,6.12,335266.65
74,002562.SZ,20220909,6.47,6.57,6.25,6.35,6.54,-0.1900000000000004,-2.91,382606.53,243989.976,6.56,471621.73,6.51,358753.03,6.41,301965.18,5.97,313135.73,5.87,314545.01,6.46,324055.0,6.47,373296.33,6.6,364168.31,6.41,317220.18,6.5,287383.52,6.11,336693.66
75,002562.SZ,20220908,6.61,6.77,6.4,6.54,6.6,-0.05999999999999961,-0.91,521427.53,340015.347,6.52,435356.68,6.56,360609.17,6.42,296025.22,5.96,313110.61,5.86,314410.58,6.46,321560.16,6.5,364026.48,6.61,365437.9,6.41,311724.74,6.5,285367.31,6.1,335226.91
76,002562.SZ,20220907,6.95,6.96,6.53,6.6,6.96,-0.3600000000000003,-5.17,881988.4,592308.069,6.44,394153.21,6.58,347919.39,6.42,287713.53,5.96,311718.53,5.85,313979.94,6.45,317063.87,6.52,342815.17,6.6,352146.69,6.41,301047.77,6.5,282464.74,6.08,333435.28
77,002562.SZ,20220906,6.39,6.96,6.39,6.96,6.33,0.6299999999999999,9.95,354987.6,242131.161,6.4,277009.04,6.57,297741.62,6.42,268309.61,5.95,307597.34,5.84,312553.61,6.44,309174.0,6.52,287776.69,6.57,313919.26,6.4,276954.4,6.5,278163.28,6.06,327442.4
78,002562.SZ,20220905,6.18,6.35,6.16,6.33,6.18,0.15000000000000036,2.43,217098.6,136339.322,6.3,270003.01,6.54,289998.45,6.42,264830.06,5.94,306213.96,5.83,312471.46,6.43,307778.37,6.52,292951.57,6.51,302902.79,6.39,270860.2,6.5,284637.01,6.05,326158.8
79,002562.SZ,20220902,6.19,6.34,6.11,6.18,6.12,0.05999999999999961,0.98,201281.25,124294.927,6.38,274970.93,6.57,308770.01,6.44,272345.85,5.93,305609.99,5.82,314174.47,6.43,307870.49,6.57,306887.74,6.5,299982.82,6.39,269645.18,6.51,298775.76,6.03,325344.37
80,002562.SZ,20220901,6.35,6.47,6.08,6.12,6.4,-0.28000000000000025,-4.38,315410.18,195883.688,6.48,292696.29,6.64,328089.26,6.45,273565.34,5.92,305608.92,5.81,315940.05,6.43,309547.33,6.6,309727.36,6.48,297728.58,6.4,270896.8,6.52,312433.38,6.02,325147.51
81,002562.SZ,20220831,6.49,6.61,6.34,6.4,6.49,-0.08999999999999986,-1.39,296267.57,191140.464,6.59,291477.14,6.69,339120.48,6.46,270983.2,5.91,305045.58,5.8,314588.77,6.43,309225.66,6.65,303618.98,6.47,290068.46,6.42,267791.64,6.52,313249.88,6.01,324053.76
82,002562.SZ,20220830,6.75,6.76,6.37,6.49,6.72,-0.22999999999999954,-3.42,319957.44,207952.831,6.63,298544.34,6.7,347715.14,6.46,268646.69,5.9,304817.98,5.79,313423.81,6.42,308724.27,6.68,320105.12,6.44,285903.07,6.44,265805.48,6.51,313827.5,6.0,323775.25
83,002562.SZ,20220829,6.59,6.82,6.52,6.72,6.68,0.040000000000000036,0.6,241938.2,162255.372,6.73,315900.13,6.68,342764.83,6.46,266211.0,5.89,305460.59,5.77,312391.61,6.42,307388.07,6.73,333352.52,6.4,287173.08,6.46,270894.75,6.51,313856.11,5.99,322530.61
84,002562.SZ,20220826,6.69,6.96,6.64,6.68,6.67,0.009999999999999787,0.15,289908.07,196336.949,6.76,338804.56,6.62,333188.03,6.45,271980.22,5.88,305310.08,5.76,311337.05,6.41,307657.42,6.74,355040.3,6.37,289182.1,6.45,270921.6,6.49,313940.38,5.98,322726.38
85,002562.SZ,20220825,6.89,6.9,6.51,6.67,6.61,0.05999999999999961,0.91,309314.4,205537.546,6.71,326758.43,6.57,321245.74,6.45,269327.73,5.87,304609.02,5.75,310303.2,6.4,309352.75,6.73,366849.31,6.36,285573.87,6.45,268845.25,6.48,313658.9,5.97,321203.37
86,002562.SZ,20220824,6.96,7.01,6.6,6.61,6.97,-0.35999999999999943,-5.16,331603.58,223543.927,6.7,315760.82,6.52,309659.95,6.45,265415.48,5.86,304143.27,5.73,309082.89,6.4,313630.47,6.68,361478.22,6.35,280164.06,6.44,265762.31,6.47,313679.66,5.96,319547.89
87,002562.SZ,20220823,6.81,7.04,6.74,6.97,6.86,0.10999999999999943,1.6,406736.4,281065.256,6.72,341665.9,6.46,296167.09,6.46,262468.08,5.85,303700.53,5.72,307628.64,6.39,318684.13,6.61,340061.84,6.35,271543.26,6.43,262613.66,6.47,315425.31,5.95,318385.72
88,002562.SZ,20220822,6.46,6.88,6.36,6.86,6.46,0.40000000000000036,6.19,356460.35,238023.427,6.73,350804.92,6.37,277357.19,6.45,258528.94,5.84,304013.84,5.7,305840.64,6.38,319130.61,6.51,312854.02,6.32,259814.51,6.41,263658.84,6.45,315404.06,5.94,316106.89
89,002562.SZ,20220819,6.63,6.63,6.43,6.46,6.59,-0.1299999999999999,-1.97,229677.43,149064.52,6.72,371276.04,6.29,266318.69,6.45,259249.69,5.83,305105.95,5.69,304416.81,6.36,325616.96,6.43,293077.9,6.3,251023.9,6.41,258434.27,6.44,314618.99,5.93,315183.08
90,002562.SZ,20220818,6.71,6.73,6.54,6.59,6.72,-0.1299999999999999,-1.93,254326.36,167740.065,6.74,406940.19,6.24,275217.17,6.46,259301.97,5.83,308386.08,5.68,303564.72,6.35,328042.82,6.37,285729.8,6.31,251481.53,6.42,256654.95,6.43,314049.25,5.92,315121.68
91,002562.SZ,20220817,7.01,7.04,6.62,6.72,7.0,-0.28000000000000025,-4.0,461128.96,312094.725,6.67,407195.61,6.2,277355.04,6.47,264790.82,5.82,309602.84,5.66,302642.75,6.33,328138.88,6.29,276517.94,6.31,249877.97,6.42,255890.47,6.42,312880.57,5.91,314262.42
92,002562.SZ,20220816,6.83,7.0,6.8,7.0,6.83,0.16999999999999993,2.49,452431.48,314364.421,6.51,338457.78,6.18,258633.08,6.46,258770.8,5.81,309491.37,5.65,300620.48,6.31,326029.26,6.19,251701.02,6.32,238655.66,6.42,249613.03,6.41,310032.56,5.9,312021.04
93,002562.SZ,20220815,6.51,6.87,6.48,6.83,6.55,0.28000000000000025,4.27,458815.96,308674.829,6.3,274903.12,6.14,239301.29,6.44,253001.9,5.8,309727.58,5.63,299369.39,6.29,324655.11,6.08,240993.65,6.32,239665.87,6.42,247230.84,6.39,306663.96,5.89,310545.2
94,002562.SZ,20220812,6.22,6.66,6.2,6.55,6.23,0.3199999999999994,5.14,407998.2,266019.948,6.13,214879.76,6.12,216252.94,6.43,245156.94,5.79,308505.17,5.62,297649.87,6.26,323044.33,6.01,223323.91,6.31,228862.25,6.42,239652.14,6.38,302750.48,5.88,308660.62
95,002562.SZ,20220811,5.94,6.28,5.93,6.23,5.93,0.3000000000000007,5.06,255603.45,156614.148,6.0,164519.4,6.11,198111.66,6.43,240864.93,5.78,307195.08,5.61,296362.06,6.23,322601.76,5.99,204298.44,6.31,219843.22,6.42,240750.44,6.37,301401.26,5.87,306653.54
96,002562.SZ,20220810,5.97,5.98,5.9,5.93,5.95,-0.020000000000000462,-0.34,117439.8,69643.079,5.92,145840.27,6.13,192345.85,6.43,239729.67,5.77,307118.52,5.6,296132.38,6.22,323815.7,6.02,198849.91,6.32,217904.36,6.43,240778.6,6.37,301995.95,5.86,305741.03
97,002562.SZ,20220809,6.01,6.04,5.92,5.95,6.0,-0.04999999999999982,-0.83,134658.2,80326.68,5.88,164944.27,6.18,201683.56,6.45,242645.92,5.77,308437.28,5.59,296397.95,6.21,328412.01,6.08,203024.67,6.35,223889.57,6.44,245406.9,6.37,304349.66,5.86,306555.63
98,002562.SZ,20220808,5.88,6.02,5.78,6.0,5.9,0.09999999999999964,1.69,158699.14,94123.859,5.85,207084.17,6.23,208421.79,6.47,244703.89,5.76,310692.38,5.59,296837.78,6.21,332483.34,6.13,206775.01,6.37,239061.25,6.46,247321.2,6.38,305767.74,5.86,307437.33
99,002562.SZ,20220805,5.81,5.91,5.79,5.9,5.83,0.07000000000000028,1.2,156196.4,91365.733,5.89,231768.06,6.3,214420.53,6.48,249797.39,5.75,311113.48,5.58,297398.33,6.21,336609.74,6.18,208969.9,6.4,241112.46,6.48,250766.9,6.38,307491.74,5.85,309273.08
100,002562.SZ,20220804,5.8,5.84,5.65,5.83,5.72,0.11000000000000032,1.92,162207.8,93099.324,5.98,244077.48,6.39,238762.02,6.51,256736.75,5.75,312528.0,5.57,298234.05,6.2,343187.62,6.24,217233.26,6.44,242117.53,6.5,252793.85,6.38,311839.43,5.85,310646.17
101,002562.SZ,20220803,5.82,5.99,5.7,5.72,5.82,-0.10000000000000053,-1.72,212959.8,125071.54,6.13,251859.56,6.45,244957.09,6.53,259661.05,5.74,314517.19,5.56,299005.4,6.2,352097.96,6.33,223238.0,6.49,245576.74,6.52,254606.65,6.39,319638.36,5.85,311698.92
102,002562.SZ,20220802,6.11,6.15,5.65,5.82,6.17,-0.34999999999999964,-5.67,345357.72,201653.781,6.28,241105.08,6.51,246084.59,6.55,263611.45,5.74,317489.26,5.56,298848.89,6.2,351823.52,6.45,225610.29,6.54,248569.04,6.55,254328.97,6.4,327932.83,5.84,311222.42
103,002562.SZ,20220801,6.38,6.39,6.11,6.17,6.38,-0.20999999999999996,-3.29,282118.6,174872.57,6.41,206465.85,6.56,236197.57,6.58,271803.9,5.73,317459.72,5.55,298339.21,6.19,350848.64,6.57,238338.09,6.59,250349.43,6.57,253879.65,6.4,329513.91,5.84,309428.83
104,002562.SZ,20220729,6.52,6.64,6.37,6.38,6.54,-0.16000000000000014,-2.45,217743.46,140556.055,6.46,186171.73,6.58,232737.98,6.6,285371.34,5.72,319006.86,5.54,297614.92,6.18,352952.69,6.61,234400.6,6.62,247816.25,6.59,257546.85,6.39,338860.88,5.83,308753.9
105,002562.SZ,20220728,6.5,6.67,6.5,6.54,6.49,0.04999999999999982,0.77,201118.2,132384.881,6.5,190389.04,6.58,249687.85,6.61,310303.09,5.71,320964.65,5.53,297458.34,6.16,359464.13,6.62,235388.0,6.64,258976.45,6.6,259009.87,6.38,342092.11,5.82,308891.78
106,002562.SZ,20220727,6.43,6.56,6.38,6.49,6.46,0.03000000000000025,0.46,159187.42,103092.104,6.54,194616.44,6.58,249580.55,6.62,334409.58,5.69,320172.46,5.52,297658.51,6.15,358724.18,6.62,236958.81,6.64,261742.95,6.6,263881.71,6.36,343098.98,5.8,309411.59
107,002562.SZ,20220726,6.48,6.48,6.33,6.46,6.44,0.019999999999999574,0.31,172161.57,110342.058,6.62,210115.5,6.6,250896.74,6.61,340445.25,5.68,319757.2,5.51,298024.2,6.13,358702.46,6.61,244754.47,6.63,266598.02,6.6,279372.17,6.33,345494.32,5.79,311522.46
108,002562.SZ,20220725,6.66,6.66,6.42,6.44,6.59,-0.14999999999999947,-2.28,180648.0,117305.589,6.73,270210.33,6.63,255452.93,6.6,345114.76,5.66,319572.17,5.5,298987.45,6.11,358826.88,6.6,271347.48,6.63,267594.3,6.62,298413.83,6.31,348447.79,5.78,311923.33
109,002562.SZ,20220722,6.73,6.77,6.45,6.59,6.7,-0.11000000000000032,-1.64,238830.0,157241.421,6.77,282629.47,6.65,262541.99,6.58,349262.58,5.65,318760.15,5.49,299700.0,6.1,357964.24,6.62,273255.02,6.63,271665.41,6.63,327906.33,6.28,351070.44,5.77,311992.55
110,002562.SZ,20220721,6.95,6.95,6.7,6.7,6.91,-0.20999999999999996,-3.04,222255.2,150916.12,6.74,280386.95,6.68,273475.49,6.56,349502.71,5.63,317901.52,5.48,299047.85,6.08,356342.59,6.63,267001.8,6.63,270574.14,6.63,353969.96,6.25,353336.71,5.76,312021.02
111,002562.SZ,20220720,6.94,7.02,6.88,6.91,6.99,-0.08000000000000007,-1.14,236682.73,163983.877,6.69,279301.19,6.68,274183.17,6.54,350995.76,5.62,317073.92,5.47,298776.37,6.06,355635.11,6.64,267915.49,6.62,270290.98,6.61,358708.12,6.23,355409.94,5.75,312400.97
112,002562.SZ,20220719,6.7,7.03,6.63,6.99,6.64,0.35000000000000053,5.27,472635.74,327220.791,6.6,279393.44,6.67,289895.83,6.52,353168.63,5.6,316026.37,5.45,298406.3,6.03,354346.56,6.62,271527.79,6.6,268688.31,6.59,361849.53,6.2,359167.94,5.73,314194.05
113,002562.SZ,20220718,6.49,6.72,6.46,6.64,6.48,0.15999999999999925,2.47,242743.67,160711.625,6.48,272484.63,6.63,273266.02,6.5,352101.18,5.58,313470.32,5.43,296336.31,6.01,350423.34,6.62,262360.77,6.57,261650.42,6.55,356817.47,6.18,358624.15,5.72,314536.46
114,002562.SZ,20220715,6.44,6.56,6.37,6.48,6.45,0.03000000000000025,0.47,227617.42,147562.27,6.47,263880.57,6.6,274307.95,6.48,356887.0,5.57,312589.0,5.42,295912.29,5.99,350301.4,6.63,261231.91,6.58,269119.98,6.53,356959.16,6.17,362381.41,5.71,318363.73
115,002562.SZ,20220714,6.47,6.59,6.36,6.45,6.45,0.0,0.0,216826.39,139795.877,6.52,253616.65,6.6,271574.87,6.47,359291.07,5.55,311603.28,5.41,296508.13,5.97,349667.04,6.66,282564.9,6.58,270820.81,6.51,358472.54,6.15,369413.41,5.71,320046.42
116,002562.SZ,20220713,6.41,6.61,6.37,6.45,6.37,0.08000000000000007,1.26,237144.0,153887.312,6.59,256529.79,6.6,275055.15,6.46,358663.63,5.54,310781.66,5.39,296188.74,5.95,350211.89,6.66,286527.08,6.59,277343.16,6.5,361597.01,6.14,379641.01,5.7,321948.51
117,002562.SZ,20220712,6.72,6.81,6.25,6.37,6.6,-0.22999999999999954,-3.48,438091.67,283258.342,6.64,263662.14,6.61,273505.97,6.44,357106.62,5.52,309963.76,5.38,296623.28,5.93,354156.7,6.64,288441.56,6.59,296681.02,6.5,368236.95,6.12,378894.89,5.69,324026.03
118,002562.SZ,20220711,6.74,6.75,6.51,6.6,6.73,-0.13000000000000078,-1.93,199723.35,131536.035,6.76,252236.92,6.63,256467.54,6.43,352758.28,5.51,308595.05,5.37,295458.32,5.92,360285.94,6.66,263841.12,6.62,311947.0,6.49,367149.28,6.1,376130.74,5.68,322731.84
119,002562.SZ,20220708,6.8,6.83,6.67,6.73,6.82,-0.08999999999999986,-1.32,176297.84,118541.722,6.79,258583.25,6.61,256844.92,6.41,354246.28,5.49,308376.25,5.35,294785.76,5.9,362976.33,6.64,270075.8,6.63,355231.99,6.47,370803.7,6.08,380134.05,5.67,322895.35
120,002562.SZ,20220707,6.77,6.94,6.61,6.82,6.7,0.1200000000000001,1.79,231392.07,157127.34,6.79,311513.15,6.6,268812.63,6.39,355649.51,5.48,308473.9,5.34,294139.58,5.87,363380.32,6.62,274146.48,6.63,397454.04,6.44,371443.55,6.06,388964.11,5.65,323464.36
121,002562.SZ,20220706,6.89,6.99,6.63,6.7,6.94,-0.2400000000000002,-3.46,272805.75,184251.8,6.72,316524.37,6.59,281177.45,6.37,358462.82,5.47,308372.47,5.32,293289.0,5.84,364380.85,6.6,272666.48,6.6,404104.44,6.42,369870.67,6.03,387534.61,5.64,324097.26
122,002562.SZ,20220705,6.8,7.07,6.76,6.94,6.77,0.17000000000000082,2.51,380965.58,264270.584,6.64,313220.98,6.58,280318.08,6.36,359006.32,5.45,307605.21,5.3,291948.13,5.81,362914.67,6.57,265848.83,6.57,407010.39,6.39,370452.08,6.0,385613.82,5.63,325652.16
123,002562.SZ,20220704,6.72,6.89,6.71,6.77,6.72,0.04999999999999982,0.74,231455.0,156509.946,6.56,275445.33,6.55,277726.38,6.33,355409.18,5.44,306410.94,5.29,290282.83,5.79,360514.54,6.53,260940.07,6.52,404045.81,6.36,366097.08,5.98,382289.28,5.61,324305.26
124,002562.SZ,20220701,6.5,6.89,6.39,6.72,6.48,0.23999999999999932,3.7,440947.34,295187.252,6.49,281568.34,6.54,307914.54,6.31,355064.7,5.42,306563.55,5.27,289491.9,5.76,359020.04,6.53,277008.06,6.48,404822.78,6.34,365848.83,5.95,380364.2,5.6,325375.53
125,002562.SZ,20220630,6.27,6.59,6.27,6.48,6.28,0.20000000000000018,3.18,256448.2,166216.269,6.46,236779.81,6.55,331181.0,6.3,349805.64,5.41,305566.94,5.26,287363.58,5.74,355509.51,6.51,259076.71,6.44,396426.37,6.32,362052.07,5.92,374968.51,5.58,325439.72
126,002562.SZ,20220629,6.48,6.52,6.27,6.28,6.53,-0.25,-3.83,256288.79,163424.626,6.47,228808.59,6.57,393409.85,6.29,354529.46,5.4,305817.75,5.24,286455.79,5.72,354545.68,6.52,268159.24,6.42,399131.97,6.31,363213.29,5.9,373514.27,5.57,328643.81
127,002562.SZ,20220628,6.45,6.53,6.36,6.53,6.46,0.07000000000000028,1.08,192087.3,124051.25,6.5,218476.67,6.61,452213.69,6.28,365525.17,5.39,305333.17,5.23,285231.9,5.7,354633.11,6.55,304920.47,6.42,408134.65,6.3,363292.42,5.88,371576.82,5.56,329350.6
128,002562.SZ,20220627,6.58,6.61,6.43,6.46,6.53,-0.07000000000000028,-1.07,262070.09,170460.586,6.5,246434.82,6.58,465468.53,6.28,380776.38,5.37,305799.38,5.21,284320.88,5.69,354346.62,6.59,360052.88,6.41,418803.36,6.29,364214.27,5.86,371348.6,5.54,331957.43
129,002562.SZ,20220624,6.56,6.57,6.44,6.53,6.57,-0.040000000000000036,-0.61,217004.66,141066.4,6.56,272447.77,6.56,470765.04,6.26,386016.16,5.36,305088.57,5.2,283181.4,5.67,354391.42,6.62,440388.19,6.38,421167.65,6.28,364216.58,5.84,370874.08,5.53,333937.38
130,002562.SZ,20220623,6.45,6.59,6.35,6.57,6.43,0.14000000000000057,2.18,216592.09,140342.431,6.57,281373.62,6.52,478816.53,6.24,404425.92,5.35,304909.95,5.18,282144.6,5.66,352926.65,6.64,520761.6,6.36,420092.09,6.27,370885.02,5.81,370258.0,5.51,332854.37
131,002562.SZ,20220622,6.57,6.57,6.4,6.43,6.51,-0.08000000000000007,-1.23,204629.22,132525.061,6.56,307509.9,6.47,481155.17,6.21,410161.95,5.34,305037.41,5.17,281238.66,5.64,351514.18,6.6,535542.4,6.33,418472.76,6.25,384670.06,5.79,370942.97,5.49,331877.69
132,002562.SZ,20220621,6.72,6.77,6.47,6.51,6.78,-0.27000000000000046,-3.98,331878.04,217699.645,6.59,391364.27,6.43,486415.92,6.17,411835.52,5.32,305151.01,5.15,280403.04,5.63,351347.71,6.57,548171.96,6.3,422753.71,6.25,401536.7,5.77,376415.89,5.48,331385.08
133,002562.SZ,20220620,6.55,6.85,6.54,6.78,6.55,0.23000000000000043,3.51,392134.84,265274.265,6.68,473670.93,6.4,484776.1,6.13,410983.45,5.31,305172.35,5.14,278740.25,5.62,348699.69,6.52,547151.56,6.28,418675.58,6.23,405148.18,5.75,385847.67,5.46,329150.41
134,002562.SZ,20220617,6.48,6.6,6.43,6.55,6.51,0.040000000000000036,0.61,261633.9,170636.329,6.67,608328.61,6.36,488176.67,6.08,409725.65,5.3,304539.96,5.12,276928.82,5.6,346745.93,6.43,532637.51,6.25,410269.21,6.19,420174.9,5.72,386003.79,5.44,326842.51
135,002562.SZ,20220616,6.62,6.66,6.47,6.51,6.61,-0.10000000000000053,-1.51,347273.51,227286.96,6.72,760149.57,6.33,499240.33,6.03,411971.93,5.28,303616.22,5.11,275666.21,5.58,346221.6,6.37,533776.02,6.22,413539.75,6.16,425174.34,5.69,385086.52,5.42,325521.25
136,002562.SZ,20220615,6.84,7.03,6.58,6.61,6.93,-0.3199999999999994,-4.62,623901.07,420214.43,6.65,763574.91,6.29,496323.6,5.98,412781.7,5.27,302429.42,5.09,274164.92,5.57,343607.5,6.33,530104.7,6.2,410740.31,6.12,422316.25,5.66,384405.83,5.4,323342.59
137,002562.SZ,20220614,6.74,7.05,6.65,6.93,6.77,0.16000000000000014,2.36,743411.35,511364.738,6.55,704979.65,6.24,463369.16,5.94,404627.24,5.25,299306.09,5.08,271171.74,5.56,337850.99,6.3,511348.83,6.18,392478.4,6.07,411616.47,5.62,376721.51,5.38,319014.78
138,002562.SZ,20220613,6.78,6.89,6.55,6.77,6.77,0.0,0.0,1065423.21,715846.194,6.36,620632.18,6.17,420353.33,5.89,396355.22,5.23,294996.34,5.06,268019.33,5.54,331609.91,6.22,477553.84,6.14,366294.96,6.0,398481.75,5.59,367680.59,5.36,313784.97
139,002562.SZ,20220610,6.23,6.77,6.18,6.77,6.15,0.6199999999999992,10.08,1020738.72,679363.486,6.19,456946.42,6.1,360724.49,5.86,377960.66,5.21,288785.65,5.04,263195.38,5.52,320506.5,6.15,401947.12,6.11,326130.77,5.93,374234.55,5.56,351912.98,5.34,305620.4
140,002562.SZ,20220609,6.11,6.28,6.1,6.15,6.11,0.040000000000000036,0.65,364400.18,225389.084,6.03,307402.47,6.05,301461.15,5.83,361708.91,5.2,283977.15,5.03,257923.01,5.5,309125.29,6.07,319422.58,6.08,295946.74,5.87,352703.45,5.53,337861.64,5.32,297935.18
141,002562.SZ,20220608,5.96,6.25,5.96,6.11,6.01,0.10000000000000053,1.66,330924.78,202365.453,6.02,296634.5,6.05,290661.72,5.81,370095.3,5.18,282577.49,5.02,256517.58,5.5,306214.64,6.05,301403.12,6.08,309233.88,5.84,352111.76,5.51,334857.65,5.31,295893.23
142,002562.SZ,20220607,5.95,6.15,5.91,6.01,5.93,0.08000000000000007,1.35,321674.0,194914.828,6.05,317718.01,6.05,290363.24,5.8,384788.18,5.17,282436.22,5.01,255260.84,5.49,304671.53,6.03,297335.46,6.09,328219.06,5.82,356486.35,5.49,333723.0,5.29,295143.83
143,002562.SZ,20220606,5.93,6.02,5.83,5.93,5.94,-0.010000000000000675,-0.17,246994.4,146009.205,6.08,334475.5,6.06,288025.61,5.78,380985.32,5.16,281877.47,5.0,254425.23,5.48,303588.72,6.04,290199.6,6.08,334146.49,5.81,360430.83,5.48,331205.11,5.28,293865.03
144,002562.SZ,20220602,6.12,6.13,5.91,5.94,6.12,-0.17999999999999972,-2.94,273019.0,163228.571,6.1,346947.82,6.07,288923.18,5.76,381727.91,5.15,280759.88,4.98,253585.97,5.48,305348.64,6.06,287900.92,6.07,363943.59,5.8,367803.65,5.47,331512.37,5.27,293393.06
145,002562.SZ,20220601,6.17,6.26,6.06,6.12,6.24,-0.1200000000000001,-1.92,310560.33,190989.582,6.11,331442.68,6.09,284825.0,5.74,386636.83,5.13,279329.84,4.97,253103.1,5.47,305987.96,6.07,293303.47,6.06,370873.5,5.79,380354.27,5.46,328747.84,5.26,292924.46
146,002562.SZ,20220531,6.21,6.48,6.15,6.24,6.19,0.04999999999999982,0.81,436342.31,272802.684,6.08,306171.74,6.09,281100.31,5.72,398270.39,5.12,277781.8,4.96,252893.68,5.46,305694.32,6.08,291375.92,6.01,368422.02,5.78,397685.02,5.45,325416.12,5.25,291689.13
147,002562.SZ,20220530,6.05,6.24,6.0,6.19,6.03,0.16000000000000014,2.65,405461.45,248202.413,6.01,276952.92,6.08,279616.9,5.69,389719.8,5.1,275072.47,4.95,251051.78,5.45,301953.5,6.07,273607.98,5.95,361750.29,5.74,389552.83,5.44,321346.14,5.23,289794.53
148,002562.SZ,20220527,6.0,6.17,5.93,6.03,5.95,0.08000000000000007,1.34,309356.0,187342.629,6.0,245923.7,6.08,296900.11,5.66,382428.52,5.09,272947.95,4.94,250294.6,5.44,298282.36,6.06,255036.09,5.9,358945.7,5.71,385112.2,5.43,316809.72,5.22,288527.61
149,002562.SZ,20220526,6.03,6.1,5.9,5.95,5.98,-0.03000000000000025,-0.5,195493.32,116522.251,6.01,228854.02,6.1,327767.21,5.64,378667.85,5.08,271478.73,4.92,251090.37,5.42,296839.31,6.07,250314.42,5.83,360378.27,5.69,389464.4,5.42,315747.18,5.21,288428.26
150,002562.SZ,20220525,5.99,6.09,5.9,5.98,5.89,0.09000000000000075,1.53,184205.62,109944.939,6.04,255164.27,6.09,346592.54,5.62,376328.34,5.06,270685.44,4.91,250297.28,5.41,297356.59,6.09,272470.89,5.77,369343.89,5.67,406484.67,5.41,316194.1,5.2,289237.2
151,002562.SZ,20220524,6.15,6.17,5.89,5.89,6.15,-0.2600000000000007,-4.23,290248.2,174822.091,6.07,276580.1,6.08,397264.14,5.59,374357.77,5.05,270121.74,4.9,249617.24,5.4,298413.78,6.1,317064.65,5.74,377466.07,5.65,405198.56,5.4,315644.28,5.19,289256.39
152,002562.SZ,20220523,6.09,6.29,6.04,6.15,6.07,0.08000000000000007,1.32,250315.35,154540.454,6.12,270263.03,6.06,406600.22,5.57,370797.35,5.04,268449.54,4.89,248269.54,5.39,300043.7,6.14,359102.66,5.72,386061.8,5.62,400775.55,5.39,314009.52,5.18,288997.84
153,002562.SZ,20220520,6.12,6.14,6.01,6.07,6.09,-0.019999999999999574,-0.33,224007.6,135520.44,6.12,264148.48,5.99,407462.94,5.54,367554.01,5.02,266975.99,4.87,247145.9,5.37,299643.04,6.12,378093.39,5.69,395546.44,5.59,398481.48,5.39,314426.43,5.17,288242.82
154,002562.SZ,20220519,6.06,6.17,5.98,6.09,6.16,-0.07000000000000028,-1.14,327044.56,198897.609,6.13,271774.83,5.9,413532.17,5.51,366212.43,5.01,265903.01,4.86,246151.75,5.36,299175.67,6.09,439986.27,5.68,407755.02,5.56,394879.56,5.38,314570.76,5.16,287970.11
155,002562.SZ,20220518,6.18,6.35,6.12,6.16,6.15,0.009999999999999787,0.16,291284.8,181363.04,6.15,289777.52,5.83,415249.49,5.48,363464.02,4.99,263922.04,4.84,244491.23,5.35,298045.03,6.05,448443.54,5.65,423879.67,5.53,387884.95,5.37,311905.82,5.15,287202.63
156,002562.SZ,20220517,6.14,6.22,6.04,6.15,6.11,0.040000000000000036,0.65,258662.85,158567.568,6.13,357549.19,5.71,418843.54,5.45,360192.13,4.98,262340.13,4.83,243134.78,5.34,297732.54,5.95,445468.12,5.63,450839.56,5.5,383815.25,5.35,309486.11,5.13,286616.82
157,002562.SZ,20220516,6.18,6.22,6.05,6.11,6.14,-0.02999999999999936,-0.49,219742.6,134835.37,6.16,447942.29,5.61,427777.61,5.42,360163.51,4.96,260984.2,4.81,241986.71,5.33,300308.41,5.83,449892.6,5.58,447525.26,5.46,379861.22,5.34,308761.59,5.12,287252.56
158,002562.SZ,20220513,6.15,6.21,6.02,6.14,6.17,-0.03000000000000025,-0.49,262139.34,160152.967,6.11,492038.29,5.55,437539.66,5.4,369377.1,4.95,259811.45,4.8,240991.58,5.32,304228.17,5.73,462855.31,5.54,450150.25,5.43,378482.93,5.33,309106.92,5.11,287930.29
159,002562.SZ,20220512,6.0,6.39,6.0,6.17,6.1,0.07000000000000028,1.15,417058.02,258071.731,6.06,608197.7,5.5,452926.07,5.37,388072.55,4.93,258588.28,4.78,239787.22,5.31,310093.19,5.59,470442.12,5.5,459039.39,5.4,377531.58,5.33,311054.41,5.1,286817.6
160,002562.SZ,20220511,6.24,6.37,6.04,6.1,6.28,-0.1800000000000006,-2.87,630143.16,390954.717,5.96,607109.55,5.46,454691.46,5.34,387615.03,4.92,256027.13,4.77,237723.82,5.31,310259.62,5.45,466216.89,5.46,473491.56,5.36,369630.99,5.32,309452.91,5.08,284811.9
161,002562.SZ,20220510,5.82,6.46,5.8,6.28,5.88,0.40000000000000036,6.8,710628.35,439193.696,5.77,533387.05,5.43,442232.7,5.3,375157.81,4.9,252300.83,4.76,234325.87,5.3,307792.08,5.37,437867.5,5.42,449265.51,5.33,357215.88,5.3,303759.48,5.07,281011.89
162,002562.SZ,20220509,5.76,5.93,5.74,5.88,5.85,0.03000000000000025,0.51,440222.6,257052.491,5.51,451842.9,5.38,437533.41,5.25,363269.68,4.89,248185.73,4.74,230412.92,5.29,304802.98,5.29,413020.94,5.36,421611.99,5.29,351295.09,5.29,294512.02,5.05,276113.38
163,002562.SZ,20220506,5.67,6.07,5.62,5.85,5.67,0.17999999999999972,3.17,842936.38,492249.147,5.35,433672.33,5.36,467553.41,5.21,355111.43,4.87,246591.5,4.73,228085.48,5.28,302703.86,5.27,412999.49,5.33,408675.52,5.28,366547.15,5.27,289343.75,5.04,273870.56
164,002562.SZ,20220505,5.19,5.67,5.15,5.67,5.15,0.5199999999999996,10.1,411617.26,227971.733,5.12,332686.54,5.32,417510.37,5.18,336229.66,4.86,242475.1,4.72,223430.22,5.27,294389.31,5.26,375523.78,5.3,372326.21,5.25,351832.69,5.26,278646.93,5.02,269582.04
165,002562.SZ,20220429,5.06,5.19,5.03,5.15,4.99,0.16000000000000014,3.21,261530.64,133864.611,4.95,325324.23,5.28,406789.22,5.16,327634.06,4.85,240517.41,4.71,221464.89,5.26,292162.13,5.25,399315.81,5.27,357605.65,5.21,344998.7,5.25,275691.46,5.01,267508.97
166,002562.SZ,20220428,5.03,5.17,4.85,4.99,5.09,-0.09999999999999964,-1.96,302907.64,150893.571,4.98,342347.96,5.3,420511.65,5.15,325167.21,4.84,239582.35,4.7,220356.44,5.26,292772.93,5.3,456211.01,5.27,352988.82,5.19,346495.41,5.25,275724.19,5.0,267917.73
167,002562.SZ,20220427,4.61,5.16,4.49,5.09,4.69,0.39999999999999947,8.53,349369.75,167880.012,5.07,374198.97,5.33,451526.55,5.15,321674.66,4.84,238301.99,4.69,218873.26,5.27,294859.41,5.33,445157.92,5.28,344845.53,5.18,341826.56,5.25,277550.6,5.0,267403.61
168,002562.SZ,20220426,4.84,4.93,4.62,4.69,4.84,-0.14999999999999947,-3.1,338007.4,161176.092,5.19,392326.65,5.34,435853.66,5.15,319129.84,4.83,237128.97,4.68,217140.13,5.26,293125.64,5.34,437445.19,5.28,336296.73,5.18,336879.44,5.25,275398.87,4.99,265209.38
169,002562.SZ,20220425,5.23,5.29,4.81,4.84,5.3,-0.45999999999999996,-8.68,374805.73,189370.374,5.4,418361.02,5.37,421972.94,5.17,314206.11,4.83,235511.97,4.68,215455.14,5.27,293417.38,5.42,447636.66,5.3,331076.3,5.18,329591.42,5.26,272914.66,4.98,262951.76
170,002562.SZ,20220422,5.49,5.49,5.14,5.3,5.43,-0.1299999999999999,-2.39,346649.27,183590.513,5.55,473307.38,5.41,407102.74,5.19,310989.18,4.82,234238.42,4.67,213607.11,5.27,294401.97,5.47,480766.23,5.31,321338.03,5.19,323019.82,5.26,270705.34,4.98,260558.73
171,002562.SZ,20220421,5.61,5.88,5.37,5.43,5.7,-0.27000000000000046,-4.74,462162.69,257783.747,5.62,570074.06,5.4,389356.66,5.19,303945.0,4.82,233742.02,4.66,211838.94,5.27,298325.83,5.46,460663.52,5.31,316890.07,5.17,317603.54,5.26,269391.99,4.97,258054.98
172,002562.SZ,20220420,5.7,5.94,5.64,5.7,5.71,-0.009999999999999787,-0.18,440008.16,253887.149,5.59,516116.88,5.38,362821.53,5.19,293606.6,4.81,231401.04,4.65,209373.71,5.26,296711.71,5.43,430203.05,5.3,320432.16,5.16,310959.65,5.26,269220.16,4.96,255033.05
173,002562.SZ,20220419,5.59,5.84,5.53,5.71,5.59,0.1200000000000001,2.15,468179.23,266153.56,5.49,482563.72,5.34,341989.68,5.18,286316.46,4.79,230272.5,4.64,207068.18,5.24,297577.03,5.39,404351.55,5.28,343320.98,5.15,301979.4,5.26,270448.77,4.94,252181.21
174,002562.SZ,20220418,5.61,5.8,5.46,5.59,5.68,-0.08999999999999986,-1.58,649537.56,363699.293,5.43,476912.3,5.29,316748.33,5.18,276466.38,4.78,230103.48,4.63,204554.1,5.23,297996.83,5.33,369128.65,5.25,339987.14,5.14,295221.09,5.26,274346.04,4.93,248956.89
175,002562.SZ,20220415,5.25,5.79,5.22,5.68,5.26,0.41999999999999993,7.98,830482.65,465863.644,5.39,488225.07,5.25,280506.51,5.18,264585.96,4.77,226019.63,4.61,201173.38,5.22,290496.91,5.29,315895.49,5.19,317840.15,5.14,277141.41,5.26,270679.43,4.92,244402.68
176,002562.SZ,20220414,5.23,5.31,5.17,5.26,5.21,0.04999999999999982,0.96,192376.8,100952.537,5.3,351252.98,5.21,234592.37,5.17,246698.5,4.76,220733.49,4.6,196774.08,5.2,280749.01,5.24,249766.63,5.14,291637.61,5.13,253147.23,5.26,264256.01,4.9,237894.09
177,002562.SZ,20220413,5.37,5.37,5.17,5.21,5.43,-0.21999999999999975,-4.05,272242.38,143151.512,5.27,344289.22,5.2,233643.41,5.17,245487.88,4.75,219831.48,4.59,196095.94,5.19,280124.2,5.23,244533.13,5.11,290160.88,5.13,253139.45,5.26,269157.16,4.89,236608.65
178,002562.SZ,20220412,5.37,5.56,5.3,5.43,5.37,0.05999999999999961,1.12,439922.13,238133.884,5.29,326139.38,5.19,232523.99,5.18,243132.61,4.73,218360.49,4.58,194826.26,5.17,277343.87,5.22,235148.28,5.09,286596.56,5.14,248507.25,5.26,269332.94,4.88,234919.11
179,002562.SZ,20220411,5.63,5.66,5.33,5.37,5.21,0.16000000000000014,3.07,706101.38,387699.632,5.23,261345.0,5.18,239684.18,5.19,238291.66,4.72,215694.33,4.57,192792.72,5.16,273014.07,5.19,214515.95,5.07,270568.79,5.15,242029.95,5.25,265656.64,4.87,231601.3
180,002562.SZ,20220408,5.14,5.26,5.1,5.21,5.13,0.08000000000000007,1.56,145622.2,75219.402,5.19,143565.92,5.18,254429.04,5.2,224367.13,4.71,211113.18,4.56,189006.24,5.15,264973.81,5.16,161909.84,5.05,244146.61,5.15,225903.54,5.25,257964.61,4.86,226246.2
181,002562.SZ,20220407,5.26,5.38,5.11,5.13,5.29,-0.16000000000000014,-3.02,157558.0,82406.863,5.19,148280.29,5.17,274112.14,5.2,225000.25,4.7,210532.79,4.55,188667.31,5.13,264176.64,5.15,173116.62,5.03,246073.55,5.16,226090.0,5.25,260659.91,4.85,225561.09
182,002562.SZ,20220406,5.17,5.32,5.17,5.29,5.16,0.1299999999999999,2.52,181493.2,95893.974,5.18,144777.05,5.12,277884.41,5.21,224663.3,4.69,209887.52,4.54,188318.28,5.12,263470.06,5.16,210661.27,5.03,251337.95,5.17,227243.5,5.25,265690.51,4.84,224672.0
183,002562.SZ,20220401,5.17,5.17,5.07,5.16,5.15,0.009999999999999787,0.19,115950.2,59339.009,5.15,144157.18,5.07,287495.08,5.22,225654.44,4.68,208985.24,4.53,187576.51,5.11,262594.61,5.17,282290.41,5.03,250793.32,5.18,230371.39,5.25,266321.24,4.83,223876.24
184,002562.SZ,20220331,5.16,5.27,5.13,5.15,5.21,-0.05999999999999961,-1.15,117206.0,60749.088,5.14,167686.9,5.03,291102.16,5.23,229316.56,4.67,208587.0,4.53,187297.83,5.1,262190.93,5.16,310845.64,5.04,258267.32,5.2,234261.96,5.25,270386.86,4.82,223312.1
185,002562.SZ,20220330,5.05,5.21,5.05,5.21,5.11,0.09999999999999964,1.96,169194.05,86710.786,5.13,180253.77,5.01,297544.47,5.24,237016.06,4.66,208247.68,4.52,186933.01,5.09,261941.68,5.1,319784.8,5.06,257764.37,5.2,235926.7,5.25,275910.93,4.81,223115.01
186,002562.SZ,20220329,5.1,5.13,5.02,5.11,5.1,0.010000000000000675,0.2,140041.8,71014.925,5.12,197952.95,4.99,293711.6,5.25,241480.0,4.65,207460.83,4.51,186345.65,5.08,261277.3,5.04,333508.58,5.07,254837.52,5.21,235156.96,5.24,283773.34,4.8,222688.84
187,002562.SZ,20220328,5.14,5.19,5.0,5.1,5.14,-0.040000000000000036,-0.78,178393.83,90745.732,5.14,276545.5,4.97,296605.14,5.26,245847.52,4.64,206830.97,4.5,186059.71,5.07,262623.38,4.99,335788.62,5.09,257442.6,5.22,237661.96,5.24,287124.38,4.79,223277.28
188,002562.SZ,20220325,5.1,5.34,5.08,5.14,5.09,0.04999999999999982,0.98,233598.8,121869.504,5.2,420423.64,4.96,297048.76,5.26,245182.42,4.63,205917.7,4.5,186122.93,5.06,262487.69,4.97,338044.84,5.11,255186.73,5.24,239730.92,5.23,292566.26,4.78,223875.46
189,002562.SZ,20220324,5.15,5.17,5.06,5.09,5.14,-0.04999999999999982,-0.97,180040.35,92131.174,5.17,454004.38,4.95,299298.55,5.27,242139.11,4.62,204685.75,4.49,185291.48,5.06,261911.15,4.95,326621.64,5.13,255786.95,5.25,244577.25,5.22,297000.69,4.77,223009.71
190,002562.SZ,20220323,5.16,5.28,5.13,5.14,5.22,-0.08000000000000007,-1.53,257689.95,133693.95,5.07,459315.83,4.97,298572.42,5.27,242759.31,4.61,203987.39,4.48,184954.95,5.05,262401.11,4.93,326383.38,5.14,257900.39,5.27,249274.84,5.21,295450.74,4.76,222566.72
191,002562.SZ,20220322,5.3,5.55,5.18,5.22,5.4,-0.1800000000000006,-3.33,533004.55,283118.263,4.96,469064.22,4.99,299167.81,5.26,242071.06,4.6,202713.17,4.48,184169.63,5.05,261129.51,4.91,319030.48,5.16,252576.69,5.28,250303.09,5.2,292812.41,4.76,221407.1
192,002562.SZ,20220321,5.23,5.52,5.1,5.4,5.02,0.3800000000000008,7.57,897784.55,479880.495,4.84,395031.75,5.01,266409.54,5.26,234144.29,4.59,199374.6,4.47,181889.96,5.04,256809.33,4.89,292014.63,5.17,235534.61,5.28,237728.95,5.18,286354.27,4.75,218469.19
193,002562.SZ,20220318,4.53,5.02,4.51,5.02,4.56,0.45999999999999996,10.09,401502.48,193366.81,4.74,255666.04,5.02,205861.28,5.25,219870.98,4.58,193532.15,4.46,178274.21,5.03,248217.95,4.88,219296.24,5.19,204411.88,5.27,212140.35,5.16,272453.16,4.74,211863.99
194,002562.SZ,20220317,4.61,4.67,4.53,4.56,4.59,-0.03000000000000025,-0.65,206597.63,94924.882,4.72,199238.9,5.05,189756.74,5.25,214540.5,4.57,191113.69,4.46,176063.6,5.03,246830.37,4.93,205689.0,5.22,195970.13,5.28,205461.17,5.15,267681.23,4.73,210113.25
195,002562.SZ,20220316,4.67,4.74,4.34,4.59,4.62,-0.03000000000000025,-0.65,306431.88,138395.137,4.8,193450.94,5.12,184116.64,5.27,214021.6,4.57,190112.93,4.45,175041.66,5.03,247976.62,5.02,195743.94,5.26,193997.65,5.29,206384.23,5.15,265955.97,4.73,210684.67
196,002562.SZ,20220315,4.88,4.88,4.6,4.62,4.9,-0.28000000000000025,-5.71,162842.2,77174.071,4.86,168996.75,5.19,179437.51,5.29,212133.79,4.56,188317.07,4.45,173479.28,5.03,246377.64,5.1,176166.47,5.3,185981.14,5.31,204952.97,5.15,262279.35,4.72,209173.25
197,002562.SZ,20220314,4.93,5.1,4.84,4.9,4.92,-0.019999999999999574,-0.41,200956.0,99884.048,4.94,188997.51,5.25,184011.89,5.3,215222.2,4.55,187502.46,4.45,172728.09,5.03,247662.71,5.19,179096.59,5.34,188598.63,5.32,213274.64,5.14,261308.05,4.72,210128.72
198,002562.SZ,20220311,4.89,4.95,4.7,4.92,4.96,-0.040000000000000036,-0.81,119366.8,57897.317,5.03,182926.44,5.3,180185.73,5.32,222601.52,4.55,186456.76,4.44,171856.41,5.03,247112.8,5.25,172328.63,5.37,190573.95,5.33,213918.31,5.13,259889.35,4.71,212152.76
199,002562.SZ,20220310,5.0,5.09,4.93,4.96,4.88,0.08000000000000007,1.64,177657.8,88974.01,5.14,212139.09,5.34,185785.44,5.33,234200.29,4.54,185928.51,4.44,171886.45,5.03,248071.68,5.31,184952.27,5.41,203555.06,5.34,216237.91,5.12,259327.81,4.7,211670.22
200,002562.SZ,20220309,5.05,5.08,4.68,4.88,5.04,-0.16000000000000014,-3.17,184160.93,89896.59,5.24,198036.93,5.4,193298.68,5.36,249622.57,4.53,185237.8,4.44,171165.1,5.02,248835.53,5.35,189417.39,5.44,210720.56,5.34,218390.87,5.11,258008.72,4.69,210767.06
201,002562.SZ,20220308,5.34,5.37,4.96,5.04,5.35,-0.3099999999999996,-5.79,262846.0,134036.552,5.35,183336.19,5.45,197029.95,5.38,256839.63,4.52,184563.08,4.43,170619.49,5.02,249326.55,5.41,186122.89,5.47,215939.39,5.36,221180.44,5.1,256928.8,4.68,209753.11
202,002562.SZ,20220307,5.43,5.49,5.3,5.35,5.47,-0.1200000000000001,-2.19,170600.67,91977.467,5.44,169195.67,5.48,189668.56,5.39,262199.37,4.51,183277.84,4.43,169279.67,5.02,250287.96,5.46,179054.59,5.48,210586.11,5.36,227480.67,5.09,256564.66,4.67,208066.23
203,002562.SZ,20220304,5.47,5.67,5.42,5.47,5.45,0.019999999999999574,0.37,265430.07,147175.103,5.46,161730.81,5.49,187784.04,5.39,271488.94,4.5,182493.57,4.42,168491.3,5.01,252027.55,5.49,189527.53,5.47,208562.4,5.37,238918.14,5.08,256524.94,4.65,207111.19
204,002562.SZ,20220303,5.45,5.53,5.39,5.45,5.44,0.009999999999999787,0.18,107147.0,58340.256,5.47,157765.44,5.48,183919.56,5.39,271999.49,4.48,181318.74,4.42,167121.02,4.99,250203.37,5.5,186251.26,5.45,205347.26,5.38,253470.99,5.07,255273.74,4.64,205286.07
205,002562.SZ,20220302,5.58,5.58,5.41,5.44,5.49,-0.04999999999999982,-0.91,110657.2,60278.122,5.45,180797.85,5.49,194174.6,5.38,275299.42,4.47,181034.29,4.41,166797.24,4.98,251126.4,5.49,192251.36,5.43,211704.37,5.39,264217.45,5.06,257101.08,4.62,204910.22
206,002562.SZ,20220301,5.5,5.68,5.46,5.49,5.47,0.020000000000000462,0.37,192143.4,106950.612,5.48,188909.6,5.51,214815.5,5.37,279238.3,4.46,180879.33,4.4,166419.82,4.96,251972.86,5.5,195795.82,5.41,219346.23,5.39,275364.79,5.04,257962.13,4.61,204526.74
207,002562.SZ,20220228,5.51,5.56,5.39,5.47,5.52,-0.04999999999999982,-0.91,133276.4,72980.508,5.48,188913.52,5.51,224725.08,5.36,282626.46,4.45,180229.53,4.4,165635.26,4.95,251048.37,5.49,198100.67,5.39,230363.67,5.39,285174.88,5.03,258242.92,4.59,203355.26
208,002562.SZ,20220225,5.39,5.62,5.38,5.52,5.35,0.16999999999999993,3.18,245603.2,136228.669,5.52,217324.24,5.51,236668.24,5.35,292218.14,4.43,179693.82,4.39,165008.59,4.93,251552.48,5.5,208819.28,5.37,234713.15,5.38,290158.63,5.02,260245.49,4.58,202732.98
209,002562.SZ,20220224,5.52,5.6,5.25,5.35,5.56,-0.20999999999999996,-3.78,222309.06,120369.328,5.53,214737.08,5.49,229758.79,5.34,291445.61,4.42,178466.38,4.38,163788.02,4.91,252655.29,5.51,222157.85,5.35,231880.74,5.36,289283.34,5.01,261109.35,4.57,201255.81
210,002562.SZ,20220223,5.52,5.68,5.49,5.56,5.5,0.05999999999999961,1.09,151215.93,84397.645,5.53,203704.87,5.47,222667.83,5.33,295492.03,4.41,177308.34,4.38,162850.81,4.9,251862.49,5.54,232023.73,5.34,232877.6,5.36,290025.68,4.99,262280.3,4.55,199868.98
211,002562.SZ,20220222,5.66,5.72,5.46,5.5,5.69,-0.1900000000000004,-3.34,192163.0,106932.084,5.51,202682.04,5.44,226507.15,5.32,304240.1,4.4,176743.87,4.37,162227.87,4.88,253987.37,5.52,245755.89,5.33,238709.22,5.35,295229.83,4.98,262868.5,4.54,199020.02
212,002562.SZ,20220221,5.51,5.74,5.45,5.69,5.55,0.14000000000000057,2.52,275330.01,154236.209,5.5,207287.82,5.4,229747.63,5.3,317439.38,4.39,176046.32,4.36,161304.56,4.86,254641.38,5.49,242117.63,5.32,251693.71,5.34,304137.52,4.97,263986.16,4.52,197809.36
213,002562.SZ,20220218,5.3,5.63,5.28,5.55,5.35,0.20000000000000018,3.74,232667.4,128186.352,5.47,200314.32,5.36,228837.19,5.27,319373.91,4.38,175447.35,4.36,160008.31,4.84,252117.8,5.44,227597.28,5.31,263613.45,5.31,302271.09,4.95,262059.21,4.51,195983.26
214,002562.SZ,20220217,5.48,5.52,5.33,5.35,5.47,-0.1200000000000001,-2.19,167148.0,90096.584,5.49,229578.61,5.32,242669.87,5.24,327380.95,4.36,174478.03,4.35,158861.41,4.82,249910.14,5.4,224443.26,5.32,287080.86,5.3,306511.76,4.94,261369.46,4.49,194706.67
215,002562.SZ,20220216,5.49,5.61,5.39,5.47,5.45,0.019999999999999574,0.37,146101.8,80049.848,5.54,260342.6,5.3,246755.87,5.23,337160.85,4.36,174172.6,4.35,158129.33,4.81,248850.07,5.36,231157.38,5.34,300200.5,5.29,315895.17,4.93,262499.44,4.48,193932.12
216,002562.SZ,20220215,5.54,5.55,5.33,5.45,5.54,-0.08999999999999986,-1.62,215191.87,116488.526,5.54,288829.73,5.28,250052.27,5.2,335423.84,4.35,174025.86,4.34,157500.24,4.79,247518.04,5.33,242896.63,5.33,315149.28,5.27,332389.73,4.91,263747.54,4.47,193150.03
217,002562.SZ,20220214,5.62,5.69,5.43,5.54,5.65,-0.11000000000000032,-1.95,240462.52,133188.336,5.48,276947.44,5.25,252133.39,5.17,332017.9,4.33,173557.44,4.33,156433.98,4.77,245975.88,5.29,262626.66,5.33,328711.98,5.25,336586.79,4.9,265743.53,4.45,191827.35
218,002562.SZ,20220211,5.58,5.85,5.55,5.65,5.59,0.0600000000000005,1.07,378988.87,216360.729,5.41,254880.24,5.23,254239.98,5.13,329225.37,4.32,173878.7,4.33,155272.32,4.75,244073.56,5.25,260607.01,5.32,330828.3,5.22,345401.61,4.89,266753.66,4.44,190267.21
219,002562.SZ,20220210,5.45,5.67,5.41,5.59,5.45,0.13999999999999968,2.57,320967.94,178497.385,5.3,219307.9,5.2,259844.9,5.09,319952.68,4.31,171440.64,4.32,153335.64,4.73,240103.84,5.19,241603.63,5.29,322846.08,5.19,349424.13,4.87,262580.78,4.42,187629.69
220,002562.SZ,20220209,5.17,5.47,5.15,5.45,5.17,0.28000000000000025,5.42,288537.47,154856.592,5.18,201972.16,5.2,274672.36,5.05,313900.3,4.3,169447.04,4.32,151710.65,4.71,237198.04,5.15,233731.47,5.27,319026.65,5.15,341626.65,4.85,260170.89,4.4,185353.54
221,002562.SZ,20220208,5.2,5.22,5.05,5.17,5.19,-0.020000000000000462,-0.39,155780.4,80268.829,5.12,196963.53,5.23,306478.37,5.02,308445.73,4.3,167737.68,4.31,150276.67,4.69,234010.22,5.13,231662.55,5.26,319966.8,5.11,335321.72,4.83,258264.29,4.39,183328.54
222,002562.SZ,20220207,5.22,5.28,5.12,5.19,5.11,0.08000000000000007,1.57,130126.52,67544.968,5.1,248305.89,5.26,327536.86,5.0,306388.5,4.29,166905.13,4.31,149656.19,4.67,232441.48,5.14,261269.79,5.26,335147.46,5.09,334979.6,4.81,257714.73,4.38,182450.16
223,002562.SZ,20220128,5.02,5.18,4.94,5.11,4.96,0.15000000000000036,3.02,201127.19,102061.7,5.09,266333.78,5.28,351763.84,4.97,305636.67,4.28,166373.98,4.3,149298.86,4.66,231633.09,5.18,299629.63,5.25,339607.99,5.06,332765.97,4.8,258397.36,4.36,181726.59
224,002562.SZ,20220127,5.19,5.19,4.92,4.96,5.18,-0.21999999999999975,-4.25,234289.23,118109.462,5.09,263899.35,5.3,373711.45,4.95,303128.05,4.28,165841.45,4.3,148375.48,4.64,229508.53,5.25,349718.47,5.25,347546.01,5.03,329901.29,4.78,260517.15,4.35,180702.17
225,002562.SZ,20220126,5.07,5.3,5.06,5.18,5.04,0.13999999999999968,2.78,263494.3,136887.702,5.12,265490.79,5.32,377442.18,4.93,298757.02,4.27,164601.59,4.3,147237.08,4.63,227231.2,5.31,369243.62,5.25,358264.06,5.01,325527.71,4.77,259326.48,4.34,179474.77
226,002562.SZ,20220125,5.2,5.58,5.03,5.04,5.16,-0.1200000000000001,-2.33,412492.2,218123.568,5.14,266361.57,5.32,374046.05,4.91,293904.61,4.27,163410.34,4.29,145860.52,4.61,224563.39,5.34,387401.93,5.24,377136.28,4.98,319605.72,4.75,260111.27,4.33,177927.08
227,002562.SZ,20220124,5.05,5.31,4.97,5.16,5.09,0.07000000000000028,1.38,220266.0,113310.544,5.19,274233.7,5.33,361129.66,4.89,285283.25,4.26,160798.7,4.29,143684.33,4.6,219741.73,5.38,394797.31,5.23,373566.86,4.96,309341.47,4.74,257256.63,4.32,174970.2
228,002562.SZ,20220121,5.13,5.2,5.02,5.09,5.14,-0.04999999999999982,-0.97,188955.03,96497.602,5.27,332925.47,5.33,367827.71,4.87,285893.0,4.25,159528.56,4.29,142833.59,4.59,217951.54,5.38,401049.59,5.2,387798.91,4.93,305860.4,4.72,255019.88,4.3,173936.77
229,002562.SZ,20220120,5.3,5.43,5.12,5.14,5.29,-0.15000000000000036,-2.84,242246.4,126687.052,5.41,435537.58,5.35,388630.67,4.85,285283.07,4.25,158451.47,4.28,141984.48,4.57,216075.51,5.38,404088.54,5.19,403334.39,4.91,302417.71,4.7,252988.85,4.29,172913.69
230,002562.SZ,20220119,5.27,5.43,5.24,5.29,5.28,0.009999999999999787,0.19,267848.22,142719.206,5.5,472996.46,5.33,386868.42,4.84,283756.95,4.24,157133.28,4.28,140931.67,4.55,214092.97,5.39,404321.82,5.15,395574.24,4.88,297626.57,4.69,250412.12,4.28,171631.16
231,002562.SZ,20220118,5.52,5.62,5.24,5.28,5.56,-0.27999999999999936,-5.04,451852.84,243388.99,5.53,508442.28,5.32,393948.37,4.82,282255.15,4.24,155598.73,4.28,139822.17,4.54,212095.71,5.38,408271.06,5.1,387151.31,4.85,292677.16,4.67,246717.98,4.26,170220.52
232,002562.SZ,20220117,5.79,5.95,5.52,5.56,5.79,-0.23000000000000043,-3.97,513724.87,290281.135,5.56,515360.91,5.3,393702.01,4.8,273739.49,4.23,152874.43,4.27,137665.75,4.52,208879.73,5.38,409025.13,5.06,371834.5,4.82,285648.65,4.65,240845.93,4.25,166922.87
233,002562.SZ,20220114,5.86,5.95,5.61,5.79,5.59,0.20000000000000018,3.58,702015.56,406620.677,5.49,469173.7,5.25,403487.69,4.78,264776.72,4.22,149496.95,4.27,134973.6,4.5,205365.73,5.32,379586.35,4.99,349334.13,4.79,274131.73,4.62,233913.65,4.24,163215.6
234,002562.SZ,20220113,5.37,5.68,5.34,5.59,5.44,0.14999999999999947,2.76,429540.8,237384.8,5.36,372639.5,5.17,375725.25,4.75,251583.05,4.21,144894.95,4.26,131154.92,4.48,197734.98,5.25,345373.55,4.92,319992.71,4.75,257076.49,4.6,223567.73,4.22,157828.4
235,002562.SZ,20220112,5.5,5.65,5.37,5.44,5.44,0.0,0.0,445077.33,244715.981,5.28,335647.18,5.1,381522.64,4.72,247697.57,4.2,142355.92,4.25,128915.91,4.46,193699.52,5.19,347284.49,4.86,303669.76,4.72,249984.71,4.57,218125.93,4.21,154831.65
236,002562.SZ,20220111,5.22,5.58,5.22,5.44,5.21,0.23000000000000043,4.41,486446.01,264589.39,5.23,308099.84,5.05,385721.67,4.7,243211.94,4.2,139584.13,4.25,127131.69,4.44,189345.64,5.15,366870.63,4.8,285707.62,4.7,240559.47,4.55,211532.17,4.19,151886.98
237,002562.SZ,20220110,5.11,5.35,5.11,5.21,5.1,0.11000000000000032,2.16,282788.8,148506.907,5.19,302689.34,4.97,354998.39,4.68,234390.25,4.19,136456.89,4.24,124662.12,4.43,185265.77,5.08,352336.41,4.75,266613.55,4.67,231310.96,4.52,204060.14,4.18,149408.92
238,002562.SZ,20220107,5.3,5.3,5.09,5.1,5.2,-0.10000000000000053,-1.92,219344.54,113144.662,5.15,289999.01,4.91,340890.77,4.67,233697.12,4.19,134883.8,4.24,123592.91,4.41,182897.38,5.02,374548.22,4.7,258265.81,4.66,230332.36,4.5,200505.29,4.17,147828.05
239,002562.SZ,20220106,5.24,5.3,5.17,5.2,5.22,-0.019999999999999574,-0.38,244579.24,127711.172,5.14,318107.61,4.85,335211.7,4.65,231943.25,4.18,133630.3,4.24,123947.15,4.4,182524.97,4.99,402580.23,4.67,251582.29,4.65,232935.35,4.48,197545.96,4.16,147026.56
240,002562.SZ,20220105,5.24,5.38,5.13,5.22,5.24,-0.020000000000000462,-0.38,307340.6,160641.954,5.11,358921.8,4.78,321299.26,4.64,230375.7,4.18,132233.4,4.24,123245.85,4.39,182932.82,4.91,386826.65,4.63,244278.95,4.63,234534.92,4.46,194527.8,4.15,146029.83
241,002562.SZ,20220104,5.02,5.33,5.02,5.24,4.99,0.25,5.01,459393.54,240118.523,5.06,425641.42,4.71,306518.21,4.63,228246.46,4.17,130375.39,4.24,122758.3,4.37,180502.44,4.83,366031.57,4.58,234880.22,4.61,230507.17,4.44,190462.27,4.14,144699.82
242,002562.SZ,20211231,5.03,5.06,4.96,4.99,5.04,-0.04999999999999982,-0.99,219337.11,109543.415,4.96,401983.47,4.64,279109.63,4.61,221234.53,4.17,127428.17,4.24,121740.71,4.35,178077.17,4.74,334643.87,4.54,223960.42,4.6,223834.8,4.42,183653.49,4.13,143260.9
243,002562.SZ,20211230,5.02,5.13,4.91,5.04,5.05,-0.009999999999999787,-0.2,359887.57,180785.24,4.88,459097.44,4.59,268840.2,4.61,224634.95,4.16,126211.54,4.24,120738.48,4.34,181070.54,4.67,319081.91,4.52,221404.43,4.59,221847.33,4.41,181431.25,4.12,141665.67
244,002562.SZ,20211229,4.9,5.08,4.83,5.05,4.97,0.08000000000000007,1.61,448650.19,223133.308,4.84,487052.86,4.53,249199.97,4.59,222905.02,4.16,124071.27,4.24,118869.2,4.32,177091.54,4.59,294611.86,4.5,212927.96,4.58,216227.17,4.39,176237.33,4.12,138949.02
245,002562.SZ,20211228,4.81,5.08,4.76,4.97,4.75,0.21999999999999975,4.63,640938.71,315335.458,4.71,414731.5,4.48,223598.72,4.57,213492.27,4.16,121277.49,4.24,116517.95,4.31,172033.25,4.53,260055.03,4.49,201334.81,4.57,209103.71,4.37,170319.1,4.11,135563.52
246,002562.SZ,20211227,4.64,4.77,4.57,4.75,4.61,0.13999999999999968,3.04,341103.78,159593.654,4.59,306421.71,4.43,180886.06,4.56,199828.61,4.15,117147.32,4.24,113020.89,4.29,164320.57,4.46,204544.62,4.47,177403.88,4.56,195105.35,4.35,161604.35,4.1,130521.46
247,002562.SZ,20211224,4.77,4.77,4.6,4.61,4.83,-0.21999999999999975,-4.55,504906.96,235093.746,4.51,267304.26,4.4,162225.19,4.54,194917.95,4.15,115132.15,4.24,111340.53,4.27,160578.11,4.42,180890.69,4.47,170798.23,4.56,194900.27,4.34,159430.19,4.1,128125.94
248,002562.SZ,20211223,4.4,4.83,4.38,4.83,4.39,0.4400000000000004,10.02,499664.64,235632.236,4.45,179066.39,4.39,132568.19,4.53,183679.72,4.15,112110.14,4.24,108808.61,4.26,154592.64,4.39,141983.39,4.48,158224.43,4.56,188105.7,4.33,155184.65,4.1,124955.41
249,002562.SZ,20211222,4.41,4.43,4.36,4.39,4.39,0.0,0.0,87043.4,38241.351,4.35,102170.86,4.35,112670.72,4.51,174015.59,4.15,108953.27,4.24,106077.96,4.25,148549.32,4.34,100584.34,4.48,148112.91,4.54,175737.44,4.32,149018.73,4.09,121256.12
250,002562.SZ,20211221,4.33,4.41,4.31,4.39,4.34,0.04999999999999982,1.15,99389.76,43368.759,4.34,105378.55,4.37,118914.87,4.51,181111.8,4.15,108639.77,4.25,105733.08,4.24,148216.0,4.34,101731.25,4.49,158389.05,4.54,178715.13,4.32,149682.7,4.09,121297.04
251,002562.SZ,20211220,4.3,4.41,4.26,4.34,4.3,0.040000000000000036,0.93,145516.56,63182.532,4.33,102667.52,4.39,125912.44,4.5,182978.24,4.15,108163.85,4.25,105344.99,4.23,147752.67,4.34,103728.87,4.51,162744.98,4.54,181206.85,4.31,150001.8,4.09,120772.26
252,002562.SZ,20211217,4.3,4.32,4.27,4.3,4.31,-0.009999999999999787,-0.23,63717.57,27317.187,4.32,94477.11,4.43,131394.8,4.5,187833.1,4.15,107463.85,4.25,104773.94,4.22,146499.99,4.35,113276.97,4.53,168430.27,4.54,180449.87,4.31,150584.12,4.09,119871.0
253,002562.SZ,20211216,4.38,4.41,4.31,4.31,4.37,-0.0600000000000005,-1.37,115187.0,49925.973,4.33,104900.4,4.45,138979.62,4.5,193053.58,4.16,107552.54,4.26,104709.94,4.21,146431.79,4.38,123726.94,4.55,173230.04,4.54,184028.76,4.31,151274.82,4.09,119622.14
254,002562.SZ,20211215,4.32,4.4,4.32,4.37,4.32,0.04999999999999982,1.16,103081.88,44924.283,4.34,98997.83,4.48,146195.29,4.49,192196.94,4.16,107068.3,4.26,104628.09,4.21,145807.21,4.42,131244.05,4.57,177034.83,4.54,191133.01,4.31,152545.27,4.09,119099.14
255,002562.SZ,20211214,4.31,4.34,4.26,4.32,4.31,0.010000000000000675,0.23,85834.61,36942.189,4.34,98083.94,4.52,157760.6,4.48,191138.44,4.16,106799.13,4.27,104266.16,4.2,145177.97,4.46,142614.6,4.59,183628.05,4.53,193125.24,4.3,155413.37,4.09,118630.73
256,002562.SZ,20211213,4.36,4.36,4.26,4.31,4.32,-0.010000000000000675,-0.23,104564.5,44919.381,4.36,104790.21,4.55,174037.5,4.48,191191.63,4.16,106760.99,4.27,104074.76,4.19,144691.39,4.49,150263.15,4.61,190385.72,4.52,200616.81,4.3,156067.16,4.09,118411.72
257,002562.SZ,20211210,4.37,4.38,4.28,4.32,4.37,-0.04999999999999982,-1.14,115834.0,49983.145,4.37,132076.82,4.57,188499.16,4.47,189475.01,4.16,106641.92,4.28,103660.53,4.18,143922.32,4.53,160705.78,4.63,201905.06,4.52,205171.79,4.29,158949.39,4.09,117768.42
258,002562.SZ,20211209,4.37,4.4,4.33,4.37,4.4,-0.03000000000000025,-0.68,85674.16,37403.679,4.43,142553.48,4.6,193935.65,4.46,188995.48,4.16,106245.52,4.28,103127.78,4.18,143127.16,4.58,174465.47,4.64,211166.86,4.52,204179.36,4.29,164416.16,4.09,117130.86
259,002562.SZ,20211208,4.38,4.41,4.33,4.4,4.38,0.020000000000000462,0.46,98512.44,43059.057,4.49,163490.28,4.64,207285.51,4.46,189351.78,4.17,106044.02,4.28,102782.38,4.17,143044.52,4.61,195641.49,4.64,213313.98,4.5,203559.99,4.28,164012.63,4.09,116949.58
260,002562.SZ,20211207,4.43,4.45,4.31,4.38,4.4,-0.020000000000000462,-0.45,119365.96,52118.004,4.57,187145.25,4.66,211993.25,4.45,188844.35,4.17,105715.09,4.29,102487.46,4.16,142720.4,4.63,215046.85,4.64,217207.07,4.49,203197.68,4.27,163525.4,4.09,116511.48
261,002562.SZ,20211206,4.59,4.61,4.37,4.4,4.59,-0.1899999999999995,-4.14,240997.55,107409.369,4.62,195736.09,4.68,217525.31,4.44,188363.97,4.17,105883.01,4.29,101943.34,4.15,141825.52,4.67,221761.09,4.64,219945.84,4.48,200758.79,4.25,162577.42,4.09,115817.78
262,002562.SZ,20211203,4.69,4.77,4.59,4.59,4.69,-0.10000000000000053,-2.13,168217.27,78479.519,4.69,189334.73,4.71,217059.83,4.43,182730.26,4.17,104689.18,4.29,100714.73,4.14,139365.17,4.71,223583.57,4.63,214036.33,4.47,196043.21,4.24,159567.79,4.09,114278.34
263,002562.SZ,20211202,4.88,4.88,4.68,4.69,4.78,-0.08999999999999986,-1.88,190358.17,90468.321,4.73,206377.47,4.72,221119.12,4.41,178903.99,4.17,104229.99,4.29,99975.88,4.13,137832.2,4.72,222733.14,4.62,214179.67,4.46,193695.57,4.23,157697.44,4.09,113200.2
264,002562.SZ,20211201,4.62,4.86,4.61,4.78,4.64,0.14000000000000057,3.02,216787.31,102747.047,4.73,227792.69,4.73,232241.66,4.38,175349.28,4.17,104847.03,4.3,99164.94,4.12,136127.26,4.72,222825.6,4.6,221077.49,4.44,190058.97,4.21,155298.4,4.09,111975.77
265,002562.SZ,20211130,4.72,4.75,4.62,4.64,4.73,-0.09000000000000075,-1.9,162320.16,76015.752,4.69,242948.44,4.71,238724.95,4.36,170202.16,4.17,104216.97,4.3,98213.65,4.1,133874.48,4.72,224641.5,4.56,218380.56,4.42,186267.15,4.19,152719.36,4.09,110500.76
266,002562.SZ,20211129,4.7,4.75,4.61,4.73,4.79,-0.05999999999999961,-1.25,208990.76,97724.613,4.72,247786.08,4.69,236132.37,4.34,167295.36,4.18,104651.86,4.3,97567.23,4.09,132317.39,4.73,230508.29,4.54,225793.64,4.39,182504.87,4.17,151091.35,4.09,109439.71
267,002562.SZ,20211126,4.72,4.83,4.62,4.79,4.7,0.08999999999999986,1.91,253430.95,120252.935,4.73,257832.4,4.67,233623.4,4.32,163013.54,4.18,105196.52,4.3,96627.99,4.08,130202.51,4.73,243104.34,4.52,227404.79,4.37,176809.31,4.16,148467.6,4.08,108065.97
268,002562.SZ,20211125,4.57,4.8,4.56,4.7,4.6,0.10000000000000053,2.17,297434.29,140681.198,4.71,239088.81,4.63,227524.21,4.3,157055.79,4.18,103783.52,4.3,95398.17,4.06,127400.74,4.71,247868.25,4.49,219036.31,4.34,170678.22,4.14,145220.46,4.08,106384.79
269,002562.SZ,20211124,4.74,4.76,4.57,4.6,4.77,-0.16999999999999993,-3.56,292566.06,135463.863,4.71,217858.51,4.6,214091.36,4.28,150837.2,4.18,102023.42,4.31,94012.64,4.05,124477.57,4.68,230986.48,4.45,207519.25,4.31,162156.57,4.13,141402.28,4.08,104292.38
270,002562.SZ,20211123,4.76,4.82,4.71,4.77,4.79,-0.020000000000000462,-0.42,186508.34,88586.821,4.74,206334.56,4.57,204746.6,4.26,143651.51,4.19,100347.88,4.31,92522.75,4.04,121736.7,4.66,219367.29,4.43,197273.09,4.29,154520.68,4.11,137457.66,4.08,102239.28
271,002562.SZ,20211122,4.72,4.84,4.6,4.79,4.69,0.09999999999999964,2.13,259222.35,122523.135,4.74,213230.5,4.53,215654.77,4.24,140917.62,4.19,99399.47,4.31,91781.85,4.02,120286.88,4.62,218130.6,4.39,190257.64,4.27,150417.36,4.1,135171.54,4.08,101109.37
272,002562.SZ,20211119,4.7,4.78,4.65,4.69,4.7,-0.009999999999999787,-0.21,159713.03,75293.781,4.73,228376.28,4.48,208241.41,4.21,136765.6,4.19,97995.99,4.31,90523.42,4.0,117599.47,4.56,204489.09,4.36,182273.03,4.24,143472.19,4.08,131632.57,4.08,99530.34
273,002562.SZ,20211118,4.73,4.89,4.7,4.7,4.77,-0.0699999999999994,-1.47,191282.77,91297.311,4.71,256647.68,4.44,219846.7,4.19,138263.87,4.19,97421.68,4.31,89852.05,3.99,116753.35,4.51,205626.2,4.33,179176.79,4.22,141015.17,4.06,129907.31,4.08,98575.02
274,002562.SZ,20211117,4.74,4.92,4.68,4.77,4.73,0.03999999999999915,0.85,234946.32,111978.626,4.65,244114.45,4.41,223687.54,4.18,139995.99,4.19,96358.5,4.32,89072.08,3.97,115085.39,4.47,219329.38,4.3,173675.65,4.2,136247.5,4.05,128043.87,4.07,97330.17
275,002562.SZ,20211116,4.76,4.8,4.68,4.73,4.77,-0.03999999999999915,-0.84,220988.02,104700.263,4.57,232400.02,4.36,212234.85,4.16,136900.79,4.2,94926.65,4.32,88234.45,3.96,113130.68,4.41,212119.62,4.27,167079.98,4.17,131534.48,4.03,125364.81,4.07,95629.42
276,002562.SZ,20211115,4.61,4.8,4.6,4.77,4.58,0.1899999999999995,4.15,334951.24,158344.656,4.5,223030.71,4.31,200396.77,4.15,134132.95,4.2,93626.74,4.32,87452.7,3.94,111498.46,4.36,221078.99,4.23,158503.15,4.15,128103.34,4.02,122552.51,4.07,94160.49
277,002562.SZ,20211112,4.38,4.65,4.38,4.58,4.38,0.20000000000000018,4.57,301070.05,137053.741,4.38,180601.9,4.26,181373.05,4.13,127767.79,4.2,91641.03,4.32,85916.05,3.93,107780.91,4.31,211705.24,4.19,143661.8,4.12,123960.1,4.0,117911.18,4.07,92006.64
278,002562.SZ,20211111,4.41,4.43,4.36,4.38,4.41,-0.03000000000000025,-0.68,128616.6,56573.846,4.32,154604.73,4.22,161767.62,4.11,124220.3,4.2,89917.64,4.33,84467.95,3.92,104684.67,4.26,190204.37,4.15,132083.2,4.11,122263.6,3.99,113780.76,4.07,89876.53
279,002562.SZ,20211110,4.36,4.41,4.3,4.41,4.34,0.07000000000000028,1.61,176374.21,76822.805,4.3,194544.32,4.19,159530.2,4.11,123530.4,4.21,89728.32,4.33,84095.8,3.91,103710.47,4.22,184052.01,4.13,127741.62,4.1,122300.03,3.97,112678.6,4.07,89340.73
280,002562.SZ,20211109,4.22,4.37,4.21,4.34,4.21,0.1299999999999999,3.09,174141.43,75184.944,4.25,191839.22,4.17,153485.12,4.1,123972.74,4.21,88794.59,4.33,83532.71,3.91,102291.23,4.2,175178.88,4.11,122097.37,4.09,120650.27,3.96,110536.19,4.07,88540.47
281,002562.SZ,20211108,4.23,4.26,4.19,4.21,4.25,-0.040000000000000036,-0.94,122807.2,51783.606,4.22,219127.28,4.15,146340.4,4.09,126944.11,4.22,87956.71,4.34,83035.78,3.9,101192.23,4.17,162384.68,4.09,116560.74,4.09,118796.75,3.95,108392.8,4.08,87817.77
282,002562.SZ,20211105,4.33,4.35,4.23,4.25,4.3,-0.04999999999999982,-1.16,171084.2,73065.016,4.23,242808.59,4.15,144819.29,4.09,127010.43,4.22,87343.88,4.35,82769.47,3.9,102075.85,4.16,160056.98,4.09,112963.74,4.09,120718.36,3.94,107185.59,4.08,87283.98
283,002562.SZ,20211104,4.13,4.5,4.11,4.3,4.13,0.16999999999999993,4.12,328314.54,142367.079,4.21,225804.02,4.13,135462.93,4.08,130140.25,4.23,86334.95,4.35,82147.33,3.89,101035.85,4.14,152727.38,4.08,108709.65,4.08,118520.89,3.93,105055.83,4.08,86330.43
284,002562.SZ,20211103,4.15,4.29,4.11,4.13,4.2,-0.07000000000000028,-1.67,162848.73,67828.674,4.15,173559.71,4.1,113140.6,4.07,133538.06,4.23,84244.6,4.36,80874.04,3.89,98300.54,4.12,128021.92,4.06,94706.55,4.08,113957.53,3.92,100887.18,4.08,84020.71
285,002562.SZ,20211102,4.41,4.55,4.15,4.2,4.29,-0.08999999999999986,-2.1,310581.73,134177.212,4.14,158518.55,4.08,105959.77,4.06,130556.11,4.24,83451.69,4.36,80675.56,3.89,97795.5,4.12,122040.33,4.05,91241.92,4.08,117701.5,3.91,99623.06,4.09,83859.84
286,002562.SZ,20211101,4.09,4.33,4.08,4.29,4.11,0.17999999999999972,4.38,241213.73,102365.055,4.12,105642.08,4.06,85283.1,4.05,123458.97,4.24,81485.22,4.37,79717.59,3.88,95624.28,4.1,95927.32,4.04,81615.51,4.07,111517.51,3.9,95742.89,4.09,81847.39
287,002562.SZ,20211029,3.99,4.13,3.98,4.11,4.0,0.11000000000000032,2.75,86061.36,35082.145,4.08,77305.36,4.04,71611.98,4.03,118202.3,4.25,80041.81,4.37,78981.74,3.88,96231.07,4.07,75618.36,4.03,80087.53,4.06,112727.0,3.89,92683.77,4.09,80688.06
288,002562.SZ,20211028,4.12,4.12,4.0,4.0,4.12,-0.1200000000000001,-2.91,67093.0,27056.432,4.08,79650.73,4.03,69869.48,4.02,117448.13,4.25,79745.21,4.38,79035.33,3.88,95455.71,4.04,73962.03,4.03,88293.21,4.06,124652.95,3.88,92853.65,4.1,82297.64
289,002562.SZ,20211027,4.08,4.13,4.05,4.12,4.07,0.04999999999999982,1.23,87642.92,35892.341,4.1,82484.13,4.04,68621.35,4.01,117121.76,4.26,79649.49,4.39,79073.27,3.88,95013.0,4.04,71431.22,4.04,91424.04,4.05,124465.27,3.87,92838.53,4.11,82789.02
290,002562.SZ,20211026,4.08,4.1,4.03,4.07,4.1,-0.02999999999999936,-0.73,46199.4,18768.641,4.1,85562.11,4.03,68495.15,3.99,115909.2,4.27,79429.88,4.39,78867.25,3.88,94409.63,4.03,69015.85,4.04,93385.96,4.04,123853.13,3.87,92850.19,4.12,83933.2
291,002562.SZ,20211025,4.09,4.13,3.99,4.1,4.11,-0.010000000000000675,-0.24,99530.14,40241.226,4.08,86212.55,4.02,68653.09,3.98,116375.24,4.27,79477.63,4.4,78846.4,3.89,94272.19,4.02,70736.79,4.05,97002.78,4.03,124396.05,3.86,93723.07,4.13,85943.38
292,002562.SZ,20211022,4.1,4.13,4.0,4.11,4.09,0.020000000000000462,0.49,97788.2,39851.61,4.05,73931.36,4.01,68193.54,3.97,115349.05,4.28,79135.47,4.4,78500.36,3.89,93660.34,4.02,65870.51,4.05,101049.05,4.01,123092.37,3.86,92999.81,4.13,85530.29
293,002562.SZ,20211021,4.11,4.16,4.07,4.09,4.12,-0.03000000000000025,-0.73,81260.0,33460.996,4.01,68273.32,4.0,69752.42,3.96,113989.56,4.29,78772.99,4.4,78268.75,3.89,94015.74,4.01,64691.93,4.05,101417.64,4.0,121699.31,3.85,92517.55,4.14,85081.89
294,002562.SZ,20211020,4.0,4.15,3.97,4.12,4.0,0.1200000000000001,3.0,103032.8,42046.852,3.98,60378.32,3.99,79705.82,3.95,113323.18,4.29,78648.13,4.41,78311.82,3.89,93675.6,4.0,61391.19,4.05,106925.33,3.98,120537.83,3.85,92089.07,4.15,84832.13
295,002562.SZ,20211019,3.93,4.01,3.91,4.0,3.94,0.06000000000000005,1.52,49451.6,19605.239,3.95,52469.6,4.0,91024.44,3.94,112302.9,4.3,78215.78,4.41,77946.48,3.9,93527.88,3.98,60443.5,4.06,115532.09,3.97,119171.57,3.84,91537.38,4.16,84389.66
296,002562.SZ,20211018,3.87,3.96,3.86,3.94,3.88,0.06000000000000005,1.55,38124.19,14953.419,3.95,55261.04,4.01,97198.13,3.93,112492.22,4.31,78298.04,4.42,77938.08,3.9,93354.08,3.98,67303.71,4.05,119312.61,3.96,119677.83,3.84,92241.8,4.17,84453.58
297,002562.SZ,20211015,3.93,3.98,3.87,3.88,3.97,-0.0900000000000003,-2.27,69498.0,27185.652,3.98,57809.66,4.03,104025.61,3.93,112822.13,4.32,78356.53,4.43,78161.03,3.9,93343.96,3.99,84556.71,4.06,131281.31,3.95,120125.89,3.84,94757.7,4.18,84777.65
298,002562.SZ,20211014,3.97,3.99,3.92,3.97,3.98,-0.009999999999999787,-0.25,41784.99,16512.846,4.02,61110.53,4.05,107797.75,3.92,112157.02,4.32,78195.09,4.43,78149.31,3.91,92868.71,4.02,102624.39,4.07,149998.41,3.95,119762.71,3.84,95150.8,4.18,84516.71
299,002562.SZ,20211013,3.98,4.0,3.9,3.98,4.0,-0.020000000000000018,-0.5,63489.2,25064.721,4.02,62404.06,4.07,118464.71,3.92,112580.92,4.33,78317.89,4.44,78224.39,3.91,93010.61,4.04,111416.85,4.06,150982.29,3.94,120647.99,3.84,96507.16,4.19,84408.16
300,002562.SZ,20211012,4.1,4.1,3.96,4.0,4.08,-0.08000000000000007,-1.96,63408.8,25403.729,4.0,68417.41,4.08,121670.16,3.91,113051.12,4.34,78525.52,4.44,78219.14,3.92,92789.05,4.06,117756.07,4.04,151271.77,3.93,120394.64,3.84,97531.85,4.2,84160.76
301,002562.SZ,20211011,4.07,4.12,4.04,4.08,4.07,0.009999999999999787,0.25,50867.29,20744.33,4.01,79346.38,4.09,131516.7,3.91,113368.59,4.35,78702.35,4.45,78564.68,3.92,92737.65,4.08,123268.78,4.03,151225.68,3.92,119925.72,3.84,98937.37,4.21,84040.77
302,002562.SZ,20211008,3.98,4.08,3.96,4.07,3.95,0.1200000000000001,3.04,86002.39,34820.463,3.99,111303.76,4.1,148770.59,3.9,113409.27,4.35,78871.72,4.46,79008.84,3.93,92424.33,4.08,136227.6,4.01,151703.3,3.91,119792.95,3.84,102868.31,4.22,84057.72
303,002562.SZ,20210930,3.92,3.97,3.92,3.95,3.9,0.050000000000000266,1.28,48252.6,19039.314,4.02,144138.24,4.09,151775.18,3.89,112540.7,4.36,78665.74,4.46,79216.86,3.93,91801.99,4.09,138143.35,3.99,150203.0,3.9,118799.45,3.84,101900.09,4.23,84185.65
304,002562.SZ,20210929,4.01,4.04,3.9,3.9,4.05,-0.1499999999999999,-3.7,93555.98,36996.454,4.06,160429.64,4.09,169409.46,3.88,112687.53,4.37,78787.07,4.47,80123.82,3.94,92010.9,4.11,152459.48,3.97,150111.15,3.9,119840.24,3.85,101660.7,4.24,84132.85
305,002562.SZ,20210928,3.96,4.11,3.9,4.05,3.98,0.06999999999999984,1.76,118053.63,47224.193,4.12,167094.73,4.11,196354.38,3.88,111773.75,4.38,78701.34,4.48,80533.22,3.94,91376.02,4.14,170620.67,3.96,148535.6,3.89,119195.13,3.85,100807.94,4.24,83798.94
306,002562.SZ,20210927,4.22,4.24,3.96,3.98,4.24,-0.26000000000000023,-6.13,210654.2,85513.317,4.14,167191.18,4.08,192001.23,3.87,109708.33,4.39,78507.65,4.49,80096.33,3.95,90283.61,4.13,171321.51,3.94,145864.9,3.89,117001.69,3.85,99438.57,4.25,83103.16
307,002562.SZ,20210924,4.16,4.32,4.1,4.24,4.15,0.08999999999999986,2.17,250174.81,105839.261,4.18,161151.44,4.07,181126.19,3.86,104851.98,4.39,77585.05,4.49,79147.96,3.96,88225.08,4.13,178005.92,3.93,137910.48,3.88,111862.25,3.86,96821.69,4.26,81562.7
308,002562.SZ,20210923,4.22,4.24,4.13,4.15,4.2,-0.04999999999999982,-1.19,129709.6,54220.581,4.16,132148.46,4.02,166688.67,3.84,98975.5,4.4,76305.66,4.5,78031.54,3.96,85407.29,4.11,197372.44,3.91,128331.88,3.86,105297.92,3.86,94726.17,4.27,79705.43
309,002562.SZ,20210922,4.08,4.23,4.07,4.2,4.13,0.07000000000000028,1.69,126881.4,53103.959,4.15,144489.32,3.99,161358.68,3.83,96433.99,4.41,76190.51,4.5,77747.56,3.96,84256.84,4.07,190547.73,3.89,125263.56,3.85,103057.18,3.86,93493.5,4.27,79030.11
310,002562.SZ,20210917,4.22,4.25,4.06,4.13,4.16,-0.03000000000000025,-0.72,118535.87,49235.639,4.15,174146.61,3.95,155905.99,3.81,95002.07,4.42,76207.35,4.51,77283.93,3.97,83095.58,4.03,184787.47,3.87,121713.92,3.83,100422.1,3.86,92911.37,4.28,78201.18
311,002562.SZ,20210916,4.12,4.29,4.12,4.16,4.14,0.020000000000000462,0.48,180455.52,75867.013,4.11,175451.84,3.91,150358.27,3.8,94074.58,4.42,76416.72,4.51,77139.74,3.97,81981.68,3.98,179182.58,3.85,118254.19,3.81,97988.85,3.87,91542.72,4.29,77491.4
312,002562.SZ,20210915,4.14,4.17,4.08,4.14,4.14,0.0,0.0,105159.93,43374.293,4.08,194860.39,3.87,141249.77,3.78,91054.46,4.43,75975.05,4.52,76421.96,3.98,80164.17,3.93,167179.0,3.83,111575.62,3.8,93652.82,3.87,89157.88,4.29,76348.86
313,002562.SZ,20210914,4.22,4.28,4.12,4.14,4.16,-0.020000000000000462,-0.48,191413.87,80086.333,4.06,262596.41,3.83,138132.82,3.76,89657.6,4.44,75905.31,4.52,76329.18,3.98,79451.23,3.89,162262.65,3.81,109127.5,3.78,91590.77,3.87,87969.45,4.3,75916.77
314,002562.SZ,20210913,3.95,4.32,3.92,4.16,3.95,0.20999999999999996,5.32,275167.88,113326.697,3.99,236606.15,3.8,127375.27,3.74,86858.79,4.44,75086.5,4.53,75692.15,3.99,77516.98,3.84,147762.82,3.79,103530.61,3.77,87816.84,3.87,85653.01,4.31,74788.48
315,002562.SZ,20210910,4.02,4.03,3.93,3.95,4.0,-0.04999999999999982,-1.25,125062.0,49675.221,3.91,195428.32,3.78,110716.42,3.73,80712.26,4.45,73542.45,4.54,74851.13,3.99,74464.0,3.79,126450.53,3.77,93482.36,3.75,81544.62,3.87,81848.09,4.32,72937.71
316,002562.SZ,20210909,3.95,4.05,3.92,4.0,4.07,-0.07000000000000028,-1.72,277498.29,110544.932,3.86,182913.32,3.76,106353.45,3.72,79632.28,4.45,72970.33,4.54,74787.14,4.0,73475.43,3.76,120408.29,3.77,89841.78,3.74,79968.27,3.88,80756.28,4.33,72314.36
317,002562.SZ,20210908,3.78,4.15,3.77,4.07,3.77,0.30000000000000027,7.96,443839.99,180063.684,3.79,139497.61,3.75,89306.54,3.71,74369.73,4.46,71328.32,4.55,73495.82,4.01,70705.29,3.73,97815.04,3.75,78790.42,3.72,72640.54,3.89,76587.44,4.33,70381.8
318,002562.SZ,20210907,3.75,3.78,3.74,3.77,3.74,0.029999999999999805,0.8,61462.57,23110.146,3.71,61928.89,3.72,58960.49,3.7,62966.64,4.47,68653.36,4.56,71329.75,4.02,65388.43,3.71,59291.32,3.74,59260.66,3.7,61054.36,3.89,69845.57,4.34,67210.46
319,002562.SZ,20210906,3.71,3.75,3.7,3.74,3.7,0.040000000000000036,1.08,69278.74,25793.343,3.68,58919.5,3.72,57839.07,3.7,63183.99,4.47,68841.39,4.56,71269.09,4.03,65127.59,3.71,59979.4,3.74,59311.9,3.7,61211.8,3.9,69886.53,4.35,67038.06
320,002562.SZ,20210903,3.65,3.72,3.63,3.7,3.65,0.050000000000000266,1.37,62487.0,23041.473,3.66,57472.74,3.72,56832.82,3.71,62780.24,4.48,68647.03,4.57,71426.47,4.04,64615.3,3.71,58640.38,3.73,58239.42,3.69,61847.26,3.91,69497.55,4.36,66971.55
321,002562.SZ,20210902,3.68,3.68,3.62,3.65,3.68,-0.03000000000000025,-0.82,60419.75,22017.116,3.66,57903.26,3.73,58139.68,3.71,62999.19,4.49,68546.64,4.58,71452.38,4.05,64378.35,3.71,57325.8,3.73,57391.98,3.7,63050.09,3.93,69058.15,4.38,66838.72
322,002562.SZ,20210901,3.66,3.69,3.61,3.68,3.65,0.03000000000000025,0.82,55996.4,20510.096,3.68,56132.46,3.74,59199.91,3.72,63919.68,4.5,68653.47,4.59,71724.68,4.06,64592.62,3.73,55972.24,3.73,56889.73,3.7,62907.26,3.94,68988.89,4.39,66720.64
323,002562.SZ,20210831,3.65,3.67,3.61,3.65,3.64,0.009999999999999787,0.27,46415.6,16912.298,3.7,56653.74,3.75,58911.76,3.72,67833.87,4.51,68733.47,4.6,71928.82,4.07,64452.09,3.74,55992.35,3.73,56254.83,3.71,63335.79,3.96,68702.97,4.4,66749.57
324,002562.SZ,20210830,3.7,3.7,3.62,3.64,3.68,-0.040000000000000036,-1.09,62044.94,22677.037,3.73,61039.3,3.75,59685.26,3.73,69206.47,4.52,68789.44,4.61,72068.19,4.09,64690.82,3.75,59298.4,3.73,57843.85,3.71,63640.31,3.97,68653.14,4.41,67141.01
325,002562.SZ,20210827,3.76,3.76,3.66,3.68,3.75,-0.06999999999999984,-1.87,64639.6,23837.925,3.76,59808.01,3.76,59008.32,3.74,71004.17,4.53,68793.3,4.63,72100.2,4.1,64934.8,3.76,60514.19,3.74,59091.66,3.72,63903.19,3.98,68282.17,4.42,67364.57
326,002562.SZ,20210826,3.78,3.79,3.75,3.75,3.8,-0.04999999999999982,-1.32,51565.77,19420.538,3.77,56748.35,3.77,58842.77,3.75,72778.61,4.54,69190.28,4.64,72144.52,4.11,65238.51,3.77,59275.27,3.73,59748.25,3.72,64805.76,4.0,67788.07,4.43,67453.04
327,002562.SZ,20210825,3.78,3.82,3.74,3.8,3.8,0.0,0.0,58602.79,22156.765,3.77,55812.02,3.76,58555.34,3.76,75607.26,4.55,69706.71,4.65,72299.73,4.12,65334.33,3.77,59765.8,3.72,60053.3,3.73,69389.52,4.01,67664.35,4.45,67492.84
328,002562.SZ,20210824,3.78,3.85,3.77,3.8,3.78,0.020000000000000018,0.53,68343.38,26055.095,3.77,55330.96,3.75,57550.37,3.76,82316.69,4.56,70141.11,4.66,72349.23,4.13,65308.41,3.77,59230.0,3.7,61935.88,3.74,70538.89,4.02,67549.12,4.46,67552.18
329,002562.SZ,20210823,3.7,3.79,3.7,3.78,3.71,0.06999999999999984,1.89,55888.52,21043.33,3.76,57557.51,3.74,56168.16,3.78,81127.44,4.57,71066.01,4.67,72198.76,4.14,65079.12,3.76,58644.4,3.69,61828.0,3.74,72366.34,4.03,67182.48,4.47,67659.42
330,002562.SZ,20210820,3.74,3.75,3.68,3.71,3.76,-0.04999999999999982,-1.33,49341.28,18266.415,3.76,61220.37,3.73,55199.69,3.79,80480.41,4.58,71808.07,4.69,72145.41,4.15,66247.88,3.75,57838.47,3.68,63450.7,3.75,74669.07,4.05,67020.91,4.48,67945.02
331,002562.SZ,20210819,3.74,3.8,3.72,3.76,3.78,-0.020000000000000018,-0.53,46884.12,17612.006,3.78,61802.19,3.73,57419.29,3.8,80275.97,4.59,71772.5,4.7,72484.43,4.16,66511.16,3.75,57458.17,3.69,65912.23,3.76,77949.03,4.06,67047.21,4.49,68182.18
332,002562.SZ,20210818,3.73,3.79,3.72,3.78,3.75,0.029999999999999805,0.8,56197.49,21114.544,3.78,63719.58,3.72,60505.21,3.82,79952.67,4.6,71796.77,4.71,72691.39,4.18,67247.29,3.74,57807.21,3.69,66374.77,3.76,85943.68,4.08,67428.11,4.5,68341.0
333,002562.SZ,20210817,3.83,3.86,3.74,3.75,3.82,-0.06999999999999984,-1.83,79476.15,30330.378,3.77,63129.04,3.71,62164.75,3.83,79877.48,4.6,71833.59,4.72,73051.87,4.19,70220.8,3.73,56517.3,3.69,67007.51,3.78,85000.72,4.09,67242.74,4.52,68815.42
334,002562.SZ,20210816,3.78,3.88,3.78,3.82,3.78,0.040000000000000036,1.06,74202.83,28435.61,3.77,59731.29,3.69,60487.09,3.84,81200.06,4.61,71849.15,4.74,73465.13,4.21,70841.91,3.72,56389.3,3.7,65811.27,3.79,83481.17,4.1,66616.47,4.53,69230.68
335,002562.SZ,20210813,3.77,3.79,3.75,3.78,3.76,0.020000000000000018,0.53,52250.35,19698.66,3.74,54456.57,3.66,62183.37,3.86,80657.3,4.62,71670.86,4.75,74209.87,4.23,72851.79,3.71,57669.13,3.7,65597.69,3.81,82420.75,4.11,65894.03,4.54,69851.36
336,002562.SZ,20210812,3.75,3.78,3.73,3.76,3.75,0.009999999999999787,0.27,56471.1,21197.114,3.72,53114.14,3.65,63255.33,3.88,81825.06,4.63,71961.95,4.76,74309.65,4.25,75987.4,3.69,60221.24,3.7,67571.0,3.82,81875.46,4.13,65768.46,4.55,70389.73
337,002562.SZ,20210811,3.73,3.78,3.73,3.75,3.73,0.020000000000000018,0.54,53244.79,19989.601,3.69,51894.84,3.64,65706.98,3.89,81235.22,4.64,71980.56,4.77,74345.99,4.26,75900.59,3.66,60340.79,3.71,74201.38,3.84,81781.13,4.14,66102.11,4.56,70711.79
338,002562.SZ,20210810,3.7,3.76,3.69,3.73,3.7,0.029999999999999805,0.81,62487.4,23359.993,3.68,49905.56,3.64,69193.68,3.91,80768.16,4.65,72232.2,4.79,74466.26,4.28,75777.05,3.63,64641.75,3.72,76193.34,3.85,84154.43,4.15,65972.3,4.57,70880.62
339,002562.SZ,20210809,3.62,3.7,3.62,3.7,3.64,0.06000000000000005,1.65,47829.2,17612.253,3.67,53047.3,3.65,68705.02,3.92,79926.01,4.66,72379.89,4.8,74444.71,4.3,75627.73,3.62,65011.59,3.73,79227.3,3.87,83929.82,4.17,66002.85,4.58,70800.09
340,002562.SZ,20210806,3.63,3.66,3.6,3.64,3.64,0.0,0.0,45538.22,16488.739,3.67,60881.69,3.66,70322.19,3.94,80061.25,4.67,72971.6,4.81,74537.2,4.31,75655.83,3.62,69062.93,3.75,83084.37,3.9,85400.65,4.18,66544.75,4.59,70757.16
341,002562.SZ,20210805,3.68,3.7,3.62,3.64,3.68,-0.040000000000000036,-1.09,50374.6,18437.948,3.66,67328.34,3.67,71092.42,3.96,80100.5,4.68,73448.75,4.82,74674.34,4.33,75810.29,3.63,74366.3,3.76,88194.46,3.92,85096.59,4.2,67242.75,4.6,70719.75
342,002562.SZ,20210804,3.67,3.71,3.65,3.68,3.68,0.0,0.0,43298.4,15906.215,3.63,68786.74,3.69,72596.78,3.98,80370.47,4.69,73510.49,4.84,74723.31,4.35,76165.46,3.65,74942.32,3.78,100011.91,3.94,84662.94,4.22,67382.37,4.61,70788.68
343,002562.SZ,20210803,3.72,3.77,3.67,3.68,3.71,-0.029999999999999805,-0.81,78196.07,29032.557,3.58,79377.94,3.7,76321.26,4.0,79901.93,4.7,73749.91,4.85,75035.38,4.37,76097.27,3.66,77497.72,3.8,99242.43,3.96,84348.13,4.23,67605.04,4.62,71165.68
344,002562.SZ,20210802,3.54,3.72,3.54,3.71,3.57,0.14000000000000012,3.92,87001.16,31716.489,3.57,76975.89,3.71,84850.68,4.02,78758.73,4.71,73562.52,4.86,75435.79,4.39,75438.12,3.68,75233.24,3.83,97027.1,3.98,83489.17,4.25,67154.23,4.63,70858.14
345,002562.SZ,20210730,3.49,3.6,3.43,3.57,3.49,0.07999999999999963,2.29,77771.46,27414.224,3.56,77244.18,3.74,85318.6,4.04,78079.88,4.72,73624.14,4.88,75495.15,4.4,74728.79,3.69,73526.25,3.86,94796.56,4.0,82151.56,4.26,68096.63,4.64,70533.39
346,002562.SZ,20210729,3.48,3.53,3.47,3.49,3.45,0.040000000000000036,1.16,57666.6,20143.097,3.6,81404.26,3.77,88810.54,4.07,77143.66,4.73,73548.41,4.89,75342.73,4.42,74345.29,3.71,74920.76,3.89,92702.57,4.02,81544.3,4.28,67951.89,4.66,70516.98
347,002562.SZ,20210728,3.62,3.62,3.43,3.45,3.62,-0.16999999999999993,-4.7,96254.4,33628.307,3.66,81097.9,3.81,93987.77,4.1,76510.03,4.75,73887.1,4.91,75326.9,4.44,74281.76,3.75,88061.97,3.93,92501.3,4.05,80534.35,4.29,68692.35,4.67,70599.07
348,002562.SZ,20210727,3.68,3.71,3.62,3.62,3.67,-0.04999999999999982,-1.36,66185.83,24303.444,3.74,75617.51,3.85,97948.19,4.13,75333.85,4.76,73847.11,4.92,75100.16,4.47,74349.76,3.81,87744.93,3.96,93910.77,4.08,78636.78,4.32,71741.62,4.68,70250.91
349,002562.SZ,20210726,3.72,3.75,3.66,3.67,3.75,-0.08000000000000007,-2.13,88342.6,32604.031,3.78,73490.59,3.87,114912.63,4.15,74529.59,4.77,73873.38,4.93,75195.35,4.48,74026.17,3.85,93443.01,4.0,93388.94,4.11,78561.26,4.34,72739.51,4.69,70221.03
350,002562.SZ,20210723,3.81,3.85,3.73,3.75,3.83,-0.08000000000000007,-2.09,98571.88,37093.649,3.81,69808.31,3.92,110263.88,4.18,73208.51,4.79,73728.33,4.95,75305.56,4.5,73561.42,3.88,97105.81,4.04,93569.5,4.13,77147.84,4.37,75016.2,4.7,70499.88
351,002562.SZ,20210722,3.83,3.85,3.79,3.83,3.82,0.010000000000000231,0.26,56134.8,21445.55,3.83,68437.26,3.95,105288.32,4.2,71479.53,4.8,73544.71,4.96,75189.34,4.52,72707.94,3.9,102022.62,4.06,90461.74,4.16,75066.21,4.39,78163.69,4.72,70727.87
352,002562.SZ,20210721,3.84,3.89,3.81,3.82,3.84,-0.020000000000000018,-0.52,68852.43,26463.466,3.84,95026.03,3.98,104231.04,4.22,70857.74,4.82,73695.13,4.97,75206.77,4.53,72303.46,3.91,125081.5,4.08,89523.25,4.18,75070.52,4.41,78060.78,4.73,71269.73
353,002562.SZ,20210720,3.79,3.84,3.76,3.84,3.81,0.029999999999999805,0.79,55551.26,21171.457,3.88,99872.35,4.01,101695.61,4.24,70130.97,4.83,73682.04,4.98,75160.29,4.55,71749.46,3.95,120987.13,4.11,87773.33,4.21,74070.14,4.43,77646.23,4.74,72375.37
354,002562.SZ,20210719,3.84,3.85,3.76,3.81,3.83,-0.020000000000000018,-0.52,69931.2,26586.046,3.92,113395.43,4.04,101548.67,4.26,70017.38,4.84,73594.29,4.99,75299.9,4.56,71657.72,3.99,118820.97,4.13,87617.14,4.23,73665.96,4.45,77575.18,4.75,73268.64
355,002562.SZ,20210716,3.89,3.92,3.83,3.83,3.89,-0.06000000000000005,-1.54,91716.63,35344.73,3.95,124403.31,4.07,105741.95,4.28,69323.67,4.86,73434.15,5.01,75467.18,4.58,71090.76,4.03,116066.87,4.15,86464.22,4.25,72661.14,4.47,77241.94,4.76,73054.38
356,002562.SZ,20210715,3.95,3.95,3.77,3.89,4.01,-0.11999999999999966,-2.99,189078.63,72837.113,3.97,135607.97,4.11,102975.22,4.3,67984.78,4.87,73537.76,5.02,75375.55,4.59,70312.71,4.07,110484.38,4.18,84856.07,4.27,70770.39,4.49,76665.37,4.77,72709.9
357,002562.SZ,20210714,4.04,4.06,3.99,4.01,4.04,-0.03000000000000025,-0.74,93084.04,37556.514,3.98,155136.96,4.15,95504.09,4.32,63921.26,4.88,72793.19,5.03,74678.85,4.61,68369.67,4.1,96940.63,4.2,76770.54,4.29,65939.17,4.51,74797.6,4.78,71646.74
358,002562.SZ,20210713,3.97,4.08,3.95,4.04,3.97,0.06999999999999984,1.76,123166.67,49549.154,4.02,142101.91,4.17,91145.06,4.34,63234.62,4.9,72960.09,5.04,74473.15,4.62,67839.34,4.12,100076.61,4.22,74082.7,4.31,64559.35,4.53,73882.61,4.79,71552.02
359,002562.SZ,20210712,3.95,3.98,3.92,3.97,3.95,0.020000000000000018,0.51,124970.59,49342.243,4.06,124246.5,4.19,84544.93,4.35,60937.81,4.91,73141.7,5.05,74175.58,4.64,66944.04,4.15,93334.86,4.24,71120.38,4.33,61998.63,4.54,72309.15,4.8,70930.04
360,002562.SZ,20210709,3.95,3.98,3.9,3.95,3.95,0.0,0.0,147739.92,58248.777,4.12,107730.42,4.21,77535.97,4.37,58494.55,4.92,73663.18,5.06,73865.7,4.65,65985.44,4.19,90033.19,4.26,67168.85,4.35,59372.75,4.56,70789.67,4.8,70673.34
361,002562.SZ,20210708,4.13,4.2,3.93,3.95,4.21,-0.2599999999999998,-6.18,286723.58,114756.422,4.17,85360.8,4.24,70204.24,4.39,55056.81,4.94,73117.16,5.07,73660.56,4.67,64685.7,4.22,78900.86,4.29,61588.01,4.37,56145.39,4.58,69144.16,4.81,69935.1
362,002562.SZ,20210707,4.21,4.25,4.2,4.21,4.24,-0.03000000000000025,-0.71,27908.8,11774.947,4.22,38744.3,4.26,51754.18,4.41,47938.94,4.95,71560.83,5.08,72479.13,4.68,61470.6,4.26,53965.0,4.32,50065.04,4.39,48912.54,4.6,65247.12,4.82,68291.41
363,002562.SZ,20210706,4.22,4.27,4.19,4.24,4.24,0.0,0.0,33889.6,14312.186,4.22,58051.3,4.27,54188.39,4.42,49367.8,4.96,71877.92,5.1,72755.06,4.69,61942.22,4.26,54559.53,4.33,50611.65,4.4,49484.76,4.61,66471.22,4.83,68756.79
364,002562.SZ,20210705,4.19,4.26,4.18,4.24,4.19,0.04999999999999982,1.19,42390.2,17882.119,4.24,62423.22,4.28,53686.73,4.43,49708.0,4.97,72051.24,5.11,72974.52,4.7,62034.01,4.27,56413.31,4.35,51088.46,4.41,49751.77,4.62,66605.0,4.84,69583.01
365,002562.SZ,20210702,4.22,4.23,4.16,4.19,4.21,-0.019999999999999574,-0.48,35891.8,15007.88,4.27,72335.96,4.29,53451.12,4.44,50353.01,4.98,72197.55,5.12,73138.09,4.71,62286.1,4.27,56861.57,4.36,50958.28,4.42,49367.31,4.64,66789.94,4.85,70181.83
366,002562.SZ,20210701,4.19,4.24,4.15,4.21,4.2,0.009999999999999787,0.24,53641.09,22529.834,4.28,72440.92,4.31,55607.16,4.45,51660.4,5.0,72425.49,5.13,73510.08,4.72,62428.17,4.29,59227.75,4.37,50913.39,4.43,49661.46,4.65,66767.75,4.86,70376.6
367,002562.SZ,20210630,4.3,4.3,4.13,4.2,4.34,-0.13999999999999968,-3.23,124443.8,52180.102,4.29,69185.7,4.33,55014.77,4.46,52653.85,5.01,72460.28,5.14,73738.95,4.74,62329.64,4.3,56600.44,4.39,50438.44,4.45,50423.09,4.66,66303.71,4.87,70577.72
368,002562.SZ,20210629,4.37,4.4,4.32,4.34,4.4,-0.0600000000000005,-1.36,55749.2,24256.697,4.31,51067.77,4.35,48220.86,4.48,50721.73,5.02,72263.02,5.15,73489.51,4.75,61463.29,4.32,48088.79,4.41,46800.72,4.46,47790.17,4.68,64684.69,4.87,69967.45
369,002562.SZ,20210628,4.27,4.46,4.26,4.4,4.26,0.14000000000000057,3.29,91953.92,40246.824,4.31,50403.41,4.37,48260.48,4.48,50748.48,5.03,72888.82,5.16,73661.5,4.76,61965.15,4.32,48905.9,4.42,46330.52,4.47,48075.89,4.69,64566.72,4.88,70301.83
370,002562.SZ,20210625,4.26,4.28,4.26,4.26,4.26,0.0,0.0,36416.6,15555.763,4.28,41387.18,4.37,44174.87,4.48,49548.28,5.04,72924.09,5.18,73870.15,4.77,61924.06,4.33,44304.51,4.42,44042.53,4.47,47688.86,4.69,63490.98,4.89,70092.76
371,002562.SZ,20210624,4.28,4.3,4.26,4.26,4.3,-0.040000000000000036,-0.93,37365.0,15973.325,4.29,46014.58,4.39,44714.05,4.49,52699.12,5.05,73032.4,5.19,74276.0,4.78,62441.92,4.36,44275.15,4.44,44767.65,4.49,49388.91,4.71,63440.08,4.9,70676.28
372,002562.SZ,20210623,4.31,4.33,4.28,4.3,4.32,-0.020000000000000462,-0.46,33854.12,14545.905,4.31,44015.18,4.41,44900.32,4.5,53632.13,5.06,73154.8,5.2,74958.69,4.79,62694.94,4.38,46165.07,4.46,46386.32,4.5,50101.8,4.72,63539.84,4.91,71119.04
373,002562.SZ,20210622,4.27,4.35,4.25,4.32,4.26,0.0600000000000005,1.41,52427.4,22602.613,4.32,45109.81,4.42,44988.0,4.51,55639.18,5.07,73322.03,5.21,75944.25,4.8,63119.87,4.4,46663.76,4.47,46947.37,4.51,50861.96,4.73,63864.09,4.92,71419.99
374,002562.SZ,20210621,4.29,4.3,4.25,4.26,4.3,-0.040000000000000036,-0.93,46872.8,20007.133,4.34,47408.39,4.44,44350.68,4.52,62309.28,5.08,73529.3,5.22,76768.27,4.81,63503.65,4.42,45763.61,4.48,46420.99,4.51,50819.28,4.74,63923.95,4.93,71545.22
375,002562.SZ,20210618,4.37,4.38,4.25,4.3,4.37,-0.07000000000000028,-1.6,59553.6,25555.439,4.38,47221.84,4.46,44721.18,4.55,64638.3,5.1,73946.62,5.24,77869.15,4.82,64080.83,4.44,45054.99,4.49,45620.18,4.52,54041.69,4.76,64027.34,4.94,71755.7
376,002562.SZ,20210617,4.36,4.41,4.36,4.37,4.37,0.0,0.0,27368.0,11976.487,4.42,42535.72,4.48,43705.15,4.58,69502.72,5.11,74081.18,5.25,78518.06,4.84,64324.13,4.46,42599.02,4.5,44878.31,4.53,54359.49,4.77,63872.43,4.96,71907.71
377,002562.SZ,20210616,4.4,4.43,4.35,4.37,4.4,-0.03000000000000025,-0.68,39327.27,17184.138,4.46,48314.96,4.49,45153.32,4.6,77151.35,5.12,74301.41,5.26,78968.44,4.85,64838.45,4.48,44276.44,4.52,47334.41,4.54,56850.34,4.78,64176.15,4.97,72237.71
378,002562.SZ,20210615,4.48,4.49,4.4,4.4,4.48,-0.08000000000000007,-1.79,63920.3,28301.377,4.48,48217.71,4.51,46044.98,4.62,77464.07,5.13,74451.89,5.27,79474.41,4.86,65822.46,4.49,45512.65,4.53,47640.87,4.55,64846.46,4.79,64575.36,4.98,72267.61
379,002562.SZ,20210611,4.5,4.52,4.46,4.48,4.5,-0.019999999999999574,-0.44,45940.03,20606.404,4.5,44118.82,4.52,46492.52,4.64,76877.59,5.14,74557.62,5.28,80466.95,4.87,66694.28,4.51,43755.14,4.54,47660.88,4.58,66917.77,4.81,64189.6,4.99,72125.54
380,002562.SZ,20210610,4.53,4.54,4.49,4.5,4.53,-0.03000000000000025,-0.66,36123.0,16271.677,4.5,42888.13,4.53,46426.0,4.65,77034.89,5.15,74920.55,5.29,82762.93,4.88,68064.21,4.51,43780.55,4.54,49381.03,4.6,72884.57,4.81,64445.54,5.0,72631.34
381,002562.SZ,20210609,4.5,4.53,4.48,4.53,4.49,0.040000000000000036,0.89,56264.2,25411.271,4.5,42662.32,4.53,46870.37,4.67,77441.17,5.16,75199.08,5.29,83193.7,4.89,69140.64,4.52,45260.15,4.55,51945.78,4.63,81261.18,4.82,64619.28,5.01,73012.49
382,002562.SZ,20210608,4.49,4.5,4.45,4.49,4.48,0.009999999999999787,0.22,38841.0,17367.939,4.49,40237.93,4.53,44915.93,4.69,77466.42,5.17,75303.75,5.3,83321.13,4.89,69658.68,4.53,46607.56,4.56,52070.16,4.64,81051.03,4.83,64452.4,5.02,73519.6
383,002562.SZ,20210607,4.5,4.51,4.47,4.48,4.48,0.0,0.0,43425.87,19445.472,4.51,42807.59,4.53,45367.88,4.7,78589.1,5.17,75439.03,5.31,83592.43,4.9,70120.87,4.53,47230.98,4.56,52961.06,4.66,81222.32,4.84,64796.17,5.03,74440.24
384,002562.SZ,20210604,4.52,4.52,4.48,4.48,4.52,-0.03999999999999915,-0.88,39786.59,17869.599,4.52,43391.46,4.55,47911.27,4.72,78434.95,5.18,75643.55,5.32,83910.72,4.91,70246.18,4.54,47078.38,4.56,53347.12,4.68,81484.4,4.85,65628.88,5.05,75745.55
385,002562.SZ,20210603,4.5,4.54,4.49,4.52,4.5,0.019999999999999574,0.44,34993.93,15803.588,4.53,44672.97,4.55,48347.41,4.73,78110.61,5.19,75871.43,5.33,84308.99,4.91,70284.72,4.54,46185.37,4.56,58535.05,4.69,81822.74,4.86,66446.98,5.06,75989.95
386,002562.SZ,20210602,4.56,4.56,4.5,4.5,4.55,-0.04999999999999982,-1.1,44142.24,19983.016,4.54,47857.97,4.56,50603.3,4.75,78075.54,5.2,76413.63,5.34,84891.91,4.92,70365.45,4.55,47157.6,4.56,60239.72,4.71,82560.36,4.87,67118.01,5.07,76220.1
387,002562.SZ,20210601,4.52,4.55,4.49,4.55,4.53,0.019999999999999574,0.44,51689.32,23341.703,4.56,52977.19,4.57,53387.98,4.76,78218.7,5.21,76711.69,5.35,85215.66,4.92,70558.84,4.56,50392.37,4.57,63137.3,4.73,83656.03,4.88,67321.33,5.08,76465.33
388,002562.SZ,20210531,4.53,4.55,4.51,4.53,4.53,0.0,0.0,46345.2,20970.293,4.56,51654.37,4.58,56136.35,4.78,78254.35,5.22,76870.38,5.35,85799.78,4.93,71050.16,4.56,49769.08,4.58,74513.37,4.75,83205.87,4.89,67555.25,5.09,76524.97
389,002562.SZ,20210528,4.59,4.59,4.53,4.53,4.59,-0.05999999999999961,-1.31,46194.18,21032.732,4.55,50765.29,4.58,57090.7,4.79,79872.27,5.23,77041.44,5.36,86371.96,4.93,70982.77,4.57,51566.62,4.61,78499.09,4.76,82619.67,4.9,68136.35,5.1,76667.59
390,002562.SZ,20210527,4.6,4.61,4.56,4.59,4.6,-0.009999999999999787,-0.22,50918.93,23306.485,4.56,47697.76,4.58,57895.68,4.81,79746.45,5.24,77207.0,5.37,86925.08,4.94,71007.26,4.58,54981.5,4.65,87436.57,4.78,82206.58,4.91,68869.13,5.11,76855.26
391,002562.SZ,20210526,4.56,4.65,4.55,4.6,4.53,0.0699999999999994,1.55,69738.33,32092.786,4.55,46457.23,4.57,57913.23,4.82,79821.97,5.25,77539.21,5.38,87368.88,4.94,71339.05,4.59,58631.42,4.68,99261.69,4.79,82142.93,4.92,69317.16,5.12,76919.7
392,002562.SZ,20210525,4.53,4.55,4.51,4.53,4.52,0.010000000000000675,0.22,45075.23,20383.669,4.56,47807.55,4.56,63590.68,4.83,78787.33,5.27,77696.02,5.39,87714.39,4.95,71309.43,4.58,57532.77,4.7,98272.76,4.8,81581.7,4.93,69253.89,5.14,77138.87
393,002562.SZ,20210524,4.56,4.56,4.5,4.52,4.55,-0.03000000000000025,-0.66,41899.8,18931.196,4.57,47883.79,4.57,65437.77,4.84,78220.37,5.28,77954.45,5.4,88437.37,4.95,71434.76,4.58,58691.13,4.72,98217.99,4.82,83457.68,4.94,70388.1,5.15,77978.78
394,002562.SZ,20210521,4.6,4.61,4.54,4.55,4.57,-0.020000000000000462,-0.44,30856.5,14088.022,4.58,52367.94,4.58,70068.07,4.86,77791.05,5.29,78252.48,5.41,89334.6,4.96,71710.77,4.58,59615.87,4.75,98687.42,4.84,83458.23,4.96,71844.88,5.16,78438.22
395,002562.SZ,20210520,4.63,4.63,4.54,4.57,4.65,-0.08000000000000007,-1.72,44716.27,20423.934,4.6,62265.25,4.59,89172.25,4.87,78315.0,5.3,78921.64,5.42,90081.91,4.97,72923.42,4.57,70884.73,4.77,99641.42,4.86,84212.57,4.97,73808.68,5.17,78614.53
396,002562.SZ,20210519,4.6,4.7,4.59,4.65,4.56,0.09000000000000075,1.97,76489.97,35505.056,4.62,70805.62,4.64,95429.43,4.88,77805.97,5.31,79340.31,5.43,90981.36,4.98,74006.28,4.58,73321.85,4.79,100261.74,4.87,83874.05,4.98,75011.0,5.18,78700.15
397,002562.SZ,20210518,4.55,4.57,4.51,4.56,4.55,0.009999999999999787,0.22,45456.42,20630.062,4.6,67257.98,4.69,106848.95,4.89,76537.52,5.33,79869.82,5.45,91597.97,4.98,74601.85,4.58,75882.22,4.82,100287.86,4.88,82184.34,4.98,75321.47,5.19,78545.52
398,002562.SZ,20210517,4.62,4.64,4.52,4.55,4.66,-0.11000000000000032,-2.36,64320.55,29322.912,4.6,69498.47,4.74,125461.64,4.9,76475.59,5.34,80945.91,5.46,92247.3,4.99,76682.82,4.59,99257.66,4.84,99924.26,4.89,81579.22,4.99,75788.94,5.2,78852.33
399,002562.SZ,20210514,4.66,4.75,4.61,4.66,4.66,0.0,0.0,80343.02,37608.08,4.59,66863.79,4.77,124356.97,4.92,76151.73,5.35,81830.41,5.47,93051.7,5.01,77995.13,4.66,105431.56,4.86,98146.2,4.91,81057.56,5.0,75597.34,5.21,79207.72
400,002562.SZ,20210513,4.55,4.71,4.55,4.66,4.59,0.07000000000000028,1.53,87418.15,40549.548,4.55,79504.22,4.8,121559.79,4.93,75436.32,5.36,82889.97,5.48,93699.08,5.01,77513.49,4.72,119891.64,4.87,95819.13,4.92,79293.1,5.0,74969.57,5.22,79195.95
401,002562.SZ,20210512,4.52,4.61,4.48,4.59,4.52,0.07000000000000028,1.55,58751.78,26733.408,4.54,75838.07,4.82,118780.58,4.94,74426.25,5.37,83458.04,5.5,94805.56,5.02,77019.64,4.77,139891.96,4.89,93898.69,4.93,77491.25,5.0,74196.74,5.23,78959.81
402,002562.SZ,20210511,4.51,4.53,4.45,4.52,4.5,0.019999999999999574,0.44,56658.86,25450.237,4.55,84506.45,4.86,118102.49,4.96,74176.47,5.38,83768.67,5.51,97031.92,5.02,77056.27,4.81,139012.76,4.91,93606.17,4.94,76977.89,5.01,74194.98,5.24,78978.51
403,002562.SZ,20210510,4.49,4.52,4.45,4.5,4.46,0.040000000000000036,0.9,51147.13,22955.007,4.59,129016.85,4.9,118138.16,4.97,73850.95,5.39,84242.12,5.52,98297.91,5.02,77390.38,4.86,137744.85,4.95,95840.95,4.96,76866.23,5.02,74726.32,5.25,79165.9
404,002562.SZ,20210507,4.62,4.65,4.44,4.46,4.62,-0.16000000000000014,-3.46,143545.17,64785.537,4.73,143999.33,4.94,120127.78,4.99,74207.79,5.4,85495.69,5.54,100095.83,5.03,77355.47,4.91,137758.97,4.97,95379.42,4.98,77028.63,5.02,74562.04,5.27,79558.03
405,002562.SZ,20210506,4.66,4.69,4.61,4.62,4.65,-0.03000000000000025,-0.65,69087.4,32026.296,4.89,160279.06,4.98,112023.13,5.01,71185.13,5.42,87512.46,5.55,101315.1,5.04,76697.09,4.97,128398.12,5.0,90876.49,5.0,74012.98,5.03,72970.14,5.28,78997.07
406,002562.SZ,20210430,4.65,4.73,4.63,4.65,4.73,-0.08000000000000007,-1.69,102093.7,47593.908,5.01,203945.85,5.01,108920.96,5.02,70955.98,5.42,87789.09,5.57,101881.51,5.04,76564.61,5.01,127201.63,5.02,89150.15,5.01,73385.38,5.03,73082.07,5.29,79015.82
407,002562.SZ,20210429,5.04,5.04,4.69,4.73,5.21,-0.47999999999999954,-9.21,279210.83,133337.932,5.07,193519.07,5.04,103667.72,5.03,69322.27,5.43,87620.38,5.58,102643.4,5.05,76396.43,5.06,124693.49,5.03,85335.4,5.03,71501.96,5.04,72505.79,5.3,78651.04
408,002562.SZ,20210428,5.19,5.25,5.14,5.21,5.26,-0.04999999999999982,-0.95,126059.56,65382.286,5.13,146472.86,5.06,85959.92,5.04,62470.52,5.44,86269.55,5.59,102729.37,5.06,73790.36,5.08,100590.87,5.04,72739.99,5.04,64304.26,5.05,68760.19,5.31,76931.59
409,002562.SZ,20210427,5.1,5.3,5.05,5.26,5.18,0.08000000000000007,1.54,224943.83,117062.02,5.08,131518.61,5.05,80332.37,5.03,60511.92,5.45,86069.25,5.61,103389.78,5.06,73883.37,5.06,90860.83,5.03,68870.57,5.03,61461.43,5.04,67702.54,5.31,76486.11
410,002562.SZ,20210426,5.09,5.47,5.09,5.18,4.97,0.20999999999999996,4.23,287421.31,151455.667,5.04,96517.17,5.04,70825.5,5.02,56642.65,5.45,85250.86,5.61,103261.22,5.06,72407.43,5.03,71746.61,5.01,58993.83,5.03,56006.52,5.04,65983.56,5.32,75553.84
411,002562.SZ,20210423,5.03,5.03,4.93,4.97,5.01,-0.040000000000000036,-0.8,49959.81,24815.226,5.02,50457.42,5.03,51940.5,5.02,50802.97,5.46,84182.0,5.62,102417.15,5.06,69365.34,5.01,47905.42,5.01,46290.9,5.02,47977.39,5.04,63292.06,5.32,73884.18
412,002562.SZ,20210422,5.01,5.03,4.99,5.01,5.0,0.009999999999999787,0.2,43979.8,22022.264,5.04,55867.92,5.03,52211.8,5.03,51546.97,5.46,84521.56,5.63,103740.5,5.06,69736.21,5.02,48199.58,5.01,45960.45,5.02,47853.77,5.05,64478.69,5.33,74089.02
413,002562.SZ,20210421,5.04,5.06,4.98,5.0,5.03,-0.03000000000000025,-0.6,51288.32,25756.252,5.03,54708.88,5.03,51487.24,5.03,51910.55,5.47,85260.64,5.64,105548.07,5.06,69832.63,5.03,53937.06,5.01,46426.92,5.02,48370.02,5.05,67104.51,5.34,74314.01
414,002562.SZ,20210420,5.07,5.11,5.03,5.03,5.08,-0.04999999999999982,-0.98,49936.6,25287.032,5.03,50203.05,5.02,49526.5,5.04,52335.14,5.48,85897.82,5.66,106477.5,5.06,70427.12,5.04,52999.86,5.01,46663.45,5.02,49773.36,5.06,68962.1,5.35,74470.22
415,002562.SZ,20210419,5.07,5.11,5.05,5.08,5.08,0.0,0.0,57122.56,29055.872,5.02,46976.05,5.02,47785.44,5.04,53254.98,5.48,86520.99,5.67,107992.92,5.07,70652.85,5.04,53354.87,5.01,46820.42,5.03,51071.22,5.06,68866.83,5.36,74877.07
416,002562.SZ,20210416,4.95,5.11,4.94,5.08,4.96,0.1200000000000001,2.42,77012.31,38768.991,5.0,45353.42,5.0,47135.32,5.04,54226.7,5.49,86998.75,5.68,109675.96,5.07,71310.4,5.02,51098.67,5.01,46477.25,5.03,51675.66,5.06,68754.43,5.37,75170.37
417,002562.SZ,20210415,5.0,5.0,4.94,4.96,5.01,-0.04999999999999982,-1.0,38184.6,18934.245,5.0,40531.24,5.0,43319.68,5.05,54249.9,5.5,87353.73,5.69,111432.48,5.08,71490.18,5.01,45977.3,5.01,44906.19,5.03,50986.64,5.05,68495.89,5.38,75214.35
418,002562.SZ,20210414,4.96,5.03,4.94,5.01,4.96,0.04999999999999982,1.01,28759.2,14343.268,5.03,53165.23,5.0,42948.77,5.05,55066.29,5.51,88250.08,5.7,114572.03,5.08,71913.96,5.01,44889.12,5.02,46160.96,5.04,51904.62,5.05,69221.43,5.39,75602.94
419,002562.SZ,20210413,4.98,5.01,4.95,4.96,4.98,-0.020000000000000462,-0.4,33801.6,16784.153,5.04,55796.67,5.0,44071.2,5.06,57547.73,5.52,89394.33,5.72,118126.1,5.09,72429.91,5.0,46880.3,5.02,46761.72,5.04,53653.02,5.05,69550.92,5.4,76423.41
420,002562.SZ,20210412,5.08,5.08,4.97,4.98,5.08,-0.09999999999999964,-1.97,49009.4,24572.329,5.05,59733.68,5.0,45571.78,5.07,60356.7,5.53,90250.93,5.73,121499.55,5.1,72940.96,5.0,46241.04,5.03,48136.47,5.05,55531.67,5.05,70557.01,5.41,77016.76
421,002562.SZ,20210409,5.12,5.12,5.06,5.08,5.13,-0.04999999999999982,-0.97,52901.41,26878.2,5.05,56843.92,5.01,46110.98,5.07,63288.32,5.54,91276.72,5.75,125588.99,5.12,73324.76,5.0,44676.38,5.03,48013.37,5.06,56491.39,5.05,70726.03,5.42,77881.18
422,002562.SZ,20210408,5.07,5.14,5.07,5.13,5.04,0.08999999999999986,1.79,101354.55,51760.087,5.02,51423.36,5.01,46124.4,5.08,65169.32,5.55,92164.2,5.76,128776.92,5.12,73512.32,4.99,43721.32,5.02,47680.86,5.06,56926.07,5.05,71335.69,5.43,79110.46
423,002562.SZ,20210407,5.05,5.06,5.0,5.04,5.03,0.009999999999999787,0.2,41916.4,21100.936,4.98,36613.01,5.0,42193.99,5.08,64985.88,5.56,92538.07,5.77,131296.68,5.13,72733.13,4.98,38916.78,5.02,45586.51,5.06,57318.53,5.05,71042.37,5.44,79863.23
424,002562.SZ,20210406,4.96,5.06,4.96,5.03,4.96,0.07000000000000028,1.41,53486.64,26811.731,4.96,37963.93,5.01,42476.67,5.07,65914.96,5.57,93637.71,5.78,133605.62,5.14,72799.2,4.98,40327.04,5.02,48160.11,5.07,60231.54,5.06,72561.01,5.45,81454.93
425,002562.SZ,20210402,4.95,4.99,4.92,4.96,4.96,0.0,0.0,34560.58,17108.456,4.95,32748.4,5.01,43230.0,5.07,65895.48,5.58,94583.98,5.79,137852.76,5.15,73507.86,4.99,40285.96,5.02,49929.39,5.07,63404.8,5.06,73573.71,5.46,82419.38
426,002562.SZ,20210401,4.93,4.96,4.9,4.96,4.93,0.03000000000000025,0.61,25798.61,12750.821,4.96,32508.84,5.02,43707.99,5.07,66134.19,5.6,96249.63,5.81,143201.43,5.16,74138.52,5.0,41855.83,5.03,51964.15,5.08,66147.95,5.07,73985.44,5.47,82993.72
427,002562.SZ,20210331,4.91,4.96,4.9,4.93,4.91,0.019999999999999574,0.41,27302.8,13468.047,4.96,36019.28,5.02,46438.6,5.07,66582.72,5.61,99091.35,5.82,148895.32,5.18,75356.11,5.01,43835.09,5.04,53491.3,5.09,68458.59,5.07,74851.72,5.48,83819.03
428,002562.SZ,20210330,5.0,5.01,4.91,4.91,4.99,-0.08000000000000007,-1.6,48671.0,24009.479,4.98,41220.56,5.03,47918.96,5.06,67504.59,5.62,100780.99,5.84,153502.99,5.19,76982.98,5.03,47432.8,5.05,55412.38,5.09,69998.66,5.07,75250.2,5.49,85522.01
429,002562.SZ,20210329,4.99,5.03,4.97,4.99,5.01,-0.019999999999999574,-0.4,27409.0,13684.852,5.01,42690.16,5.04,47732.82,5.07,68677.17,5.64,102908.24,5.85,156929.63,5.2,79001.54,5.04,46643.15,5.06,57039.38,5.09,70137.11,5.08,76036.93,5.5,88732.76
430,002562.SZ,20210326,5.0,5.02,4.96,5.01,4.98,0.02999999999999936,0.6,33362.8,16665.026,5.03,47823.53,5.04,50198.85,5.06,69085.46,5.65,105145.69,5.86,161039.85,5.21,79557.61,5.05,50031.91,5.08,60176.99,5.09,70646.04,5.08,76694.55,5.51,89412.04
431,002562.SZ,20210325,4.99,5.01,4.95,4.98,4.99,-0.009999999999999787,-0.2,43350.8,21593.066,5.05,51202.81,5.04,54816.21,5.06,69516.88,5.66,106058.53,5.87,166676.95,5.23,79947.6,5.05,51350.37,5.09,62398.89,5.08,70902.23,5.09,77912.48,5.51,89782.35
432,002562.SZ,20210324,5.05,5.06,4.98,4.99,5.06,-0.0699999999999994,-1.38,53309.2,26717.97,5.06,51650.89,5.05,58317.87,5.06,70471.36,5.68,107360.63,5.89,177184.72,5.24,80350.52,5.05,51640.41,5.09,63528.45,5.08,71412.08,5.1,78698.23,5.52,90126.85
433,002562.SZ,20210323,5.12,5.15,5.04,5.06,5.12,-0.0600000000000005,-1.17,56019.0,28444.968,5.08,53645.04,5.07,60006.07,5.06,70889.23,5.69,109030.28,5.9,177350.0,5.25,80424.35,5.05,52256.23,5.1,66519.4,5.08,72586.4,5.11,78975.89,5.53,90492.74
434,002562.SZ,20210322,5.07,5.12,5.06,5.12,5.08,0.040000000000000036,0.79,53075.84,27056.787,5.08,50596.14,5.07,60030.88,5.06,70843.82,5.71,110291.74,5.91,180290.82,5.26,80523.55,5.05,55993.17,5.11,70183.78,5.07,72095.46,5.12,79166.49,5.54,90918.38
435,002562.SZ,20210319,5.06,5.11,5.02,5.08,5.06,0.020000000000000462,0.4,50259.23,25493.419,5.07,52240.28,5.08,61003.84,5.05,71123.96,5.72,111334.39,5.92,182444.21,5.27,80732.08,5.05,59572.82,5.12,74964.21,5.06,71927.3,5.13,79484.06,5.55,91588.63
436,002562.SZ,20210318,5.09,5.11,5.05,5.06,5.1,-0.040000000000000036,-0.78,45591.2,23121.519,5.05,51497.93,5.08,63384.75,5.05,73228.25,5.73,111990.74,5.93,185637.0,5.28,80843.98,5.06,62072.48,5.12,78294.02,5.06,72778.77,5.14,79942.99,5.55,91993.6
437,002562.SZ,20210317,5.05,5.12,4.99,5.1,5.05,0.04999999999999982,0.99,63279.94,32074.907,5.04,51629.93,5.09,66813.21,5.06,75591.18,5.74,113574.17,5.93,187023.62,5.29,81516.6,5.07,63147.52,5.12,80770.35,5.05,73509.62,5.15,80299.28,5.56,92867.07
438,002562.SZ,20210316,5.03,5.08,5.02,5.05,5.04,0.009999999999999787,0.2,40774.49,20594.653,5.02,50867.42,5.1,67930.21,5.06,77293.47,5.75,115561.52,5.94,188676.29,5.3,82617.73,5.07,63391.95,5.11,81281.6,5.05,73216.12,5.16,79959.86,5.57,93531.76
439,002562.SZ,20210315,5.01,5.07,4.97,5.04,4.99,0.04999999999999982,1.0,61296.56,30743.162,5.02,61390.19,5.11,69866.16,5.07,82021.54,5.77,116725.33,5.94,190012.1,5.32,83367.84,5.08,67435.62,5.11,81884.09,5.05,73943.66,5.17,80061.47,5.58,94355.91
440,002562.SZ,20210312,5.02,5.02,4.96,4.99,5.03,-0.040000000000000036,-0.8,46547.44,23248.654,5.04,66905.36,5.12,73853.21,5.08,85005.29,5.78,118424.96,5.94,190753.15,5.33,83244.06,5.1,70322.08,5.1,80953.1,5.05,75960.61,5.18,80817.14,5.59,94894.45
441,002562.SZ,20210311,4.96,5.03,4.96,5.03,4.97,0.0600000000000005,1.21,46251.2,23133.856,5.08,72647.03,5.14,80219.3,5.08,84936.84,5.79,120473.63,5.95,192118.59,5.34,83356.64,5.12,73447.42,5.1,80678.16,5.06,78606.72,5.2,81405.69,5.6,95574.29
442,002562.SZ,20210310,5.08,5.09,4.96,4.97,5.05,-0.08000000000000007,-1.58,59467.4,29704.079,5.09,74665.11,5.15,88098.79,5.08,85058.24,5.81,122748.71,5.95,192984.79,5.35,83512.42,5.14,75416.49,5.09,81297.92,5.07,81103.6,5.21,82586.8,5.61,96582.69
443,002562.SZ,20210309,5.16,5.19,4.96,5.05,5.16,-0.11000000000000032,-2.13,93388.37,47352.207,5.13,75916.48,5.17,92513.24,5.08,85118.01,5.82,126285.53,5.95,193147.71,5.36,83816.51,5.16,80782.57,5.09,82751.49,5.08,85838.99,5.23,84084.31,5.62,97699.89
444,002562.SZ,20210308,5.22,5.28,5.15,5.16,5.19,-0.03000000000000025,-0.58,88872.4,46391.797,5.15,73481.04,5.17,92646.27,5.07,84774.74,5.84,130007.82,5.95,193207.0,5.37,83997.56,5.18,84374.4,5.08,80146.61,5.09,88150.85,5.25,85862.22,5.63,98231.25
445,002562.SZ,20210305,5.08,5.22,5.08,5.19,5.1,0.09000000000000075,1.76,75255.8,38854.778,5.16,73738.8,5.15,91464.16,5.07,83588.16,5.85,133584.49,5.95,193226.48,5.38,83865.01,5.18,90355.61,5.07,78104.54,5.09,86662.44,5.26,85532.92,5.64,99130.0
446,002562.SZ,20210304,5.13,5.16,5.09,5.1,5.16,-0.0600000000000005,-1.16,56341.6,28820.288,5.17,74247.8,5.14,89738.66,5.06,84144.36,5.87,138201.64,5.95,193413.62,5.39,83649.34,5.18,94515.55,5.05,78131.91,5.08,85833.21,5.27,85322.19,5.65,100008.69
447,002562.SZ,20210303,5.12,5.17,5.09,5.16,5.13,0.03000000000000025,0.58,65724.25,33792.656,5.18,76167.87,5.12,88687.53,5.06,84226.99,5.88,141919.14,5.95,193759.71,5.4,83711.41,5.18,98393.17,5.05,78690.67,5.08,86005.14,5.28,85609.33,5.67,100832.44
448,002562.SZ,20210302,5.22,5.24,5.09,5.13,5.24,-0.11000000000000032,-2.1,81211.13,41818.116,5.18,85648.65,5.1,86789.4,5.06,84925.71,5.9,145123.79,5.96,193879.15,5.41,83890.36,5.16,99171.24,5.04,78128.21,5.06,86538.23,5.29,85494.7,5.68,101953.61
449,002562.SZ,20210301,5.22,5.28,5.19,5.24,5.2,0.040000000000000036,0.77,90161.2,47122.329,5.2,95267.76,5.08,85053.65,5.06,85000.54,5.91,147560.71,5.96,194103.12,5.42,84116.9,5.14,96332.56,5.04,77197.68,5.06,85448.82,5.31,85198.83,5.69,102858.11
450,002562.SZ,20210226,5.11,5.25,5.08,5.2,5.15,0.04999999999999982,0.97,77800.84,40319.178,5.19,106972.41,5.06,84928.85,5.07,86261.54,5.92,152290.52,5.96,194778.72,5.43,83931.16,5.11,91584.13,5.03,78779.87,5.05,85582.34,5.32,84841.39,5.71,104393.54
451,002562.SZ,20210225,5.18,5.21,5.1,5.15,5.17,-0.019999999999999574,-0.39,65941.94,33868.998,5.2,114783.3,5.04,82120.38,5.07,87333.53,5.94,158267.5,5.96,195099.31,5.44,83844.98,5.07,87908.9,5.03,81186.38,5.05,84960.68,5.33,84522.24,5.72,107370.26
452,002562.SZ,20210224,5.23,5.32,5.14,5.17,5.26,-0.08999999999999986,-1.71,113128.16,59028.983,5.18,120618.48,5.02,80742.62,5.07,87137.13,5.95,164671.13,5.96,195149.47,5.44,83743.36,5.04,87179.34,5.04,83947.16,5.04,85745.3,5.34,85023.84,5.73,109075.83
453,002562.SZ,20210223,5.14,5.32,5.1,5.26,5.18,0.08000000000000007,1.54,129306.64,67499.318,5.13,112693.83,4.99,77871.47,5.07,86097.34,5.97,169482.73,5.96,195014.22,5.45,83206.67,5.02,84720.41,5.04,88367.2,5.05,84766.2,5.35,85569.45,5.75,111091.39
454,002562.SZ,20210222,5.23,5.32,5.18,5.18,5.22,-0.040000000000000036,-0.77,148684.49,78133.432,5.07,97397.36,4.97,73118.4,5.06,83800.42,5.98,172944.32,5.96,194692.44,5.46,82450.61,4.99,75918.82,5.05,90039.08,5.05,84890.49,5.36,85031.55,5.76,112927.18
455,002562.SZ,20210219,5.1,5.25,5.06,5.22,5.08,0.13999999999999968,2.76,116855.28,60060.279,5.02,76195.84,4.96,65871.52,5.06,82247.2,5.99,176925.92,5.96,194416.25,5.47,81975.76,4.96,65853.48,5.04,84815.86,5.05,83742.63,5.38,83420.37,5.78,113061.57
456,002562.SZ,20210218,4.96,5.08,4.96,5.08,4.92,0.16000000000000014,3.25,95117.81,47806.682,4.95,61034.5,4.95,61698.08,5.06,80776.94,6.0,182961.87,5.96,194610.32,5.48,81578.53,4.93,61748.28,5.03,81492.04,5.05,81822.93,5.39,82389.29,5.79,114011.56
457,002562.SZ,20210210,4.95,4.97,4.87,4.92,4.97,-0.04999999999999982,-1.01,73504.91,36099.156,4.9,53740.21,4.94,63750.94,5.07,81109.9,6.02,194934.42,5.96,194467.01,5.49,81304.16,4.91,58988.16,5.02,79811.12,5.05,81244.85,5.4,81769.57,5.81,115666.74
458,002562.SZ,20210209,4.88,4.98,4.86,4.97,4.9,0.0699999999999994,1.43,52824.31,26037.318,4.92,56746.99,4.97,67783.72,5.09,81609.63,6.04,194988.14,5.96,194429.96,5.51,81270.48,4.93,57085.17,5.02,80221.73,5.06,80501.73,5.41,81915.73,5.83,117034.77
459,002562.SZ,20210208,4.87,4.92,4.83,4.9,4.86,0.040000000000000036,0.82,42676.89,20816.241,4.9,54440.28,4.99,73040.12,5.11,82113.88,6.05,198461.7,5.96,194666.67,5.52,81499.94,4.93,58062.8,5.02,80006.95,5.06,81936.75,5.43,82818.1,5.84,118288.05
460,002562.SZ,20210205,4.9,4.97,4.83,4.86,4.87,-0.009999999999999787,-0.21,41048.6,20049.521,4.9,55511.12,5.02,85259.51,5.13,82842.64,6.06,201061.17,5.97,194992.86,5.54,82247.69,4.95,65975.61,5.02,82581.45,5.08,82743.06,5.45,83422.34,5.86,119138.85
461,002562.SZ,20210204,4.96,5.03,4.86,4.87,4.98,-0.11000000000000032,-2.21,58646.33,28818.219,4.91,62462.05,5.07,94620.71,5.16,83756.81,6.07,204872.23,5.97,195691.12,5.56,82931.29,4.99,74463.85,5.03,83486.57,5.09,84922.73,5.46,83722.87,5.87,121076.82
462,002562.SZ,20210203,4.9,5.15,4.83,4.98,4.91,0.07000000000000028,1.43,88538.81,43958.099,4.92,64236.11,5.08,93511.0,5.19,84320.0,6.08,206408.91,5.97,196158.0,5.57,83246.53,5.03,80714.98,5.04,85028.28,5.11,85984.38,5.48,83762.04,5.89,123500.26
463,002562.SZ,20210202,4.88,4.93,4.8,4.91,4.88,0.03000000000000025,0.61,41290.75,20100.986,4.93,57423.36,5.08,90575.62,5.21,83685.58,6.09,208173.1,5.98,196055.35,5.59,83196.89,5.06,92013.99,5.06,84789.1,5.14,85365.37,5.49,83605.49,5.9,124498.79
464,002562.SZ,20210201,4.81,4.96,4.81,4.88,4.89,-0.009999999999999787,-0.2,48031.11,23460.868,4.96,61685.32,5.08,92130.14,5.23,83733.35,6.09,209737.23,5.98,196453.99,5.61,84342.55,5.12,104159.33,5.08,89376.33,5.16,86237.51,5.51,84554.01,5.92,126705.07
465,002562.SZ,20210129,4.97,4.99,4.83,4.89,4.95,-0.0600000000000005,-1.21,75803.23,36964.39,5.0,76440.1,5.08,94721.37,5.26,83699.24,6.1,210699.06,5.98,197144.57,5.63,85102.19,5.13,103778.24,5.1,92687.2,5.19,87040.82,5.53,85024.0,5.94,129151.1
466,002562.SZ,20210128,5.03,5.03,4.89,4.95,5.04,-0.08999999999999986,-1.79,67516.67,33500.078,5.07,86465.65,5.08,92623.33,5.28,84606.1,6.1,212098.39,5.98,198337.88,5.65,86128.02,5.14,101235.8,5.11,91860.26,5.22,87107.21,5.54,84949.56,5.96,131634.94
467,002562.SZ,20210127,5.1,5.13,5.01,5.04,5.05,-0.009999999999999787,-0.2,54475.02,27515.469,5.14,97193.84,5.08,94673.34,5.31,85027.98,6.1,212967.29,5.99,198260.49,5.67,87899.98,5.13,100634.08,5.12,92373.19,5.25,87088.93,5.56,84796.3,5.97,135812.04
468,002562.SZ,20210126,5.03,5.13,4.95,5.05,5.05,0.0,0.0,62600.56,31669.173,5.19,126604.63,5.09,95033.03,5.33,86870.41,6.11,213193.16,5.99,198315.52,5.68,89729.48,5.11,103358.29,5.12,92210.01,5.27,86703.6,5.57,85103.0,5.99,140603.06
469,002562.SZ,20210125,5.21,5.21,5.02,5.05,5.26,-0.20999999999999996,-3.99,121805.02,61903.54,5.27,146633.35,5.09,97100.73,5.36,89420.92,6.11,213476.56,5.99,198393.51,5.7,92000.41,5.1,101951.11,5.13,93873.73,5.29,86179.29,5.58,85269.68,6.01,145114.0
470,002562.SZ,20210122,5.26,5.29,5.12,5.26,5.29,-0.03000000000000025,-0.57,125931.0,65513.266,5.26,131116.38,5.1,94173.82,5.39,91722.63,6.11,213270.72,5.99,198105.69,5.72,92632.61,5.09,99187.28,5.14,91126.79,5.32,85673.67,5.59,85124.11,6.03,150266.67
471,002562.SZ,20210121,5.38,5.41,5.27,5.29,5.28,0.009999999999999787,0.19,121157.6,64319.957,5.2,116005.95,5.11,94720.3,5.41,90051.55,6.11,213138.44,5.99,197854.49,5.73,92333.29,5.08,92509.28,5.14,90152.17,5.34,84204.66,5.6,84476.31,6.05,154147.76
472,002562.SZ,20210120,5.37,5.39,5.25,5.28,5.49,-0.20999999999999996,-3.83,201528.97,106856.413,5.13,104074.31,5.11,94188.84,5.42,88329.62,6.11,213094.5,5.99,197703.86,5.74,92382.34,5.06,89341.59,5.16,88619.08,5.36,84069.99,5.62,83699.35,6.07,157531.4
473,002562.SZ,20210119,5.06,5.49,5.06,5.49,4.99,0.5,10.02,162744.14,87384.829,5.04,80111.94,5.1,83245.41,5.44,84566.12,6.11,212291.6,5.98,196988.94,5.75,92784.09,5.05,77564.21,5.17,82041.06,5.38,82329.63,5.63,81523.52,6.08,159453.05
474,002562.SZ,20210118,4.96,5.03,4.94,4.99,4.97,0.020000000000000462,0.4,44220.18,22075.603,4.93,57268.87,5.07,76709.34,5.45,81510.31,6.11,211988.24,5.98,196644.73,5.76,96400.31,5.04,74593.32,5.19,77276.6,5.4,83573.59,5.64,79978.34,6.09,164523.96
475,002562.SZ,20210115,4.92,4.98,4.88,4.97,4.91,0.05999999999999961,1.22,50378.85,24930.969,4.92,67258.18,5.08,77247.13,5.48,82076.15,6.11,213100.17,5.99,197310.21,5.77,97263.0,5.06,81596.17,5.23,78672.11,5.43,84403.4,5.66,80887.31,6.11,171976.18
476,002562.SZ,20210114,4.84,5.0,4.78,4.91,4.84,0.07000000000000028,1.45,61499.42,29998.95,4.95,69012.62,5.09,80746.84,5.5,82615.45,6.11,213666.85,5.99,197488.96,5.78,97628.62,5.08,82484.72,5.27,80042.91,5.46,84811.17,5.68,81586.31,6.13,179790.23
477,002562.SZ,20210113,4.96,4.96,4.8,4.84,4.96,-0.1200000000000001,-2.42,81717.13,39592.624,4.99,74608.87,5.12,81159.67,5.53,82531.7,6.12,213756.56,5.99,198011.18,5.79,97937.84,5.1,84112.3,5.31,80316.36,5.49,85213.52,5.7,81932.81,6.15,185994.39
478,002562.SZ,20210112,4.94,5.0,4.92,4.96,4.94,0.019999999999999574,0.4,48528.75,24045.451,5.06,75016.48,5.16,83061.32,5.56,82952.9,6.12,213815.97,5.99,198096.98,5.81,98144.5,5.13,81061.73,5.35,78376.26,5.52,84451.16,5.73,81984.45,6.17,190544.87
479,002562.SZ,20210111,5.1,5.12,4.92,4.94,5.1,-0.15999999999999925,-3.14,94166.77,47124.903,5.14,91917.78,5.21,86289.56,5.59,85815.73,6.12,213999.28,5.99,198505.5,5.82,98925.38,5.15,85796.36,5.39,78293.39,5.55,84948.84,5.75,83295.9,6.18,196157.43
480,002562.SZ,20210108,5.09,5.14,5.02,5.1,5.1,0.0,0.0,59151.02,30113.242,5.2,95934.15,5.26,84428.16,5.62,85900.01,6.12,214053.73,6.0,198756.17,5.84,99449.91,5.19,83066.3,5.43,78916.86,5.58,84100.45,5.77,83476.52,6.2,203589.64
481,002562.SZ,20210107,5.22,5.22,5.04,5.1,5.22,-0.1200000000000001,-2.3,89480.66,45669.827,5.22,95956.82,5.31,85066.92,5.64,85690.08,6.12,214682.23,6.0,199231.73,5.85,99979.31,5.21,87795.06,5.47,80052.34,5.61,84083.8,5.79,85036.34,6.22,218256.41
482,002562.SZ,20210106,5.31,5.34,5.21,5.22,5.36,-0.14000000000000057,-2.61,83755.22,43992.341,5.22,93615.73,5.36,83732.28,5.67,84675.68,6.13,214553.19,6.0,199271.78,5.86,100791.66,5.26,87896.58,5.51,81434.19,5.63,84302.38,5.81,86885.22,6.24,218187.75
483,002562.SZ,20210105,5.25,5.49,5.23,5.36,5.24,0.1200000000000001,2.29,133035.24,71453.932,5.2,87106.97,5.4,83273.79,5.69,83916.25,6.13,214438.52,6.0,199805.24,5.87,101582.16,5.3,86517.91,5.55,84712.33,5.66,86372.7,5.83,88684.1,6.26,222098.27
484,002562.SZ,20210104,5.17,5.28,5.08,5.24,5.17,0.07000000000000028,1.35,114248.6,59399.515,5.15,79674.93,5.43,78191.73,5.7,82423.28,6.12,214159.3,6.0,199934.15,5.88,101670.66,5.34,79959.88,5.58,88063.73,5.68,85172.6,5.85,90348.85,6.26,224464.64
485,002562.SZ,20201231,5.11,5.19,5.09,5.17,5.11,0.05999999999999961,1.17,59264.4,30507.391,5.17,70198.45,5.47,72704.53,5.72,82209.11,6.13,214045.1,6.0,200688.32,5.89,101826.29,5.39,75748.06,5.61,85807.01,5.7,83098.11,5.86,91265.04,6.27,228427.91
486,002562.SZ,20201230,5.13,5.14,5.02,5.11,5.12,-0.009999999999999787,-0.2,77775.19,39512.513,5.2,79633.3,5.51,71751.22,5.74,82787.53,6.13,214738.09,6.0,201686.38,5.9,102744.49,5.45,77601.1,5.64,85974.39,5.72,82955.65,5.88,92002.0,6.28,230266.79
487,002562.SZ,20201229,5.11,5.17,5.09,5.12,5.12,0.0,0.0,51211.42,26279.483,5.29,82177.42,5.56,73971.3,5.76,82237.69,6.13,215153.18,6.0,202771.77,5.92,103937.6,5.51,76520.43,5.68,85764.13,5.75,82294.3,5.89,92786.35,6.29,232473.5
488,002562.SZ,20201228,5.34,5.34,5.08,5.12,5.34,-0.21999999999999975,-4.12,95875.06,49445.815,5.39,85928.86,5.62,76328.93,5.78,82525.5,6.13,215291.93,6.0,204096.05,5.93,105835.2,5.57,75690.79,5.72,86145.88,5.77,83329.73,5.91,95793.83,6.29,234267.8
489,002562.SZ,20201225,5.32,5.39,5.3,5.34,5.32,0.019999999999999574,0.38,66866.19,35801.863,5.52,80244.83,5.68,77962.97,5.8,82033.45,6.13,215380.72,6.01,206225.25,5.95,106652.23,5.63,70790.42,5.75,84525.08,5.8,83699.46,5.93,101428.59,6.3,235023.29
490,002562.SZ,20201224,5.56,5.56,5.31,5.32,5.55,-0.22999999999999954,-4.14,106438.62,57356.652,5.6,81297.66,5.73,84305.42,5.82,82955.09,6.13,216060.38,6.01,209286.75,5.97,108383.64,5.67,74767.42,5.78,84617.52,5.82,84101.61,5.93,102129.52,6.3,236776.96
491,002562.SZ,20201223,5.63,5.65,5.51,5.55,5.64,-0.08999999999999986,-1.6,90495.83,50279.632,5.69,75568.91,5.78,91507.31,5.84,82066.62,6.13,217248.13,6.01,210011.06,5.99,109373.77,5.72,72309.63,5.81,82228.17,5.83,82523.01,5.94,101652.21,6.3,237495.29
492,002562.SZ,20201222,5.74,5.74,5.62,5.64,5.75,-0.11000000000000032,-1.91,69968.58,39719.964,5.72,70863.43,5.8,89862.58,5.84,81503.13,6.13,216997.72,6.02,211399.71,6.0,110236.39,5.76,74971.8,5.82,82505.28,5.84,81539.71,5.95,101555.47,6.29,237466.17
493,002562.SZ,20201221,5.73,5.76,5.68,5.75,5.75,0.0,0.0,67454.91,38561.968,5.74,65452.72,5.82,89296.69,5.85,81160.55,6.13,216954.72,6.02,212380.73,6.02,111973.66,5.8,82906.75,5.84,86300.1,5.85,81845.6,5.95,102009.6,6.29,237744.84
494,002562.SZ,20201218,5.77,5.8,5.66,5.75,5.78,-0.03000000000000025,-0.52,72130.36,41400.176,5.74,61336.01,5.83,89767.08,5.85,81320.01,6.12,217012.53,6.01,213258.17,6.03,113604.28,5.82,96167.58,5.85,87778.96,5.86,82870.51,5.96,102670.27,6.29,237950.75
495,002562.SZ,20201217,5.67,5.83,5.64,5.78,5.7,0.08000000000000007,1.4,77794.85,44848.372,5.74,68237.19,5.84,88745.23,5.85,81333.87,6.12,217019.71,6.01,214568.4,6.04,116301.39,5.83,95865.96,5.86,86773.13,5.86,83007.18,5.97,103693.2,6.28,238240.35
496,002562.SZ,20201216,5.71,5.73,5.63,5.7,5.73,-0.03000000000000025,-0.52,66968.46,37919.782,5.75,69050.34,5.84,87642.47,5.85,82371.41,6.11,217059.17,6.01,216066.73,6.06,121064.21,5.84,94347.68,5.86,85632.93,5.86,82791.92,5.97,104044.22,6.28,238548.98
497,002562.SZ,20201215,5.79,5.8,5.72,5.73,5.76,-0.02999999999999936,-0.52,42915.0,24696.667,5.8,79080.17,5.85,87776.83,5.86,82962.41,6.11,217258.7,6.01,216887.36,6.07,123779.44,5.85,95007.83,5.87,85181.23,5.86,82503.67,5.97,105434.86,6.28,238706.83
498,002562.SZ,20201214,5.73,5.76,5.66,5.76,5.72,0.040000000000000036,0.7,46871.36,26774.941,5.85,100360.78,5.86,88987.34,5.87,83892.57,6.11,217521.15,6.01,218349.33,6.09,127940.51,5.87,96600.97,5.88,87149.2,5.87,83502.39,5.98,107103.66,6.27,239341.39
499,002562.SZ,20201211,5.86,5.86,5.64,5.72,5.85,-0.1299999999999999,-2.22,106636.26,61190.546,5.89,130999.15,5.87,92769.4,5.88,84601.61,6.1,217921.86,6.01,219204.18,6.1,131976.91,5.88,98259.74,5.88,90153.97,5.86,84360.06,5.98,108650.34,6.27,240653.6
500,002562.SZ,20201210,5.92,5.92,5.8,5.85,5.93,-0.08000000000000007,-1.35,81860.64,47904.86,5.91,123494.74,5.9,95786.98,5.89,83525.07,6.1,218269.43,6.01,219922.69,6.12,132752.58,5.89,94467.61,5.89,88768.7,5.87,84574.56,5.99,108971.75,6.27,240864.8
501,002562.SZ,20201209,5.96,6.06,5.93,5.93,5.98,-0.05000000000000071,-0.84,117117.58,70299.47,5.92,119645.02,5.9,96954.03,5.9,84022.05,6.09,218260.59,6.0,221113.16,6.14,134739.15,5.89,92146.72,5.89,87629.7,5.87,84747.96,5.99,109742.89,6.26,240802.79
502,002562.SZ,20201208,5.96,6.04,5.94,5.98,5.99,-0.009999999999999787,-0.17,149318.07,89549.944,5.9,110935.5,5.9,91946.03,5.91,83292.67,6.09,218487.24,6.0,221681.95,6.15,137094.11,5.89,90038.77,5.88,84823.66,5.88,83328.71,6.0,110578.58,6.26,240579.07
503,002562.SZ,20201207,5.81,6.1,5.8,5.99,5.82,0.16999999999999993,2.92,200063.19,119320.462,5.89,92841.15,5.89,84690.09,5.91,81321.24,6.09,218118.47,6.0,222738.91,6.17,138272.12,5.89,89693.44,5.88,81315.03,5.88,80717.41,6.0,111315.47,6.25,239959.14
504,002562.SZ,20201204,5.88,5.88,5.81,5.82,5.87,-0.04999999999999982,-0.85,69114.23,40304.492,5.86,65520.32,5.88,73757.12,5.92,77931.62,6.08,217545.59,6.0,223243.33,6.18,138314.17,5.88,79390.35,5.87,76221.97,5.88,76383.1,6.01,110600.28,6.24,239142.01
505,002562.SZ,20201203,5.85,5.88,5.8,5.87,5.86,0.009999999999999787,0.17,62612.02,36580.532,5.86,65440.49,5.88,74769.44,5.94,79640.48,6.08,218013.76,6.0,225382.12,6.19,139322.96,5.89,77680.3,5.87,76577.79,5.89,77371.22,6.02,112727.09,6.24,239813.18
506,002562.SZ,20201202,5.89,5.91,5.85,5.86,5.89,-0.02999999999999936,-0.51,73569.97,43225.581,5.86,64648.41,5.89,78181.35,5.95,80887.3,6.07,218547.85,6.0,228015.34,6.2,142136.21,5.89,76918.17,5.87,77014.04,5.9,78361.44,6.04,114695.19,6.23,239882.23
507,002562.SZ,20201201,5.82,5.91,5.82,5.89,5.86,0.02999999999999936,0.51,58846.34,34601.556,5.87,69142.04,5.89,78593.72,5.96,83215.83,6.07,218705.34,6.0,230790.5,6.21,145814.73,5.89,75354.64,5.87,76251.59,5.92,78652.09,6.05,116055.56,6.23,239829.5
508,002562.SZ,20201130,5.83,5.94,5.81,5.86,5.83,0.03000000000000025,0.51,63459.05,37236.839,5.9,86545.74,5.88,78611.74,5.98,87379.58,6.06,219504.39,6.0,234677.06,6.23,147808.27,5.88,77697.44,5.86,76953.1,5.93,79517.75,6.06,118412.53,6.22,240112.68
509,002562.SZ,20201127,5.86,5.88,5.8,5.83,5.85,-0.019999999999999574,-0.34,68715.05,40042.349,5.91,93260.38,5.88,78422.33,5.99,91151.01,6.06,220138.86,6.0,238611.52,6.24,151042.74,5.89,82048.21,5.86,77410.22,5.95,81642.96,6.08,120517.39,6.22,240398.89
510,002562.SZ,20201126,5.9,5.94,5.83,5.85,5.92,-0.07000000000000028,-1.18,58651.65,34367.189,5.91,89920.11,5.88,79224.68,6.0,95980.58,6.06,221340.16,6.01,240744.67,6.25,154680.61,5.89,83069.79,5.86,79628.03,5.96,82852.59,6.1,123945.7,6.22,241151.72
511,002562.SZ,20201125,6.06,6.06,5.91,5.92,6.02,-0.09999999999999964,-1.66,96038.1,57441.379,5.92,89187.94,5.88,82267.01,6.01,99232.6,6.05,222515.75,6.01,243491.34,6.27,158883.43,5.89,83112.68,5.86,81048.58,5.98,85988.87,6.11,130218.28,6.21,241809.19
512,002562.SZ,20201124,5.91,6.06,5.87,6.02,5.92,0.09999999999999964,1.69,145864.84,87371.729,5.91,81567.23,5.87,80743.36,6.02,99451.53,6.05,223662.75,6.01,246346.28,6.29,165186.51,5.88,79608.55,5.87,79973.69,5.99,89468.07,6.13,133127.82,6.21,241602.14
513,002562.SZ,20201123,5.84,5.93,5.81,5.92,5.86,0.05999999999999961,1.02,97032.25,57201.642,5.87,68849.14,5.86,75010.45,6.02,98833.04,6.05,224559.63,6.01,249904.52,6.31,171633.62,5.86,72936.62,5.87,76229.39,6.0,90995.49,6.15,136613.34,6.2,241292.1
514,002562.SZ,20201120,5.85,5.87,5.81,5.86,5.86,0.0,0.0,52013.69,30388.494,5.87,70836.05,5.85,72032.65,6.02,102792.69,6.05,227050.44,6.01,251929.09,6.33,178392.03,5.86,73053.59,5.88,74879.47,6.01,95525.1,6.16,140822.82,6.2,241856.32
515,002562.SZ,20201119,5.85,5.89,5.82,5.86,5.87,-0.009999999999999787,-0.17,54990.8,32163.299,5.87,76219.48,5.85,73637.5,6.03,114026.41,6.05,230746.59,6.02,253921.17,6.35,187566.85,5.86,75475.29,5.89,77216.69,6.03,99431.98,6.18,142702.78,6.19,243735.15
516,002562.SZ,20201118,5.85,5.92,5.81,5.87,5.85,0.020000000000000462,0.34,57934.59,33970.555,5.86,77037.43,5.84,74992.16,6.03,115612.64,6.05,231953.93,6.02,256846.73,6.36,194722.46,5.86,77109.91,5.91,79083.08,6.03,101048.35,6.2,145633.82,6.19,243730.54
517,002562.SZ,20201117,5.92,5.93,5.81,5.85,5.92,-0.07000000000000028,-1.18,82274.37,48059.295,5.85,77649.87,5.83,79233.44,6.03,116196.91,6.05,233809.78,6.02,258761.58,6.38,200979.26,5.85,77148.53,5.93,80300.82,6.04,103278.4,6.22,149563.91,6.18,243779.22
518,002562.SZ,20201116,5.85,5.97,5.85,5.92,5.87,0.04999999999999982,0.85,106966.8,63310.964,5.85,77024.1,5.85,79601.77,6.03,116268.0,6.04,234875.67,6.02,260598.77,6.4,205643.96,5.85,76208.77,5.96,80427.9,6.04,108257.94,6.24,152153.81,6.18,243725.1
519,002562.SZ,20201113,5.77,5.89,5.71,5.87,5.78,0.08999999999999986,1.56,78930.85,45551.977,5.85,75271.13,5.85,77107.42,6.03,115981.22,6.04,235631.05,6.02,261881.39,6.41,214501.12,5.83,72772.23,5.97,81440.33,6.05,119157.72,6.25,153757.99,6.17,243443.41
520,002562.SZ,20201112,5.81,5.86,5.76,5.78,5.83,-0.04999999999999982,-0.86,59080.55,34224.056,5.84,74731.1,5.87,76495.73,6.04,116809.58,6.04,237121.52,6.03,264264.57,6.43,225961.86,5.82,76186.26,6.0,82743.99,6.05,120157.44,6.26,154855.36,6.16,243481.29
521,002562.SZ,20201111,5.83,5.88,5.8,5.83,5.86,-0.03000000000000025,-0.51,60996.8,35580.717,5.85,77182.39,5.9,77338.29,6.05,118998.57,6.04,239009.94,6.03,266755.69,6.45,238348.32,5.84,78984.48,6.02,87426.97,6.05,120781.41,6.28,158430.78,6.16,243786.46
522,002562.SZ,20201110,5.93,5.98,5.84,5.86,5.93,-0.0699999999999994,-1.18,79145.49,46644.266,5.85,76647.19,5.92,80243.0,6.05,120112.07,6.04,240014.52,6.03,269519.93,6.47,248281.68,5.86,80338.82,6.05,94397.82,6.06,121571.23,6.3,163238.48,6.15,243950.72
523,002562.SZ,20201109,5.8,5.95,5.78,5.93,5.8,0.1299999999999999,2.24,98201.98,57973.716,5.84,75393.44,5.95,81256.32,6.05,122207.99,6.04,241478.7,6.03,270684.66,6.49,255596.73,5.88,79522.17,6.07,100024.93,6.06,122173.6,6.31,165392.09,6.15,244162.62
524,002562.SZ,20201106,5.85,5.87,5.74,5.8,5.85,-0.04999999999999982,-0.85,76230.7,44060.175,5.8,70273.33,5.97,80032.27,6.06,123526.85,6.03,242125.5,6.02,272219.27,6.5,263914.51,5.9,76705.35,6.09,106760.85,6.07,122470.03,6.33,168856.12,6.14,244649.99
525,002562.SZ,20201105,5.8,5.87,5.8,5.85,5.79,0.05999999999999961,1.04,71336.99,41653.93,5.8,77641.42,6.01,80692.68,6.06,125392.78,6.03,243179.89,6.02,273301.43,6.51,276045.2,5.93,78958.08,6.11,111410.32,6.07,124379.22,6.35,173278.21,6.14,244686.3
526,002562.SZ,20201104,5.85,5.87,5.77,5.79,5.82,-0.03000000000000025,-0.52,58320.81,33932.643,5.83,80786.57,6.04,84991.02,6.07,126998.2,6.03,244650.12,6.02,275344.66,6.54,299349.56,5.97,81056.24,6.12,113017.57,6.08,125296.51,6.37,178320.31,6.13,245339.78
527,002562.SZ,20201103,5.75,5.85,5.75,5.82,5.74,0.08000000000000007,1.39,72876.72,42403.09,5.88,84030.45,6.08,88582.04,6.08,129051.38,6.02,245725.98,6.03,279228.23,6.56,299655.17,6.02,83453.1,6.13,116343.33,6.08,128366.04,6.39,186827.77,6.13,245655.57
528,002562.SZ,20201102,5.81,5.83,5.71,5.74,5.8,-0.05999999999999961,-1.03,72601.45,41752.927,5.92,83650.89,6.12,94725.37,6.1,131827.32,6.02,247497.27,6.03,281622.69,6.58,306057.04,6.07,84647.03,6.14,124282.52,6.09,130704.92,6.42,196103.13,6.12,246028.0
529,002562.SZ,20201030,6.01,6.02,5.79,5.8,6.0,-0.20000000000000018,-3.33,113071.15,66583.494,6.01,83137.36,6.16,104557.1,6.11,135384.09,6.02,248974.42,6.03,283872.99,6.58,310649.02,6.12,90108.43,6.16,142350.46,6.1,132940.62,6.45,204958.33,6.12,246560.75
530,002562.SZ,20201029,5.99,6.09,5.95,6.0,6.02,-0.019999999999999574,-0.33,87062.73,52475.189,6.06,80274.74,6.21,110604.53,6.13,136680.58,6.02,251179.27,6.03,285953.41,6.59,317005.95,6.17,89301.72,6.16,142143.02,6.11,133368.95,6.47,215409.23,6.12,246781.16
531,002562.SZ,20201028,6.09,6.09,5.94,6.02,6.06,-0.040000000000000036,-0.66,74540.2,44798.835,6.11,81325.92,6.23,121824.34,6.14,139905.87,6.02,254099.86,6.02,288904.92,6.59,319577.51,6.2,95869.45,6.16,141679.88,6.11,134737.83,6.49,223819.21,6.11,246857.71
532,002562.SZ,20201027,6.15,6.15,6.01,6.06,6.15,-0.09000000000000075,-1.46,70978.93,43110.922,6.16,82875.76,6.24,129107.41,6.16,143028.16,6.02,257350.08,6.02,292318.93,6.59,323151.38,6.23,108456.83,6.15,142187.44,6.12,137828.45,6.51,231363.45,6.1,247685.79
533,002562.SZ,20201026,6.08,6.15,5.94,6.15,6.09,0.0600000000000005,0.99,70033.79,42450.401,6.21,85643.16,6.24,131607.65,6.18,145505.02,6.02,261827.13,6.02,294940.72,6.58,325758.69,6.26,120527.7,6.15,143499.31,6.13,141913.53,6.53,237382.58,6.1,248384.49
534,002562.SZ,20201023,6.24,6.29,6.07,6.09,6.24,-0.15000000000000036,-2.4,98758.04,60822.226,6.24,97079.5,6.23,135823.21,6.2,149335.33,6.03,266399.0,6.01,299501.28,6.58,327312.03,6.28,136816.35,6.15,145352.37,6.14,144817.47,6.54,249069.58,6.09,249815.05
535,002562.SZ,20201022,6.26,6.29,6.15,6.24,6.25,-0.009999999999999787,-0.16,92318.62,57451.959,6.28,98328.71,6.23,146046.47,6.22,152011.59,6.03,268693.85,6.01,301810.73,6.57,329692.68,6.29,143862.56,6.14,147089.79,6.15,148082.95,6.56,263065.05,6.08,250891.55
536,002562.SZ,20201021,6.32,6.35,6.23,6.25,6.32,-0.07000000000000028,-1.11,82289.4,51550.996,6.29,110412.98,6.23,172326.59,6.24,157367.32,6.03,271683.57,6.0,302051.6,6.56,331030.27,6.27,144978.9,6.13,147416.64,6.17,151028.94,6.58,277994.16,6.08,252298.94
537,002562.SZ,20201020,6.23,6.34,6.2,6.32,6.29,0.03000000000000025,0.48,84815.96,53394.787,6.3,134037.9,6.19,174375.29,6.26,167741.35,6.03,275129.64,5.99,302692.15,6.54,331093.09,6.24,149233.56,6.11,150822.52,6.18,153459.03,6.6,290055.98,6.07,253904.99
538,002562.SZ,20201019,6.37,6.45,6.24,6.29,6.31,-0.019999999999999574,-0.32,127215.49,80740.462,6.31,155412.23,6.16,173835.58,6.27,173205.9,6.02,279729.58,5.98,302785.83,6.53,331341.0,6.22,163918.01,6.1,153733.87,6.2,157307.31,6.61,299105.29,6.07,256995.77
539,002562.SZ,20201016,6.32,6.34,6.25,6.31,6.3,0.009999999999999787,0.16,105004.08,66190.915,6.31,176553.2,6.13,170564.5,6.29,179905.32,6.02,281896.04,5.97,302875.48,6.51,330873.65,6.21,194592.49,6.09,154356.71,6.21,159391.82,6.62,309018.96,6.07,260804.47
540,002562.SZ,20201015,6.27,6.41,6.16,6.3,6.29,0.009999999999999787,0.16,152739.98,95999.226,6.29,189396.41,6.1,169965.45,6.31,187099.36,6.02,283865.98,5.95,303202.87,6.5,330898.69,6.15,194984.32,6.08,155402.56,6.23,165038.8,6.63,323702.76,6.06,261836.49
541,002562.SZ,20201014,6.4,6.48,6.25,6.29,6.35,-0.05999999999999961,-0.94,200413.97,127612.832,6.24,179544.81,6.09,166454.3,6.32,187454.39,6.03,286620.63,5.94,303327.27,6.49,330393.23,6.11,187490.31,6.07,154172.02,6.25,174447.68,6.66,351476.49,6.06,263273.47
542,002562.SZ,20201013,6.31,6.42,6.21,6.35,6.31,0.040000000000000036,0.63,191687.65,121149.328,6.18,164429.23,6.07,161307.56,6.34,188349.68,6.02,287878.48,5.93,303192.25,6.48,328866.53,6.08,175918.05,6.07,152514.26,6.27,176787.57,6.68,349490.28,6.05,263568.04
543,002562.SZ,20201012,6.22,6.32,6.19,6.31,6.22,0.08999999999999986,1.45,232920.32,146026.238,6.12,172423.79,6.04,154166.64,6.37,191351.21,6.02,289274.81,5.92,302725.89,6.46,327898.17,6.04,166470.93,6.06,152606.45,6.29,182231.18,6.68,355512.45,6.04,263768.49
544,002562.SZ,20201009,6.07,6.25,6.07,6.22,6.03,0.1899999999999995,3.15,169220.15,104729.069,6.1,212631.78,6.01,147819.45,6.39,191490.86,6.02,289905.43,5.91,302185.11,6.45,327517.07,6.02,153888.4,6.07,148818.03,6.3,186120.55,6.68,358580.43,6.04,264273.81
545,002562.SZ,20200930,6.02,6.08,5.96,6.03,6.0,0.03000000000000025,0.5,103481.96,62375.603,6.01,200572.23,5.99,145805.83,6.41,192490.78,6.02,292075.35,5.9,302121.76,6.44,327020.54,6.0,150317.01,6.09,150193.15,6.33,185973.57,6.68,365590.79,6.03,265622.08
546,002562.SZ,20200929,6.06,6.09,5.93,6.0,6.05,-0.04999999999999982,-0.83,124836.06,75027.637,5.99,195435.8,6.0,148589.7,6.42,193705.23,6.02,294690.61,5.89,302901.54,6.43,326633.03,5.99,149854.38,6.12,154053.96,6.36,190219.3,6.68,368531.57,6.03,266473.53
547,002562.SZ,20200928,6.15,6.15,6.0,6.05,6.21,-0.16000000000000014,-2.58,231660.47,140331.586,5.97,187406.88,6.0,148673.17,6.44,198080.8,6.02,297491.43,5.89,302624.83,6.42,326172.17,5.98,152411.47,6.15,155571.76,6.4,195849.42,6.68,372160.66,6.03,267849.8
548,002562.SZ,20200925,6.03,6.3,6.01,6.21,5.74,0.46999999999999975,8.19,433960.24,268075.247,5.96,160518.06,6.01,140709.21,6.47,201545.46,6.02,297799.24,5.88,301637.62,6.41,324082.38,5.98,143549.73,6.19,154001.96,6.43,196049.68,6.68,372741.76,6.02,267513.8
549,002562.SZ,20200924,5.92,5.93,5.71,5.74,5.94,-0.20000000000000018,-3.37,108922.43,63148.429,5.93,95145.01,6.02,120193.72,6.49,194910.23,6.01,297268.62,5.87,299414.51,6.39,319656.34,5.97,114120.94,6.22,141791.48,6.45,188358.26,6.66,368617.99,6.01,265798.0
550,002562.SZ,20200923,5.9,5.99,5.88,5.94,5.9,0.040000000000000036,0.68,77799.8,46142.806,5.99,100061.79,6.05,126702.1,6.52,200707.91,6.01,298311.62,5.87,299183.05,6.39,320199.44,6.0,115820.81,6.27,150066.04,6.48,189553.29,6.66,371424.4,6.01,267249.06
551,002562.SZ,20200922,5.96,5.96,5.86,5.9,6.01,-0.10999999999999943,-1.83,84691.44,50111.249,5.99,104272.97,6.09,132806.12,6.55,208465.44,6.01,300664.7,5.86,299365.86,6.38,320107.41,6.02,120853.73,6.32,167926.37,6.51,196080.15,6.65,373338.37,6.01,268377.76
552,002562.SZ,20200921,6.06,6.09,5.99,6.01,6.08,-0.07000000000000028,-1.15,97216.4,58663.637,6.0,117416.06,6.14,141423.89,6.59,216970.5,6.01,305039.37,5.86,299736.78,6.37,319874.77,6.07,129110.47,6.37,177222.33,6.54,204905.72,6.64,373376.86,6.01,270404.86
553,002562.SZ,20200918,6.0,6.08,5.95,6.08,6.04,0.040000000000000036,0.66,107095.0,64446.164,6.01,126581.4,6.2,147845.57,6.62,230839.68,6.01,307680.52,5.85,299693.12,6.36,319816.25,6.09,138741.97,6.42,190111.3,6.57,208610.59,6.63,373480.08,6.0,271972.31
554,002562.SZ,20200917,5.96,6.06,5.96,6.04,5.94,0.09999999999999964,1.68,133506.31,80349.093,6.0,133096.86,6.24,151545.34,6.66,246201.53,6.01,310081.95,5.84,299696.71,6.35,319692.37,6.12,143747.68,6.45,202236.62,6.59,215242.21,6.61,373231.23,6.0,274667.94
555,002562.SZ,20200916,5.93,6.03,5.88,5.94,5.93,0.010000000000000675,0.17,98855.69,58718.939,6.01,131579.82,6.29,156680.58,6.7,260037.04,6.01,312381.65,5.84,299599.22,6.34,320033.02,6.17,150069.28,6.49,203801.86,6.62,222177.2,6.6,372787.49,6.0,277785.6
556,002562.SZ,20200915,6.05,6.05,5.86,5.93,6.04,-0.11000000000000032,-1.82,150406.91,89056.929,6.05,137434.49,6.36,163672.51,6.74,278897.9,6.01,315763.67,5.83,299602.63,6.34,320548.92,6.25,158253.54,6.55,210401.76,6.66,231344.12,6.59,373053.74,6.0,281483.24
557,002562.SZ,20200914,6.11,6.13,5.96,6.04,6.06,-0.019999999999999574,-0.33,143043.08,86745.304,6.13,140804.87,6.43,173211.48,6.78,291875.98,6.01,319243.55,5.82,299346.43,6.33,319492.71,6.32,158732.06,6.6,217568.39,6.7,245289.51,6.58,371978.81,6.0,286193.81
558,002562.SZ,20200911,6.05,6.15,5.91,6.06,6.08,-0.020000000000000462,-0.33,139672.32,84624.884,6.16,150902.54,6.5,195670.2,6.82,303174.55,6.0,321820.05,5.82,299132.25,6.32,319034.28,6.39,164454.18,6.65,222299.66,6.75,261501.34,6.57,371579.11,6.01,291071.64
559,002562.SZ,20200910,6.24,6.29,6.07,6.08,6.16,-0.08000000000000007,-1.3,125921.12,77526.947,6.24,154398.49,6.55,205742.38,6.84,311776.15,6.0,326688.78,5.81,299063.55,6.31,319368.49,6.46,169462.03,6.69,225476.92,6.79,276976.05,6.56,372656.87,6.01,293484.51
560,002562.SZ,20200909,6.22,6.3,6.11,6.16,6.32,-0.16000000000000014,-2.53,128129.04,79337.984,6.33,168558.74,6.63,223363.51,6.86,330756.53,5.99,329210.55,5.8,299113.98,6.3,321389.2,6.54,184311.27,6.72,226419.53,6.84,297449.5,6.55,372757.85,6.01,296792.15
561,002562.SZ,20200908,6.23,6.37,6.08,6.32,6.2,0.1200000000000001,1.94,167258.78,104100.918,6.44,179072.59,6.67,240399.84,6.9,354590.56,5.98,329244.55,5.8,298862.97,6.29,320406.64,6.62,214999.02,6.75,233693.35,6.87,312900.59,6.53,371862.68,6.01,300545.44
562,002562.SZ,20200907,6.36,6.43,6.18,6.2,6.42,-0.21999999999999975,-3.43,193531.44,121949.558,6.51,176659.24,6.72,240211.55,6.94,378731.93,5.96,329406.24,5.79,298529.25,6.27,319026.86,6.67,225334.2,6.78,242803.35,6.91,324898.44,6.51,370579.56,6.01,305378.34
563,002562.SZ,20200904,6.45,6.46,6.35,6.42,6.55,-0.1299999999999999,-1.98,157152.06,100363.72,6.61,178005.83,6.78,243082.5,6.97,396745.67,5.95,328761.21,5.78,298590.8,6.25,317456.85,6.75,241480.64,6.81,243544.9,6.93,332851.63,6.5,368602.81,6.01,307425.46
564,002562.SZ,20200903,6.69,6.7,6.53,6.55,6.72,-0.16999999999999993,-2.53,196722.37,129784.496,6.69,184525.57,6.83,253589.23,6.98,410587.51,5.94,328658.54,5.77,298082.11,6.24,316337.01,6.78,260725.57,6.83,250989.48,6.94,353321.69,6.48,367683.73,6.01,309354.82
565,002562.SZ,20200902,6.7,6.8,6.66,6.72,6.67,0.04999999999999982,0.75,180698.3,121430.307,6.74,200063.8,6.86,256738.93,6.99,426037.89,5.93,328405.83,5.76,297250.95,6.22,314827.07,6.81,257534.43,6.85,258231.15,6.97,378047.15,6.46,366899.27,6.01,312293.88
566,002562.SZ,20200901,6.71,6.73,6.6,6.67,6.71,-0.040000000000000036,-0.6,155192.05,103209.589,6.79,250925.44,6.87,258471.18,7.0,449724.19,5.91,328357.67,5.74,296642.99,6.2,313693.77,6.84,262549.97,6.87,267889.41,7.0,404959.38,6.43,365069.26,6.0,313967.6
567,002562.SZ,20200831,6.81,6.84,6.7,6.71,6.81,-0.09999999999999964,-1.47,200264.35,135491.118,6.82,274009.15,6.87,257669.73,7.03,498664.54,5.89,328513.26,5.73,296124.3,6.18,312700.65,6.89,276404.72,6.9,288568.23,7.02,426652.94,6.41,363603.45,6.0,315947.33
568,002562.SZ,20200828,6.78,6.85,6.69,6.81,6.8,0.009999999999999787,0.15,189750.77,128565.429,6.88,304955.45,6.87,263311.36,7.06,495163.86,5.87,327906.37,5.72,295372.22,6.16,311424.76,6.91,280145.14,6.93,310024.91,7.03,440903.27,6.39,361812.83,5.99,316976.2
569,002562.SZ,20200827,6.94,6.94,6.66,6.8,6.95,-0.15000000000000036,-2.16,274413.53,185060.034,6.86,336925.56,6.88,275596.59,7.06,505848.18,5.86,327571.49,5.71,294684.6,6.14,310983.91,6.92,281491.81,6.96,330733.06,7.02,458646.09,6.36,360280.39,5.99,319409.01
570,002562.SZ,20200826,6.87,7.17,6.85,6.95,6.82,0.1299999999999999,1.91,435006.5,304012.828,6.89,315005.06,6.88,270515.74,7.04,510041.88,5.85,326766.63,5.7,293667.36,6.12,308399.56,6.91,268527.79,6.99,354018.62,7.03,482366.72,6.34,358357.74,5.98,321122.9
571,002562.SZ,20200825,7.05,7.08,6.76,6.82,7.0,-0.17999999999999972,-2.57,270610.58,186887.115,6.9,274174.5,6.87,260595.52,7.02,514595.84,5.83,325379.55,5.68,291503.55,6.1,304596.21,6.88,252387.69,7.0,361851.38,7.06,528505.3,6.31,353400.11,5.97,321899.13
572,002562.SZ,20200824,6.76,7.07,6.66,7.0,6.74,0.2599999999999998,3.86,354995.85,245103.115,6.95,278800.3,6.89,266052.85,6.99,514869.92,5.82,324042.47,5.67,290479.94,6.08,302270.95,6.89,260272.51,7.03,374680.57,7.09,522193.0,6.29,350076.45,5.96,321943.92
573,002562.SZ,20200821,6.93,6.93,6.65,6.74,6.92,-0.17999999999999972,-2.6,349601.36,236474.068,6.95,255334.83,6.9,267504.19,6.96,514504.78,5.8,322027.38,5.66,289106.71,6.05,299105.25,6.87,245609.17,7.02,378537.12,7.08,528793.72,6.26,345970.86,5.95,321965.21
574,002562.SZ,20200820,6.91,7.05,6.83,6.92,7.01,-0.08999999999999986,-1.28,164811.03,114426.977,6.97,226058.06,6.93,284363.2,6.93,512061.41,5.79,320004.13,5.64,287322.29,6.03,296264.31,6.88,241253.4,7.02,399619.76,7.06,531040.32,6.24,342889.81,5.94,321211.15
575,002562.SZ,20200819,7.02,7.08,6.9,7.01,7.1,-0.08999999999999986,-1.27,230853.69,161186.526,6.92,222050.51,6.97,320100.67,6.89,512700.33,5.78,319344.37,5.63,286617.86,6.01,295927.1,6.89,258927.88,7.05,438303.51,7.04,545208.0,6.21,344767.53,5.93,323309.75
576,002562.SZ,20200818,7.04,7.13,6.95,7.1,6.99,0.10999999999999943,1.57,293739.58,207045.269,6.86,230600.88,6.99,348797.58,6.85,514066.6,5.76,318496.05,5.62,285645.38,5.99,294132.38,6.9,273228.84,7.08,476164.08,7.0,546843.85,6.18,341827.26,5.93,327341.34
577,002562.SZ,20200817,6.85,7.06,6.82,6.99,6.85,0.14000000000000057,2.04,237668.5,165705.07,6.82,241744.72,7.01,383134.91,6.8,511093.02,5.75,317479.64,5.6,284296.23,5.96,292534.64,6.9,300731.74,7.09,501777.04,6.96,548471.9,6.15,337994.52,5.91,328873.02
578,002562.SZ,20200814,6.7,6.88,6.65,6.85,6.67,0.17999999999999972,2.7,203217.52,137409.778,6.79,235883.5,7.04,410365.15,6.75,506661.62,5.73,316453.04,5.59,283196.95,5.94,291430.02,6.95,339904.69,7.08,521282.34,6.92,549433.84,6.11,335296.38,5.9,330666.63
579,002562.SZ,20200813,6.7,6.74,6.63,6.67,6.68,-0.009999999999999787,-0.15,144773.27,96652.825,6.79,256448.74,7.07,435286.45,6.7,503726.08,5.72,315789.73,5.57,282318.93,5.92,291943.15,7.0,379974.3,7.08,547223.23,6.88,548877.73,6.09,333128.83,5.89,332845.34
580,002562.SZ,20200812,6.81,6.82,6.51,6.68,6.89,-0.20999999999999996,-3.05,273605.52,182052.197,6.85,295805.24,7.09,457390.58,6.66,502178.76,5.71,315597.07,5.56,281749.82,5.9,293052.01,7.07,439509.46,7.1,589286.19,6.84,553295.52,6.06,332107.23,5.89,336521.13
581,002562.SZ,20200811,6.96,7.13,6.86,6.89,6.88,0.009999999999999787,0.15,349458.8,245100.657,6.95,315856.81,7.09,495671.23,6.62,497275.13,5.69,314387.53,5.55,280337.83,5.89,292886.67,7.13,471315.07,7.16,666564.11,6.8,550596.6,6.04,329142.15,5.88,339670.32
582,002562.SZ,20200810,6.82,6.89,6.76,6.88,6.82,0.05999999999999961,0.88,208362.39,142351.23,6.99,359718.75,7.14,540981.03,6.57,490374.3,5.68,312704.56,5.53,278616.25,5.87,291894.1,7.17,489088.63,7.19,653153.24,6.74,541848.0,6.01,324662.96,5.87,341041.99
583,002562.SZ,20200807,6.92,6.98,6.72,6.82,6.98,-0.16000000000000014,-2.29,306043.7,209057.492,7.1,443925.88,7.2,600958.16,6.53,486772.79,5.67,311999.58,5.52,277670.58,5.86,295192.05,7.17,511465.08,7.18,670385.99,6.69,538349.56,5.98,322933.14,5.85,346312.05
584,002562.SZ,20200806,7.05,7.2,6.92,6.98,7.16,-0.17999999999999972,-2.51,341555.81,240576.278,7.2,503499.86,7.23,639416.24,6.48,481273.31,5.65,310763.59,5.51,276118.41,5.85,298901.6,7.16,557986.12,7.15,675933.78,6.64,531220.25,5.96,320443.86,5.84,347837.15
585,002562.SZ,20200805,7.1,7.2,6.85,7.16,7.12,0.040000000000000036,0.56,373863.34,263284.857,7.28,583213.67,7.22,661433.06,6.44,477237.47,5.64,309325.32,5.49,274310.92,5.83,297398.81,7.21,617679.14,7.12,688348.05,6.58,523397.79,5.93,316094.38,5.82,346099.39
586,002562.SZ,20200804,7.36,7.42,7.11,7.12,7.42,-0.2999999999999998,-4.04,568768.5,408378.648,7.31,626773.33,7.19,688215.53,6.38,470123.27,5.62,307324.25,5.48,272496.13,5.81,296749.67,7.26,679099.32,7.05,683651.35,6.52,514763.36,5.89,312359.25,5.8,344571.72
587,002562.SZ,20200803,7.41,7.59,7.35,7.42,7.34,0.08000000000000007,1.09,629398.04,469588.603,7.34,618458.51,7.19,720312.75,6.33,455583.57,5.61,304144.32,5.47,269738.56,5.79,292309.58,7.27,702822.35,6.99,672341.98,6.46,498668.11,5.86,304483.37,5.77,340670.71
588,002562.SZ,20200731,7.29,7.48,7.16,7.34,7.38,-0.040000000000000036,-0.54,603913.61,441008.842,7.24,579004.28,7.22,811833.2,6.26,439726.9,5.59,301189.71,5.45,266382.58,5.77,286794.17,7.22,702659.99,6.91,654198.41,6.39,481656.89,5.83,295952.88,5.75,336612.12
589,002562.SZ,20200730,7.26,7.67,7.15,7.38,7.31,0.07000000000000028,0.96,740124.84,545812.049,7.12,612472.37,7.23,771627.65,6.2,424168.45,5.57,297490.19,5.44,263511.82,5.74,282656.1,7.16,714472.17,6.82,633329.44,6.33,468337.69,5.8,288163.17,5.73,332915.61
590,002562.SZ,20200729,7.25,7.36,7.0,7.31,7.25,0.05999999999999961,0.83,591661.67,426520.081,7.14,652144.62,7.19,757234.77,6.14,405400.29,5.55,292741.11,5.42,259680.77,5.72,277201.27,7.13,739062.93,6.73,610188.55,6.26,448066.2,5.76,278153.09,5.7,328195.93
591,002562.SZ,20200728,7.15,7.29,7.03,7.25,6.92,0.33000000000000007,4.77,527194.37,377250.065,7.2,731425.3,7.1,743799.22,6.08,392400.08,5.53,289173.69,5.41,256914.28,5.7,272054.53,7.18,861813.15,6.63,590237.36,6.19,430824.78,5.73,269896.22,5.68,324745.39
592,002562.SZ,20200727,6.67,6.96,6.57,6.92,6.76,0.16000000000000014,2.37,432126.89,292620.405,7.21,787186.19,7.03,748618.21,6.02,378979.61,5.52,285981.59,5.39,254449.42,5.68,268891.78,7.21,817217.86,6.53,568227.68,6.12,416260.68,5.69,264008.13,5.65,321292.7
593,002562.SZ,20200724,7.27,7.32,6.71,6.76,7.45,-0.6900000000000004,-9.26,771254.09,539896.514,7.2,826315.7,6.95,736910.7,5.97,368247.73,5.5,283488.78,5.38,252237.94,5.65,265681.3,7.19,829306.91,6.45,551791.81,6.06,404353.99,5.66,259386.39,5.63,318871.05
594,002562.SZ,20200723,7.52,7.85,7.26,7.45,7.63,-0.17999999999999972,-2.36,938486.09,710585.28,7.19,816471.97,6.88,703935.85,5.93,348294.0,5.49,278643.58,5.37,248015.23,5.64,258438.76,7.14,793881.45,6.37,517837.31,6.01,382045.76,5.64,250560.52,5.62,313764.88
595,002562.SZ,20200722,7.18,7.75,7.02,7.63,7.27,0.3600000000000003,4.95,988065.07,740689.341,7.12,825981.24,6.75,652246.67,5.87,323568.07,5.47,272838.11,5.35,242916.39,5.61,249699.61,7.02,759016.97,6.27,476257.11,5.94,355751.38,5.6,238718.05,5.59,307904.71
596,002562.SZ,20200721,6.85,7.48,6.81,7.27,6.91,0.35999999999999943,5.21,805998.79,578692.397,7.16,992200.99,6.59,590590.44,5.8,299185.41,5.45,266457.96,5.33,237743.77,5.58,239368.66,6.85,688203.39,6.15,432595.39,5.87,325179.15,5.57,226603.72,5.57,300321.43
597,002562.SZ,20200720,6.85,6.96,6.53,6.91,6.71,0.20000000000000018,2.98,627774.45,425776.211,7.21,847249.53,6.46,549921.85,5.75,279525.11,5.43,261538.66,5.32,233308.13,5.56,232994.59,6.71,641861.62,6.06,396591.0,5.8,300553.96,5.54,217754.0,5.55,294144.96
598,002562.SZ,20200717,6.7,7.13,6.55,6.71,7.07,-0.3600000000000003,-5.09,722035.44,491723.161,7.18,832298.13,6.34,516449.8,5.7,263155.01,5.41,258032.73,5.31,230105.56,5.54,228428.41,6.6,605736.84,5.98,371155.34,5.74,282722.39,5.52,214886.25,5.53,289398.96
599,002562.SZ,20200716,7.08,7.36,7.07,7.07,7.86,-0.79,-10.05,986032.44,700989.791,7.08,771290.93,6.23,467600.98,5.66,245114.57,5.4,253352.16,5.3,226529.02,5.53,224542.2,6.48,552186.71,5.91,345270.45,5.7,261914.69,5.51,212589.98,5.52,283963.72
600,002562.SZ,20200715,8.23,8.23,7.61,7.86,7.48,0.3799999999999999,5.08,1819163.85,1451726.184,6.92,692052.69,6.09,399706.9,5.61,220958.86,5.38,246822.51,5.28,221356.11,5.51,218163.45,6.32,481314.17,5.83,302567.84,5.64,234348.76,5.49,199970.22,5.5,276652.57
601,002562.SZ,20200714,7.48,7.48,7.48,7.48,6.8,0.6800000000000006,10.0,81241.47,60768.619,6.54,384205.78,5.89,266860.78,5.54,175615.04,5.36,234651.27,5.27,211506.41,5.48,201142.23,6.08,318661.57,5.69,215330.59,5.56,178294.92,5.45,175070.45,5.48,262721.01
602,002562.SZ,20200713,6.7,6.8,6.51,6.8,6.18,0.6200000000000001,10.03,553017.43,371189.122,6.22,436473.7,5.73,268833.13,5.47,174826.69,5.34,234543.57,5.25,212387.85,5.47,209601.35,5.86,319237.5,5.58,215782.08,5.49,177959.91,5.42,177645.79,5.46,262792.65
603,002562.SZ,20200710,6.3,6.37,6.13,6.18,6.3,-0.1200000000000001,-1.9,416999.47,260270.19,6.02,379175.55,5.61,235126.45,5.42,160437.22,5.32,231063.52,5.24,210327.87,5.47,211939.54,5.7,274276.7,5.5,191877.52,5.44,163148.01,5.4,172024.54,5.44,259081.68
604,002562.SZ,20200709,6.2,6.5,6.15,6.3,5.92,0.3799999999999999,6.42,589841.24,372366.492,5.89,333082.49,5.55,209658.11,5.39,150401.35,5.31,228548.48,5.24,208364.6,5.47,212102.44,5.61,241793.18,5.45,176127.92,5.41,154739.31,5.39,169967.19,5.43,256581.94
605,002562.SZ,20200708,5.91,6.0,5.76,5.92,5.9,0.019999999999999574,0.34,279929.28,164325.27,5.72,270575.66,5.47,173444.27,5.35,135204.98,5.3,224789.81,5.23,205336.17,5.47,211209.07,5.52,193497.26,5.41,154118.59,5.38,144327.06,5.38,165653.37,5.42,252495.19
606,002562.SZ,20200707,5.78,6.08,5.64,5.9,5.78,0.1200000000000001,2.08,342581.09,200008.913,5.62,253117.36,5.43,167629.52,5.33,129426.97,5.29,223088.77,5.22,204153.9,5.47,215190.32,5.46,176987.39,5.37,143667.03,5.36,136810.67,5.38,164415.49,5.41,251055.03
607,002562.SZ,20200706,5.59,5.79,5.54,5.78,5.53,0.25,4.52,266526.68,151242.034,5.49,202001.3,5.39,151429.46,5.31,122165.78,5.28,221116.06,5.21,202520.39,5.48,220585.34,5.4,151320.38,5.34,129900.13,5.33,127517.15,5.38,163538.93,5.4,249090.57
608,002562.SZ,20200703,5.49,5.56,5.43,5.53,5.48,0.04999999999999982,0.91,186534.15,102763.019,5.38,169377.85,5.34,136651.94,5.29,116700.52,5.27,219602.29,5.21,201339.26,5.48,222887.46,5.36,136573.85,5.32,121215.16,5.31,121158.92,5.37,162285.84,5.39,247936.7
609,002562.SZ,20200702,5.46,5.58,5.43,5.48,5.42,0.0600000000000005,1.11,277307.08,152839.116,5.33,150503.87,5.32,129247.1,5.28,114289.9,5.27,218610.57,5.21,200525.93,5.49,225582.68,5.34,138354.18,5.31,116778.67,5.29,117379.93,5.37,162978.0,5.39,247502.61
610,002562.SZ,20200701,5.28,5.44,5.25,5.42,5.25,0.16999999999999993,3.24,192637.8,103217.881,5.31,116418.86,5.3,113679.34,5.28,110742.24,5.26,216935.46,5.2,199496.69,5.5,229210.71,5.33,123821.5,5.3,110866.05,5.28,110918.93,5.36,163073.72,5.38,245905.96
611,002562.SZ,20200630,5.27,5.31,5.23,5.25,5.22,0.03000000000000025,0.57,87000.81,45782.468,5.3,100857.42,5.29,106707.77,5.27,107446.64,5.26,216064.11,5.2,198697.45,5.51,231729.46,5.3,111999.62,5.3,108111.6,5.28,107687.7,5.36,163417.15,5.38,245224.47
612,002562.SZ,20200629,5.27,5.3,5.19,5.22,5.3,-0.08000000000000007,-1.51,103409.4,54041.393,5.31,100639.46,5.3,111527.29,5.27,109292.36,5.25,216173.4,5.19,198541.64,5.52,235806.25,5.3,112326.67,5.3,107321.11,5.27,107477.93,5.37,167432.86,5.37,246198.92
613,002562.SZ,20200624,5.37,5.39,5.28,5.3,5.36,-0.0600000000000005,-1.12,92164.26,48963.343,5.33,103769.85,5.3,109026.44,5.27,109080.79,5.25,215887.49,5.19,198234.0,5.54,238743.85,5.3,109478.34,5.31,107583.66,5.27,107516.72,5.38,170464.55,5.37,245930.36
614,002562.SZ,20200623,5.42,5.44,5.33,5.36,5.35,0.010000000000000675,0.19,106882.03,57527.809,5.35,126204.5,5.29,107109.41,5.27,109827.97,5.25,216072.15,5.19,198200.76,5.55,243937.5,5.3,110462.66,5.31,111212.37,5.28,109667.47,5.38,176104.64,5.36,245631.14
615,002562.SZ,20200622,5.35,5.44,5.28,5.35,5.33,0.019999999999999574,0.38,114830.59,61608.138,5.34,131224.15,5.29,106028.29,5.27,110699.99,5.24,215973.5,5.19,197987.32,5.56,248913.47,5.3,114739.91,5.32,119741.96,5.27,108790.98,5.39,182783.72,5.36,245390.06
616,002562.SZ,20200619,5.31,5.36,5.3,5.33,5.32,0.009999999999999787,0.19,85911.0,45840.474,5.31,123141.82,5.29,104718.58,5.27,111426.16,5.24,216038.05,5.18,197720.19,5.57,254424.45,5.29,110346.68,5.31,116722.31,5.27,109955.13,5.4,189912.74,5.35,244995.91
617,002562.SZ,20200618,5.39,5.39,5.29,5.32,5.4,-0.08000000000000007,-1.48,119061.36,63375.831,5.28,124013.88,5.3,110345.0,5.27,111730.23,5.24,216209.72,5.18,197476.58,5.57,256958.77,5.28,108479.87,5.29,115615.53,5.27,110298.63,5.42,200408.81,5.35,244889.67
618,002562.SZ,20200617,5.32,5.42,5.26,5.4,5.32,0.08000000000000007,1.5,204337.51,109825.235,5.27,115186.84,5.3,111767.12,5.26,113343.4,5.23,215788.38,5.18,197058.41,5.57,260138.63,5.28,105856.48,5.28,113451.46,5.27,110248.87,5.44,210564.16,5.34,244510.37
619,002562.SZ,20200616,5.21,5.37,5.17,5.32,5.19,0.1299999999999999,2.5,131980.28,69325.129,5.24,94720.82,5.29,101525.08,5.26,111887.08,5.23,214769.48,5.17,196145.94,5.58,260868.99,5.27,95203.16,5.27,106892.81,5.27,107988.64,5.46,214312.15,5.34,243661.71
620,002562.SZ,20200615,5.15,5.24,5.14,5.19,5.17,0.020000000000000462,0.39,74418.94,38632.71,5.25,98255.68,5.29,99731.24,5.26,115114.19,5.22,214386.16,5.17,195667.5,5.58,264664.49,5.28,97910.59,5.26,104467.64,5.26,108239.97,5.47,220826.45,5.33,243139.57
621,002562.SZ,20200612,5.18,5.22,5.11,5.17,5.25,-0.08000000000000007,-1.52,90271.29,46664.584,5.26,97551.54,5.3,106678.9,5.26,119629.44,5.22,214660.28,5.17,195592.08,5.6,273200.84,5.3,104223.58,5.26,105531.74,5.26,108967.66,5.49,229228.19,5.33,243332.91
622,002562.SZ,20200611,5.28,5.3,5.22,5.25,5.27,-0.019999999999999574,-0.38,74926.17,39444.638,5.28,92945.87,5.33,121079.1,5.28,124656.91,5.22,214424.9,5.17,195610.86,5.61,278364.43,5.31,102315.55,5.26,105053.56,5.26,111755.59,5.5,240177.12,5.32,243604.98
623,002562.SZ,20200610,5.37,5.39,5.25,5.27,5.37,-0.10000000000000053,-1.86,102007.4,53955.486,5.28,96526.12,5.32,119503.06,5.29,130541.9,5.22,214505.55,5.16,195652.49,5.61,283404.1,5.32,105688.98,5.26,106535.9,5.26,114418.8,5.52,246248.11,5.32,243380.88
624,002562.SZ,20200609,5.29,5.47,5.27,5.37,5.26,0.11000000000000032,2.09,149654.6,80772.709,5.31,95685.51,5.3,116562.13,5.3,140944.89,5.21,214613.83,5.16,195807.98,5.62,288239.5,5.33,111962.08,5.27,109269.87,5.26,119075.28,5.54,251025.91,5.31,242912.18
625,002562.SZ,20200608,5.25,5.34,5.25,5.26,5.24,0.019999999999999574,0.38,70898.24,37504.034,5.31,97565.5,5.28,110879.47,5.32,153727.39,5.21,214351.02,5.16,195519.66,5.62,294055.68,5.34,124744.01,5.26,105816.51,5.26,121684.71,5.55,257688.5,5.31,242219.26
626,002562.SZ,20200605,5.31,5.31,5.21,5.24,5.28,-0.040000000000000036,-0.76,67242.95,35221.754,5.34,110895.62,5.28,111053.79,5.33,158372.94,5.21,214932.03,5.16,195815.96,5.63,301797.15,5.33,123097.95,5.25,109759.36,5.27,128028.29,5.57,262865.93,5.3,242176.22
627,002562.SZ,20200604,5.38,5.38,5.25,5.28,5.38,-0.09999999999999964,-1.86,92827.4,49176.168,5.35,111685.24,5.27,112302.56,5.35,165959.26,5.21,216063.71,5.15,196039.03,5.63,307754.71,5.31,122751.19,5.26,111208.0,5.29,134954.04,5.58,268291.21,5.29,242048.28
628,002562.SZ,20200603,5.41,5.43,5.36,5.38,5.41,-0.03000000000000025,-0.55,97804.35,52708.775,5.35,114851.84,5.26,112523.59,5.36,170163.2,5.21,216841.87,5.15,195957.76,5.63,317727.27,5.29,121046.45,5.26,112445.06,5.31,147050.11,5.6,272139.58,5.29,241731.66
629,002562.SZ,20200602,5.37,5.53,5.35,5.41,5.37,0.040000000000000036,0.74,159054.56,86614.586,5.35,128238.65,5.25,111208.47,5.37,173631.97,5.2,216754.38,5.15,195954.24,5.63,322943.95,5.27,118582.45,5.26,114381.38,5.33,163265.27,5.61,278537.64,5.28,241321.56
630,002562.SZ,20200601,5.39,5.4,5.3,5.37,5.3,0.07000000000000028,1.32,137548.83,73739.045,5.36,151922.52,5.23,107017.58,5.37,177587.96,5.2,216191.76,5.15,196117.2,5.61,322596.89,5.25,111024.7,5.25,113404.66,5.34,165591.69,5.62,283888.06,5.27,240287.6
631,002562.SZ,20200529,5.27,5.34,5.25,5.3,5.3,0.0,0.0,71191.04,37692.169,5.31,135300.28,5.23,108489.73,5.38,183278.07,5.2,215792.99,5.15,196092.57,5.6,323303.47,5.22,106839.9,5.24,111339.69,5.35,171845.99,5.63,290398.14,5.27,239628.96
632,002562.SZ,20200528,5.34,5.39,5.22,5.3,5.35,-0.04999999999999982,-0.93,108660.4,57501.836,5.27,133817.13,5.22,109212.53,5.39,187232.94,5.19,215760.54,5.15,196485.13,5.59,323696.23,5.21,107791.57,5.23,116475.61,5.36,177331.67,5.64,293811.38,5.26,239440.24
633,002562.SZ,20200527,5.41,5.44,5.27,5.35,5.49,-0.14000000000000057,-2.55,164738.43,88055.837,5.23,127241.06,5.21,112373.67,5.4,192566.09,5.19,215470.65,5.15,196983.55,5.58,324145.66,5.2,107382.83,5.23,118783.71,5.37,180901.07,5.64,297959.55,5.26,238899.12
634,002562.SZ,20200526,5.16,5.64,5.12,5.49,5.13,0.3600000000000003,7.02,277473.92,150603.988,5.19,108926.25,5.21,107102.7,5.4,193348.52,5.19,214667.47,5.15,198112.58,5.57,324086.9,5.21,106577.66,5.23,122631.89,5.38,185195.07,5.65,299532.49,5.25,237827.05
635,002562.SZ,20200525,5.09,5.14,5.03,5.13,5.08,0.04999999999999982,0.98,54437.6,27818.737,5.13,70126.87,5.2,94802.28,5.4,191895.27,5.18,213458.38,5.15,197597.93,5.56,322704.1,5.18,86889.01,5.23,120155.06,5.39,186979.69,5.65,301851.97,5.25,236074.47
636,002562.SZ,20200522,5.1,5.15,5.03,5.08,5.08,0.0,0.0,63775.32,32480.84,5.13,78379.51,5.22,101117.15,5.4,198619.17,5.18,213480.11,5.15,198143.86,5.55,324346.22,5.18,96420.77,5.25,130493.45,5.4,192020.32,5.67,312855.43,5.24,236476.98
637,002562.SZ,20200521,5.19,5.19,5.05,5.08,5.17,-0.08999999999999986,-1.74,75780.01,38840.137,5.15,81766.0,5.24,106943.67,5.42,203015.31,5.18,213458.54,5.15,199004.29,5.53,325000.84,5.21,99664.82,5.28,141055.47,5.42,199560.72,5.68,319751.52,5.24,236464.17
638,002562.SZ,20200520,5.15,5.21,5.13,5.17,5.18,-0.009999999999999787,-0.19,73164.42,37858.638,5.18,87524.59,5.24,108518.24,5.43,210431.87,5.17,213289.36,5.15,199479.01,5.53,325877.49,5.23,103843.68,5.31,160051.94,5.43,203412.76,5.69,326036.87,5.24,236822.3
639,002562.SZ,20200519,5.16,5.23,5.12,5.18,5.13,0.04999999999999982,0.97,83477.01,43166.907,5.22,104229.07,5.23,116267.85,5.44,216671.47,5.17,213382.29,5.15,199992.97,5.52,327015.48,5.25,110180.31,5.36,185606.68,5.44,208576.06,5.7,332561.85,5.24,236984.9
640,002562.SZ,20200518,5.2,5.21,5.08,5.13,5.2,-0.07000000000000028,-1.35,95700.8,49161.063,5.22,103651.16,5.24,121755.96,5.46,226880.08,5.17,213294.33,5.15,200830.02,5.52,329039.33,5.26,115784.63,5.38,192875.18,5.44,215228.5,5.71,340935.03,5.23,237323.63
641,002562.SZ,20200515,5.23,5.31,5.18,5.2,5.23,-0.03000000000000025,-0.57,80707.76,42278.927,5.24,114462.03,5.25,132986.82,5.48,238995.55,5.17,213113.66,5.15,201884.55,5.52,328804.27,5.26,115839.5,5.41,204349.03,5.45,219146.61,5.72,350198.49,5.23,237448.06
642,002562.SZ,20200514,5.3,5.39,5.21,5.23,5.36,-0.1299999999999999,-2.43,104572.98,55163.811,5.27,117563.65,5.27,144312.18,5.5,252579.78,5.17,212863.89,5.15,202571.92,5.51,328592.47,5.25,125159.65,5.44,212101.72,5.47,227387.79,5.73,357421.03,5.22,237262.06
643,002562.SZ,20200513,5.18,5.42,5.15,5.36,5.19,0.16999999999999993,3.28,156686.78,83431.883,5.29,120162.76,5.3,156360.83,5.54,270553.39,5.16,212473.75,5.15,202963.94,5.51,327974.88,5.26,130184.59,5.45,217660.19,5.48,233412.39,5.73,369690.96,5.22,236870.75
644,002562.SZ,20200512,5.19,5.23,5.13,5.19,5.2,-0.009999999999999787,-0.19,80587.46,41760.455,5.29,116131.56,5.32,165463.05,5.57,287367.96,5.16,211733.77,5.15,203516.17,5.5,326816.47,5.25,138686.11,5.46,224503.77,5.49,242541.82,5.72,375230.44,5.22,236204.89
645,002562.SZ,20200511,5.33,5.34,5.18,5.2,5.35,-0.14999999999999947,-2.8,149755.19,78394.095,5.31,127918.1,5.37,194318.58,5.61,297621.76,5.16,211529.15,5.15,204321.56,5.5,327191.24,5.28,153421.12,5.49,237025.03,5.51,256776.45,5.71,376104.4,5.21,236482.42
646,002562.SZ,20200508,5.38,5.38,5.33,5.35,5.33,0.019999999999999574,0.38,96215.82,51442.474,5.29,117216.96,5.43,227741.97,5.63,308594.8,5.15,210917.47,5.15,204882.74,5.5,327159.52,5.32,164566.14,5.51,239820.09,5.54,269870.34,5.7,376784.19,5.21,235704.26
647,002562.SZ,20200507,5.35,5.4,5.3,5.33,5.37,-0.040000000000000036,-0.74,117568.54,62965.383,5.24,132755.66,5.46,237944.38,5.66,322780.31,5.15,210898.23,5.15,206557.85,5.49,327074.49,5.35,182446.12,5.53,249508.67,5.57,290519.0,5.69,376858.05,5.21,235623.63
648,002562.SZ,20200506,5.26,5.37,5.23,5.37,5.28,0.08999999999999986,1.7,136530.8,72866.69,5.24,140206.42,5.49,253914.32,5.69,341299.1,5.15,210650.96,5.15,207269.94,5.48,326942.92,5.4,216260.2,5.53,253197.31,5.62,310879.45,5.67,377271.37,5.2,235623.89
649,002562.SZ,20200430,5.17,5.33,5.14,5.28,5.12,0.16000000000000014,3.13,139520.16,73326.72,5.21,161240.67,5.51,261547.45,5.71,350200.7,5.14,210593.7,5.15,208384.23,5.48,326682.92,5.46,261033.05,5.53,257773.94,5.65,320635.65,5.66,377668.05,5.2,235417.89
650,002562.SZ,20200429,5.13,5.21,5.11,5.12,5.11,0.009999999999999787,0.2,96249.46,49625.58,5.24,178924.13,5.54,267410.7,5.74,357528.81,5.14,210325.71,5.15,209584.64,5.47,326148.41,5.5,269965.74,5.53,264950.44,5.67,333412.93,5.64,378238.78,5.2,235543.25
651,002562.SZ,20200428,5.29,5.3,4.96,5.11,5.3,-0.1899999999999995,-3.58,173909.34,88891.146,5.34,211915.32,5.57,282588.31,5.78,370857.05,5.14,210497.39,5.15,211806.25,5.47,326293.22,5.56,292858.57,5.55,270800.16,5.72,349488.72,5.63,379594.56,5.2,236659.55
652,002562.SZ,20200427,5.29,5.38,5.26,5.3,5.25,0.04999999999999982,0.95,154822.36,82178.725,5.45,232136.58,5.62,294673.17,5.81,376963.95,5.14,210018.45,5.15,213857.4,5.47,325399.04,5.62,299043.79,5.58,278501.86,5.75,368598.65,5.61,378577.27,5.2,236917.66
653,002562.SZ,20200424,5.37,5.46,5.18,5.25,5.44,-0.1900000000000004,-3.49,241702.01,128060.025,5.55,292313.97,5.64,298583.48,5.83,383962.11,5.14,209492.56,5.15,215873.39,5.46,325042.22,5.65,305135.79,5.59,285026.28,5.78,378077.42,5.6,378355.71,5.19,236337.52
654,002562.SZ,20200423,5.65,5.67,5.41,5.44,5.62,-0.17999999999999972,-3.2,227937.48,126422.596,5.7,360825.44,5.67,302297.75,5.86,386374.68,5.14,208489.14,5.15,217665.01,5.46,323612.12,5.68,310321.43,5.61,294469.67,5.81,382976.54,5.59,376969.24,5.19,234973.64
655,002562.SZ,20200422,5.6,5.64,5.46,5.62,5.64,-0.019999999999999574,-0.35,261205.4,144708.584,5.75,361007.35,5.67,299482.65,5.88,393837.94,5.13,208202.03,5.15,218853.58,5.45,321715.74,5.71,320628.94,5.63,308454.12,5.85,393692.28,5.59,377091.38,5.19,233741.87
656,002562.SZ,20200421,5.75,5.75,5.6,5.64,5.82,-0.1800000000000006,-3.09,275015.67,155611.76,5.77,373801.83,5.65,296933.27,5.9,400275.42,5.13,207314.41,5.14,220490.8,5.44,319711.12,5.71,315074.04,5.65,322522.44,5.86,397703.57,5.57,374039.15,5.18,232119.48
657,002562.SZ,20200420,5.77,5.85,5.68,5.82,5.99,-0.16999999999999993,-2.84,455709.3,262717.832,5.78,365951.0,5.62,297551.31,5.91,407720.66,5.13,206359.66,5.14,219504.4,5.43,318763.37,5.71,316571.22,5.69,344555.43,5.87,401628.37,5.56,370535.93,5.17,230385.32
658,002562.SZ,20200417,5.67,6.18,5.63,5.99,5.67,0.3200000000000003,5.64,584259.33,344460.041,5.74,317957.62,5.6,278900.13,5.9,402434.66,5.12,204534.56,5.13,217598.71,5.41,313636.35,5.66,290134.41,5.73,358189.08,5.89,397229.05,5.54,363911.67,5.16,226996.75
659,002562.SZ,20200416,5.75,5.83,5.6,5.67,5.75,-0.08000000000000007,-1.39,228847.03,130406.963,5.65,259817.42,5.58,259183.51,5.88,395766.75,5.12,202946.25,5.12,215550.58,5.39,306596.32,5.6,254514.82,5.74,350436.95,5.9,393810.01,5.53,355337.45,5.16,222989.3
660,002562.SZ,20200415,5.68,5.92,5.63,5.75,5.68,0.07000000000000028,1.23,325177.8,188187.478,5.67,280250.52,5.56,263526.88,5.89,396656.99,5.12,202679.95,5.12,215301.01,5.38,304584.4,5.56,259935.14,5.76,365136.53,5.91,402184.44,5.51,353334.91,5.15,221561.96
661,002562.SZ,20200414,5.58,5.71,5.45,5.68,5.6,0.08000000000000007,1.43,235761.53,131707.669,5.64,256346.24,5.55,271633.95,5.89,399347.13,5.11,201440.52,5.11,214442.69,5.36,301149.13,5.54,248741.75,5.79,377803.79,5.92,408950.3,5.5,350371.56,5.14,219357.72
662,002562.SZ,20200413,5.57,5.74,5.55,5.6,5.57,0.02999999999999936,0.54,215742.39,121592.862,5.63,267191.45,5.57,292546.64,5.9,413431.93,5.11,201255.97,5.11,214685.85,5.35,298981.14,5.54,257959.92,5.81,403376.08,5.92,410291.09,5.49,347939.51,5.13,217821.53
663,002562.SZ,20200410,5.75,5.84,5.49,5.57,5.74,-0.16999999999999993,-2.96,293558.35,167071.052,5.58,262311.21,5.6,317687.37,5.91,421131.89,5.1,200841.15,5.11,215173.34,5.34,297085.17,5.53,264916.78,5.85,414548.23,5.91,415018.03,5.48,346138.81,5.13,216744.89
664,002562.SZ,20200409,5.62,5.84,5.53,5.74,5.6,0.14000000000000057,2.5,331012.55,189206.841,5.54,249212.22,5.67,350157.92,5.91,425818.44,5.1,199913.83,5.1,215913.3,5.33,294537.71,5.53,278617.91,5.88,419304.1,5.92,413869.91,5.46,343196.69,5.12,214888.66
665,002562.SZ,20200408,5.58,5.73,5.53,5.6,5.63,-0.03000000000000025,-0.53,205656.4,115387.149,5.44,239619.75,5.73,380724.82,5.91,429749.34,5.1,199177.2,5.1,216664.43,5.32,291048.52,5.55,296279.31,5.92,430223.96,5.92,416724.26,5.45,339337.01,5.11,212710.93
666,002562.SZ,20200407,5.48,5.7,5.42,5.63,5.38,0.25,4.65,289987.54,161380.076,5.44,241137.26,5.79,397921.76,5.92,440932.03,5.09,199651.23,5.09,217081.8,5.3,289608.04,5.59,329970.86,5.94,439018.34,5.94,433690.54,5.44,337694.57,5.11,211369.97
667,002562.SZ,20200403,5.25,5.44,5.21,5.38,5.33,0.04999999999999982,0.94,191341.21,102333.479,5.45,248728.4,5.82,415833.39,5.92,451564.99,5.09,199004.6,5.09,215882.76,5.29,287380.46,5.67,372539.65,5.96,444156.95,5.94,439942.32,5.43,334642.21,5.1,209356.67
668,002562.SZ,20200402,5.21,5.38,5.11,5.33,5.27,0.0600000000000005,1.14,228063.41,119395.916,5.48,267522.34,5.9,445616.6,5.92,461056.72,5.09,198862.13,5.08,215487.57,5.28,285469.71,5.79,426243.75,6.0,450776.36,5.95,448660.98,5.42,333587.55,5.09,208179.91
669,002562.SZ,20200401,5.52,5.61,5.26,5.27,5.6,-0.33000000000000007,-5.89,283050.21,153436.57,5.53,308023.6,5.96,485550.75,5.92,479077.48,5.09,199014.55,5.08,214949.37,5.27,283039.03,5.89,446359.08,6.05,463457.6,5.97,456547.63,5.41,332027.22,5.09,206705.41
670,002562.SZ,20200331,5.7,5.73,5.59,5.6,5.68,-0.08000000000000007,-1.41,213243.91,120485.725,5.65,352938.86,6.03,497561.15,5.91,485136.47,5.09,198553.78,5.07,214488.2,5.26,280151.75,5.97,470337.92,6.09,473309.08,5.99,466641.55,5.4,328738.21,5.09,204860.6
671,002562.SZ,20200330,5.42,5.68,5.4,5.68,5.5,0.17999999999999972,3.27,327943.25,181370.314,5.73,418804.45,6.08,511055.91,5.88,482777.09,5.09,198771.5,5.07,214219.54,5.25,278184.95,6.05,506865.83,6.11,489054.57,5.99,481250.37,5.39,327031.8,5.08,203862.28
672,002562.SZ,20200327,5.67,5.76,5.48,5.5,5.61,-0.11000000000000032,-1.96,285310.92,160048.785,5.88,496350.89,6.14,528091.78,5.85,478735.89,5.08,199128.2,5.06,213673.16,5.23,274504.23,6.09,548792.24,6.11,486456.68,5.98,487454.26,5.38,324964.97,5.07,201812.43
673,002562.SZ,20200326,5.75,5.82,5.56,5.61,5.87,-0.2599999999999998,-4.43,430569.69,244460.622,6.11,584965.16,6.18,535494.34,5.82,473304.61,5.08,198799.04,5.06,213851.34,5.22,271431.2,6.16,564179.69,6.1,490068.66,5.97,505969.54,5.36,321396.18,5.06,200503.89
674,002562.SZ,20200325,6.0,6.09,5.66,5.87,6.0,-0.1299999999999999,-2.17,507626.52,296971.68,6.24,584694.56,6.22,532585.87,5.78,464828.08,5.08,198064.84,5.05,214122.28,5.2,266338.17,6.22,559990.29,6.11,481495.92,5.95,507919.07,5.35,315157.63,5.06,197756.88
675,002562.SZ,20200324,6.53,6.62,5.8,6.0,6.44,-0.4400000000000004,-6.83,542571.89,335821.152,6.29,587736.98,6.24,518439.95,5.74,454613.52,5.08,196917.37,5.05,212478.95,5.19,260036.21,6.28,564168.61,6.1,476946.73,5.91,495432.36,5.33,307996.41,5.05,194534.76
676,002562.SZ,20200323,6.44,6.91,6.33,6.44,6.62,-0.17999999999999972,-2.72,715675.44,473700.784,6.37,594927.2,6.26,513756.59,5.7,443766.23,5.07,196425.22,5.04,210895.75,5.17,253582.08,6.29,548065.83,6.11,485550.38,5.86,483698.04,5.3,300079.08,5.04,190887.84
677,002562.SZ,20200320,6.26,6.78,6.26,6.62,6.28,0.33999999999999986,5.41,728382.28,473486.304,6.29,601233.59,6.24,495633.85,5.63,427940.38,5.07,195070.2,5.03,208805.39,5.14,244686.99,6.25,515774.25,6.08,473643.65,5.8,463197.11,5.28,289370.53,5.03,185582.99
678,002562.SZ,20200319,6.14,6.34,6.08,6.28,6.11,0.16999999999999993,2.78,429216.67,267086.131,6.22,543394.21,6.19,480231.65,5.56,409837.14,5.06,193453.13,5.02,206874.26,5.12,235558.25,6.21,475308.97,6.03,459869.59,5.73,443663.28,5.25,278456.57,5.02,180323.22
679,002562.SZ,20200318,6.3,6.54,6.11,6.11,6.38,-0.2699999999999996,-4.23,522838.64,330175.716,6.21,535286.02,6.14,468444.63,5.51,401375.72,5.05,194253.62,5.01,207490.98,5.1,230316.57,6.2,480556.12,6.01,461641.9,5.67,434700.45,5.22,273011.27,5.01,178301.37
680,002562.SZ,20200317,6.01,6.47,5.9,6.38,6.08,0.2999999999999998,4.93,578522.98,359241.768,6.28,540600.23,6.08,455730.15,5.48,390660.28,5.04,193600.6,5.01,207133.65,5.08,224240.9,6.22,476280.25,5.99,464793.36,5.61,423064.63,5.2,265452.68,5.0,175055.94
681,002562.SZ,20200316,6.44,6.64,6.05,6.08,6.23,-0.15000000000000036,-2.41,747207.38,477228.478,6.22,501204.45,6.04,431160.3,5.43,380564.48,5.03,193318.47,5.0,205950.22,5.06,217897.12,6.17,471243.31,5.96,468442.64,5.54,409700.41,5.17,257437.64,4.99,171381.02
682,002562.SZ,20200313,5.86,6.51,5.75,6.23,6.23,0.0,0.0,439185.38,267060.108,6.21,430314.91,6.01,405732.26,5.4,360884.02,5.02,188881.72,4.98,201997.68,5.04,208764.2,6.12,424121.12,5.93,456785.27,5.48,388555.9,5.14,247032.84,4.99,166761.74
683,002562.SZ,20200312,6.23,6.4,6.13,6.23,6.47,-0.23999999999999932,-3.71,388675.73,243345.021,6.2,407223.73,6.01,426921.44,5.36,349873.34,5.01,186759.93,4.97,199855.67,5.02,204491.79,6.03,415957.63,5.88,476864.46,5.42,378634.0,5.12,240513.66,4.98,166064.73
684,002562.SZ,20200311,6.17,6.66,5.99,6.47,6.07,0.39999999999999947,6.59,549409.67,346580.063,6.2,425826.22,5.98,433757.23,5.32,340155.04,5.0,185714.43,4.96,198072.99,5.0,200545.13,6.0,403001.54,5.82,481883.46,5.38,370961.93,5.09,234798.44,4.97,164413.26
685,002562.SZ,20200310,5.92,6.13,5.74,6.07,6.04,0.03000000000000025,0.5,381544.09,227338.275,6.16,411960.26,5.91,426333.49,5.27,326049.07,4.99,183195.41,4.95,195617.52,4.98,194874.68,5.92,389724.86,5.72,461064.23,5.33,360490.47,5.06,226750.02,4.96,161057.34
686,002562.SZ,20200309,6.25,6.43,5.99,6.04,6.2,-0.16000000000000014,-2.58,392759.66,244868.801,6.13,441282.18,5.89,432727.25,5.24,318024.09,4.98,181796.64,4.94,193777.47,4.96,191262.52,5.94,423034.93,5.65,451514.14,5.29,350374.73,5.03,221486.51,4.95,159621.03
687,002562.SZ,20200306,6.22,6.43,6.13,6.2,6.22,-0.019999999999999574,-0.32,323729.51,203347.169,6.04,417927.33,5.87,447581.72,5.21,310806.93,4.97,180991.76,4.93,191799.94,4.95,186804.22,5.91,431513.06,5.57,436908.54,5.24,339443.48,5.01,215805.34,4.94,157648.1
688,002562.SZ,20200305,6.36,6.51,6.16,6.22,6.25,-0.03000000000000025,-0.48,481688.19,303351.106,5.86,424691.52,5.84,472795.49,5.17,303927.79,4.96,180813.97,4.92,190149.59,4.93,183256.04,5.86,444430.21,5.48,427840.44,5.2,330594.29,4.98,211323.74,4.93,156283.88
689,002562.SZ,20200304,5.92,6.3,5.92,6.25,5.92,0.33000000000000007,5.57,480079.87,296557.737,5.79,380176.86,5.77,475285.63,5.13,292928.15,4.96,180375.94,4.91,187743.53,4.91,177857.3,5.81,442727.68,5.4,411772.62,5.16,316864.9,4.95,204105.48,4.92,154144.31
690,002562.SZ,20200303,5.7,6.05,5.61,5.92,5.59,0.33000000000000007,5.9,528153.66,311846.743,5.69,367489.46,5.7,503030.96,5.09,282250.25,4.95,180222.28,4.9,185404.85,4.89,172974.8,5.77,453306.48,5.31,396456.82,5.11,304485.39,4.92,196687.14,4.91,152426.27
691,002562.SZ,20200302,5.4,5.64,5.3,5.59,5.3,0.29000000000000004,5.47,275985.44,151058.438,5.75,404787.67,5.63,500023.43,5.06,269640.77,4.94,178472.55,4.89,182936.42,4.87,166684.43,5.75,465641.96,5.22,378928.95,5.08,291792.81,4.9,188859.78,4.91,149665.6
692,002562.SZ,20200228,5.61,5.73,5.3,5.3,5.89,-0.5899999999999999,-10.02,357550.45,195337.785,5.79,445098.78,5.55,489026.47,5.04,264673.85,4.93,177162.58,4.88,181798.95,4.86,164158.49,5.73,489449.43,5.15,370773.29,5.06,285587.92,4.89,185069.09,4.91,148789.27
693,002562.SZ,20200227,5.75,5.97,5.65,5.89,5.74,0.14999999999999947,2.61,259114.9,150964.62,5.86,464168.9,5.49,476179.7,5.03,257300.2,4.93,175544.55,4.88,180242.35,4.86,160959.14,5.73,537771.3,5.12,359972.19,5.05,277259.59,4.88,179838.69,4.91,147893.12
694,002562.SZ,20200226,6.07,6.09,5.74,5.74,6.22,-0.47999999999999954,-7.72,416642.85,246504.628,5.83,505278.5,5.39,463989.91,5.0,253445.68,4.92,174697.27,4.87,179137.42,4.85,158995.09,5.64,560765.38,5.07,354942.12,5.01,272523.47,4.86,176121.61,4.9,147539.65
695,002562.SZ,20200225,5.81,6.35,5.7,6.22,5.81,0.41000000000000014,7.06,714644.72,432126.202,5.85,539123.51,5.29,442891.8,4.98,245145.71,4.91,173228.32,4.86,176926.43,4.84,155500.7,5.52,532403.6,5.03,345873.28,4.98,261949.76,4.84,170296.96,4.9,146105.92
696,002562.SZ,20200224,5.55,5.85,5.53,5.81,5.62,0.1899999999999995,3.38,477540.96,272574.007,5.75,526496.25,5.16,400252.34,4.93,226647.61,4.9,169431.05,4.85,173027.59,4.83,149041.5,5.36,479993.36,4.96,314044.63,4.94,241698.6,4.81,160098.54,4.89,143311.45
697,002562.SZ,20200221,5.66,5.72,5.49,5.62,5.74,-0.1200000000000001,-2.09,452901.08,252549.42,5.67,533800.08,5.05,376884.87,4.9,215862.85,4.89,167750.95,4.84,170620.9,4.81,145406.06,5.23,442304.02,4.91,293408.7,4.91,229342.11,4.8,153176.83,4.89,141314.54
698,002562.SZ,20200220,5.82,5.86,5.6,5.74,5.85,-0.10999999999999943,-1.88,464662.91,264783.208,5.6,611373.69,4.95,355707.59,4.88,208540.29,4.89,166796.24,4.83,168359.91,4.8,140503.45,5.11,411250.67,4.87,273676.32,4.89,218514.12,4.78,147607.73,4.88,140247.41
699,002562.SZ,20200219,5.66,5.98,5.58,5.85,5.72,0.1299999999999999,2.27,585867.86,339087.195,5.45,616252.26,4.82,328646.76,4.85,196967.36,4.88,166877.46,4.82,166206.27,4.79,135348.44,4.99,380817.55,4.83,253933.51,4.86,207506.82,4.77,141407.95,4.88,139228.48
700,002562.SZ,20200218,5.52,5.88,5.34,5.72,5.42,0.2999999999999998,5.54,651508.44,366670.309,5.19,525683.69,4.73,294466.81,4.81,181390.56,4.87,164405.49,4.81,163051.94,4.78,128605.2,4.84,339607.15,4.79,230074.84,4.82,190834.86,4.75,133712.24,4.88,138277.09
701,002562.SZ,20200217,5.38,5.45,5.21,5.42,5.26,0.16000000000000014,3.04,514060.09,274231.283,4.97,433490.47,4.66,256544.13,4.78,164521.3,4.87,161790.92,4.8,159597.88,4.77,120805.34,4.7,292215.95,4.75,204868.24,4.79,172813.22,4.74,124697.64,4.88,137185.8
702,002562.SZ,20200214,5.21,5.5,5.12,5.26,5.01,0.25,4.99,840769.15,446454.049,4.78,350807.97,4.63,235098.43,4.76,151388.12,4.86,160737.76,4.8,156887.23,4.76,114843.42,4.57,252097.15,4.72,183657.17,4.77,162475.69,4.72,117103.09,4.88,137031.33
703,002562.SZ,20200213,4.66,5.01,4.63,5.01,4.55,0.45999999999999996,10.11,489055.76,238775.132,4.62,211127.65,4.6,176429.39,4.75,128811.45,4.86,157690.9,4.79,152578.63,4.75,104287.57,4.51,182173.09,4.71,147003.74,4.75,136822.82,4.71,104050.54,4.87,134562.31
704,002562.SZ,20200212,4.55,4.6,4.48,4.55,4.6,-0.04999999999999982,-1.09,133025.0,60404.631,4.52,145382.84,4.58,143796.05,4.74,116590.53,4.86,157999.14,4.79,150447.95,4.75,99145.04,4.49,149118.87,4.7,128402.51,4.74,122396.19,4.71,97179.33,4.87,134060.22
705,002562.SZ,20200211,4.47,4.75,4.38,4.6,4.49,0.10999999999999943,2.45,190542.35,86806.806,4.5,153530.61,4.61,138044.4,4.74,115692.7,4.86,160286.82,4.79,150101.11,4.75,98138.92,4.54,159342.97,4.72,126722.84,4.75,120560.47,4.71,96860.44,4.88,137434.14
706,002562.SZ,20200210,4.4,4.5,4.39,4.49,4.47,0.020000000000000462,0.45,100647.6,44785.276,4.43,150941.42,4.63,128757.04,4.75,112127.43,4.86,161592.23,4.79,149589.34,4.76,96407.28,4.56,148095.9,4.73,122551.23,4.75,116460.13,4.72,94624.34,4.88,136748.91
707,002562.SZ,20200207,4.48,4.58,4.38,4.47,4.5,-0.03000000000000025,-0.67,142367.53,63550.079,4.36,153386.33,4.67,129376.04,4.75,112038.39,4.86,161443.49,4.79,149499.35,4.76,95750.88,4.59,144513.37,4.75,122861.16,4.76,115543.96,4.73,94389.22,4.88,137023.92
708,002562.SZ,20200206,4.4,4.6,4.37,4.5,4.42,0.08000000000000007,1.81,160331.72,72284.11,4.4,153218.53,4.71,129761.34,4.76,111466.4,4.86,160990.84,4.79,149418.14,4.77,95006.6,4.63,136101.98,4.78,122145.84,4.76,113249.86,4.73,93976.41,4.88,137821.89
709,002562.SZ,20200205,4.27,4.44,4.24,4.42,4.26,0.16000000000000014,3.76,173763.86,75413.181,4.46,152854.89,4.74,124338.79,4.76,108163.54,4.86,160484.39,4.79,149192.43,4.77,93812.99,4.68,127049.46,4.8,120851.45,4.77,111322.09,4.74,93167.73,4.88,138041.38
710,002562.SZ,20200204,4.07,4.33,4.07,4.26,4.17,0.08999999999999986,2.16,177596.4,74865.565,4.58,165155.32,4.78,119257.0,4.77,104398.8,4.86,160211.27,4.79,148619.56,4.78,92425.27,4.73,120542.54,4.81,116448.72,4.78,107840.73,4.76,92847.73,4.89,138094.36
711,002562.SZ,20200203,4.17,4.28,4.17,4.17,4.63,-0.45999999999999996,-9.94,112872.12,47295.408,4.7,145250.38,4.82,114598.14,4.78,101131.39,4.86,159468.08,4.79,148337.21,4.78,90653.86,4.8,117520.54,4.84,113111.86,4.8,105174.86,4.77,93724.54,4.89,138921.52
712,002562.SZ,20200123,4.83,4.85,4.58,4.63,4.83,-0.20000000000000018,-4.14,141528.54,66793.966,4.82,135640.41,4.88,113564.24,4.79,99744.97,4.86,159090.89,4.79,148775.08,4.79,89794.12,4.88,115217.19,4.87,117664.95,4.81,105509.78,4.78,95258.04,4.9,140465.32
713,002562.SZ,20200122,5.01,5.01,4.78,4.83,4.99,-0.16000000000000014,-3.21,158513.54,76938.863,4.87,118985.42,4.9,110916.67,4.78,97108.52,4.86,158419.3,4.79,149166.13,4.8,88575.47,4.91,111834.4,4.87,114147.69,4.81,102393.31,4.79,94319.33,4.9,142774.35
714,002562.SZ,20200121,4.89,5.06,4.86,4.99,4.86,0.1299999999999999,2.67,235266.0,117020.588,4.89,101244.04,4.91,106942.26,4.77,94059.1,4.86,157839.79,4.79,149067.97,4.8,87143.6,4.9,107686.16,4.87,109034.85,4.81,98634.96,4.79,92978.05,4.9,145269.68
715,002562.SZ,20200120,4.8,4.86,4.75,4.86,4.81,0.05000000000000071,1.04,78071.7,37560.425,4.88,75929.76,4.9,98695.74,4.76,88568.71,4.85,156795.19,4.79,148947.74,4.79,84829.03,4.9,94102.71,4.85,101169.22,4.79,93009.56,4.78,90392.37,4.9,145610.73
716,002562.SZ,20200117,4.9,4.91,4.81,4.81,4.87,-0.0600000000000005,-1.23,64822.28,31457.007,4.91,89790.7,4.9,103032.07,4.75,87301.29,4.85,157023.78,4.79,149571.95,4.79,85034.02,4.9,97006.55,4.84,100642.25,4.78,92598.3,4.79,90199.81,4.9,145688.05
717,002562.SZ,20200116,4.93,4.93,4.86,4.87,4.91,-0.040000000000000036,-0.81,58253.6,28462.023,4.93,94793.96,4.9,104638.76,4.75,87115.69,4.85,157155.24,4.79,150578.84,4.79,85262.54,4.92,101208.95,4.84,101059.25,4.77,92167.21,4.79,90234.72,4.9,146185.81
718,002562.SZ,20200115,4.97,4.97,4.88,4.91,4.97,-0.05999999999999961,-1.21,69806.6,34226.123,4.94,104683.37,4.89,108685.34,4.74,86830.11,4.84,157406.84,4.79,151097.24,4.79,86196.3,4.92,108189.71,4.83,101823.8,4.76,92053.2,4.79,90081.83,4.89,146842.92
719,002562.SZ,20200114,5.02,5.02,4.93,4.97,5.0,-0.03000000000000025,-0.6,108694.6,53952.55,4.92,114128.29,4.89,119002.83,4.73,86063.05,4.84,157424.73,4.79,151917.76,4.79,86611.26,4.92,114653.45,4.82,103458.41,4.75,91346.07,4.78,90641.15,4.89,147970.48
720,002562.SZ,20200113,4.86,5.02,4.86,5.0,4.88,0.1200000000000001,2.46,147376.4,73349.511,4.91,112275.66,4.86,116117.34,4.72,83927.63,4.83,156968.42,4.78,152959.46,4.79,86774.96,4.9,112354.9,4.81,101489.83,4.74,88888.9,4.78,89789.01,4.89,148463.35
721,002562.SZ,20200110,4.98,4.98,4.86,4.88,4.93,-0.04999999999999982,-1.01,89838.6,44097.79,4.89,104222.41,4.84,109108.14,4.72,81568.44,4.83,156332.06,4.78,152875.5,4.79,86209.17,4.87,108703.18,4.79,99002.03,4.72,85926.74,4.78,88343.89,4.89,149198.6
722,002562.SZ,20200109,4.85,4.95,4.82,4.93,4.81,0.1200000000000001,2.49,107700.66,52698.962,4.9,107623.93,4.82,108193.89,4.71,81947.87,4.82,156199.91,4.78,153868.25,4.79,86065.9,4.87,120112.72,4.78,100656.08,4.71,84550.26,4.77,87703.55,4.89,151078.46
723,002562.SZ,20200108,4.91,4.92,4.79,4.81,4.94,-0.13000000000000078,-2.63,117031.18,56744.019,4.9,111696.04,4.8,105104.02,4.71,80610.74,4.82,155943.62,4.78,154496.37,4.79,85926.01,4.84,116460.98,4.77,97672.77,4.7,82417.78,4.77,87350.97,4.89,154150.62
724,002562.SZ,20200107,4.99,5.03,4.92,4.94,4.91,0.03000000000000025,0.61,99431.45,49343.681,4.91,115178.6,4.8,101729.49,4.71,80661.44,4.82,155830.2,4.78,155020.22,4.8,86853.53,4.83,110383.54,4.76,94109.36,4.7,79719.76,4.77,86580.64,4.89,155091.22
725,002562.SZ,20200106,4.9,4.95,4.87,4.91,4.93,-0.019999999999999574,-0.41,107110.16,52673.327,4.88,112434.15,4.78,99738.19,4.71,80462.76,4.81,155506.27,4.78,155371.07,4.8,87306.27,4.8,108235.73,4.74,92462.99,4.69,78644.17,4.77,86084.86,4.89,156554.38
726,002562.SZ,20200103,4.91,4.95,4.89,4.93,4.91,0.019999999999999574,0.41,106846.2,52631.541,4.85,113183.96,4.77,99383.47,4.7,80963.21,4.81,155233.09,4.78,156399.24,4.81,87711.9,4.78,104277.94,4.72,90394.18,4.69,78498.47,4.77,85045.37,4.89,158681.84
727,002562.SZ,20200102,4.92,4.93,4.85,4.91,4.88,0.03000000000000025,0.61,128061.23,62608.09,4.83,132601.52,4.75,96497.08,4.7,81074.56,4.8,154879.71,4.79,157411.53,4.81,88859.21,4.76,100909.56,4.7,87646.34,4.68,77011.54,4.77,84071.13,4.89,161141.63
728,002562.SZ,20191231,4.75,4.92,4.74,4.88,4.79,0.08999999999999986,1.88,134443.98,65366.498,4.79,121225.91,4.73,94155.46,4.69,79025.33,4.8,154772.45,4.79,159090.49,4.82,91892.3,4.74,95457.88,4.68,83984.94,4.68,76701.34,4.77,82772.27,4.89,164519.8
729,002562.SZ,20191230,4.77,4.8,4.69,4.79,4.75,0.040000000000000036,0.84,85709.18,40801.802,4.75,105588.48,4.72,93268.97,4.69,76765.68,4.8,154734.44,4.8,159169.23,4.82,92639.71,4.73,92263.37,4.66,79692.37,4.68,75309.07,4.77,81383.59,4.88,167253.19
730,002562.SZ,20191227,4.81,4.86,4.73,4.75,4.82,-0.07000000000000028,-1.45,110859.2,53128.883,4.72,104037.31,4.7,90370.92,4.69,76503.15,4.79,154655.98,4.8,160337.85,4.83,93452.91,4.72,90624.76,4.65,77155.89,4.68,76589.62,4.77,80982.99,4.88,169693.3
731,002562.SZ,20191226,4.73,4.96,4.7,4.82,4.69,0.1299999999999999,2.77,203934.0,98832.046,4.7,95371.93,4.69,85363.52,4.68,76592.35,4.79,154608.71,4.81,161182.15,4.83,94763.95,4.71,89300.87,4.65,74538.52,4.68,76582.05,4.77,80692.77,4.88,169429.72
732,002562.SZ,20191225,4.69,4.74,4.65,4.69,4.68,0.010000000000000675,0.21,71183.2,33566.863,4.69,69217.6,4.68,74791.99,4.69,72252.41,4.79,153785.83,4.82,161867.08,4.83,94124.95,4.7,81199.43,4.64,66769.02,4.68,71730.5,4.77,78659.89,4.88,168373.48
733,002562.SZ,20191224,4.65,4.68,4.57,4.68,4.65,0.02999999999999936,0.65,56256.84,26108.664,4.7,69689.86,4.67,74372.81,4.7,72704.09,4.79,154184.86,4.83,162526.84,4.84,95309.48,4.69,78884.56,4.63,65396.18,4.68,71278.25,4.77,79611.59,4.87,168508.64
734,002562.SZ,20191223,4.69,4.74,4.62,4.65,4.68,-0.02999999999999936,-0.64,77953.32,36591.882,4.71,78938.25,4.65,74036.85,4.7,74508.28,4.79,154642.71,4.83,163737.94,4.85,97558.57,4.68,77835.17,4.64,64387.87,4.68,71962.46,4.77,80356.12,4.87,169160.13
735,002562.SZ,20191220,4.75,4.75,4.68,4.68,4.75,-0.07000000000000028,-1.47,67532.27,31881.202,4.72,77212.21,4.64,72258.4,4.72,75504.09,4.79,154635.72,4.84,164269.42,4.85,100171.41,4.68,76690.26,4.64,63848.39,4.68,73160.42,4.77,81073.11,4.87,169098.65
736,002562.SZ,20191219,4.74,4.76,4.69,4.75,4.72,0.03000000000000025,0.64,73162.36,34588.382,4.72,83229.81,4.63,70801.5,4.73,78063.83,4.79,155068.69,4.85,165822.72,4.86,101895.95,4.67,76510.41,4.64,65608.73,4.69,72788.54,4.78,81696.6,4.87,169023.86
737,002562.SZ,20191218,4.72,4.76,4.71,4.72,4.73,-0.010000000000000675,-0.21,73544.49,34794.88,4.71,93181.26,4.62,67864.36,4.74,82682.73,4.79,155858.35,4.86,166835.43,4.86,103198.12,4.64,74383.11,4.64,65062.53,4.7,73234.48,4.79,81795.45,4.86,168787.67
738,002562.SZ,20191217,4.72,4.77,4.69,4.73,4.71,0.020000000000000462,0.42,102498.81,48412.801,4.68,88079.25,4.61,66708.0,4.75,86545.61,4.79,156789.39,4.87,168572.64,4.87,105551.03,4.62,72512.0,4.65,67323.06,4.71,74702.96,4.79,82189.86,4.86,168800.34
739,002562.SZ,20191216,4.7,4.72,4.66,4.71,4.68,0.03000000000000025,0.64,69323.1,32527.841,4.66,76732.09,4.6,62557.63,4.75,86036.99,4.79,157063.19,4.88,170188.97,4.88,107073.69,4.6,67121.38,4.66,66831.93,4.72,75013.37,4.8,83591.47,4.86,168653.21
740,002562.SZ,20191213,4.69,4.74,4.64,4.68,4.71,-0.03000000000000025,-0.64,97620.29,45752.427,4.63,76168.31,4.6,60588.64,4.75,86293.28,4.78,158074.47,4.9,171581.96,4.89,109410.66,4.59,63687.03,4.66,69572.05,4.73,77854.72,4.81,84659.2,4.86,169000.42
741,002562.SZ,20191212,4.57,4.74,4.57,4.71,4.58,0.1299999999999999,2.84,122919.6,57445.671,4.61,69791.01,4.6,55855.59,4.76,85778.72,4.79,158671.29,4.91,174051.67,4.9,113166.5,4.58,59776.18,4.67,70222.65,4.74,82274.21,4.82,85324.4,4.85,168884.86
742,002562.SZ,20191211,4.62,4.63,4.57,4.58,4.61,-0.03000000000000025,-0.65,48034.47,22070.289,4.57,55584.97,4.6,51566.68,4.76,84119.86,4.79,159449.54,4.92,176689.64,4.91,114699.73,4.57,52338.62,4.66,66996.04,4.75,85006.3,4.83,86490.65,4.85,168647.9
743,002562.SZ,20191210,4.58,4.65,4.57,4.61,4.59,0.020000000000000462,0.44,45762.97,21080.087,4.56,56944.75,4.61,55774.73,4.77,84675.21,4.79,160128.9,4.93,178434.4,4.92,118390.55,4.58,51907.8,4.67,67475.1,4.76,86245.34,4.84,91615.8,4.85,168850.8
744,002562.SZ,20191209,4.58,4.66,4.56,4.59,4.58,0.009999999999999787,0.22,66504.2,30631.065,4.54,57510.68,4.62,57042.07,4.78,84772.78,4.79,161258.83,4.94,181149.51,4.93,122345.58,4.59,50940.56,4.68,69026.11,4.77,87321.14,4.85,94028.07,4.84,168827.66
745,002562.SZ,20191206,4.51,4.61,4.51,4.58,4.51,0.07000000000000028,1.55,65733.8,29961.049,4.54,51205.74,4.65,61061.37,4.79,85856.95,4.79,162774.38,4.96,183685.41,4.94,127748.21,4.6,51006.52,4.68,71395.5,4.78,87775.18,4.86,95364.65,4.84,168737.96
746,002562.SZ,20191205,4.5,4.52,4.49,4.51,4.49,0.019999999999999574,0.45,51889.4,23382.852,4.54,49761.34,4.67,63133.86,4.79,85616.72,4.79,163242.81,4.97,185914.6,4.95,133812.47,4.61,54707.05,4.7,70927.61,4.79,87801.33,4.87,97755.54,4.84,168780.26
747,002562.SZ,20191204,4.54,4.55,4.46,4.49,4.55,-0.05999999999999961,-1.32,54833.4,24644.915,4.57,49092.26,4.69,68690.48,4.8,85874.95,4.79,164671.45,4.97,188063.34,4.96,139727.6,4.64,55741.95,4.73,72660.16,4.8,88302.22,4.88,99490.86,4.84,168937.8
748,002562.SZ,20191203,4.58,4.58,4.52,4.55,4.59,-0.040000000000000036,-0.87,48592.6,22096.576,4.6,46870.85,4.71,72982.7,4.81,85774.5,4.79,165775.75,4.98,190598.76,4.97,146256.31,4.68,62134.12,4.75,75798.45,4.81,88110.45,4.89,101244.02,4.84,169320.0
749,002562.SZ,20191202,4.58,4.61,4.57,4.59,4.58,0.009999999999999787,0.22,34979.52,16063.398,4.63,44370.45,4.72,73736.15,4.82,86890.78,4.79,166865.81,4.99,191363.73,4.98,151325.81,4.71,66542.47,4.77,78959.37,4.82,89936.24,4.9,104183.13,4.83,169354.95
750,002562.SZ,20191129,4.63,4.65,4.55,4.58,4.64,-0.05999999999999961,-1.29,58511.8,26903.382,4.66,50807.3,4.73,75477.4,4.82,87944.65,4.79,167725.16,4.99,192306.62,4.98,158031.35,4.74,75457.07,4.8,84938.57,4.82,90689.12,4.9,108165.4,4.83,169628.22
751,002562.SZ,20191128,4.67,4.74,4.62,4.64,4.66,-0.020000000000000462,-0.43,48544.0,22664.343,4.68,59652.76,4.75,76882.88,4.83,88273.27,4.8,169269.32,5.0,193724.86,4.98,158695.4,4.75,80669.12,4.83,93523.22,4.83,90761.04,4.92,110471.43,4.83,169606.95
752,002562.SZ,20191127,4.67,4.68,4.62,4.66,4.69,-0.03000000000000025,-0.64,43726.31,20354.252,4.72,62391.64,4.75,81909.65,4.84,88161.42,4.8,170862.22,5.01,195797.42,4.98,159830.12,4.76,81653.46,4.84,101340.14,4.84,90856.84,4.92,112509.44,4.83,170140.88
753,002562.SZ,20191126,4.74,4.74,4.67,4.69,4.72,-0.02999999999999936,-0.64,36090.6,16943.643,4.76,77397.4,4.77,82882.71,4.84,88298.63,4.81,173418.33,5.01,198381.31,4.98,162422.09,4.76,83042.41,4.85,103414.11,4.84,92284.16,4.94,115947.55,4.82,170851.26
754,002562.SZ,20191125,4.74,4.74,4.65,4.72,4.69,0.02999999999999936,0.64,67163.78,31498.263,4.79,88714.5,4.79,86763.45,4.85,88711.55,4.82,174193.75,5.02,200143.69,4.98,164429.82,4.77,87111.66,4.86,105511.43,4.85,93441.51,4.94,118957.68,4.82,171170.59
755,002562.SZ,20191122,4.82,4.85,4.67,4.69,4.83,-0.13999999999999968,-2.9,102739.11,48791.097,4.81,100106.85,4.81,90643.1,4.85,88239.77,4.83,175694.04,5.02,201310.09,4.98,165935.93,4.77,91784.48,4.87,106159.5,4.85,93525.55,4.95,121914.88,4.82,171477.99
756,002562.SZ,20191121,4.82,4.89,4.81,4.83,4.87,-0.040000000000000036,-0.82,62238.4,30125.649,4.82,101685.48,4.84,91340.94,4.85,87031.94,4.84,176741.32,5.03,202483.78,4.99,168257.48,4.79,87148.17,4.88,104348.47,4.86,91592.28,4.97,126524.36,4.82,171333.83
757,002562.SZ,20191120,4.83,4.94,4.8,4.87,4.85,0.020000000000000462,0.41,118755.09,57839.59,4.79,100915.27,4.86,98442.87,4.85,87949.8,4.85,178529.15,5.03,203165.77,4.99,171402.68,4.81,89578.36,4.88,104582.36,4.86,91130.72,4.98,129452.25,4.82,171887.2
758,002562.SZ,20191119,4.83,4.89,4.79,4.85,4.83,0.019999999999999574,0.41,92676.13,44808.719,4.76,88687.42,4.88,107015.94,4.84,86867.63,4.85,178973.1,5.03,203834.9,4.99,175400.77,4.81,89462.77,4.88,101098.62,4.86,88843.21,4.99,132887.1,4.82,171915.8
759,002562.SZ,20191118,4.71,4.91,4.68,4.83,4.73,0.09999999999999964,2.11,124125.52,60025.309,4.75,85508.82,4.89,115647.18,4.84,87914.97,4.86,180141.54,5.03,205814.27,4.99,180271.13,4.84,91376.26,4.88,101633.12,4.86,87458.11,5.0,137049.01,4.81,171784.73
760,002562.SZ,20191115,4.72,4.86,4.68,4.73,4.69,0.040000000000000036,0.85,110632.24,52852.976,4.72,83462.11,4.89,112653.36,4.84,87232.71,4.87,180444.65,5.03,207403.41,4.99,182298.68,4.86,94420.06,4.87,98305.15,4.86,85376.36,5.0,142841.94,4.81,171832.68
761,002562.SZ,20191114,4.68,4.74,4.61,4.69,4.7,-0.009999999999999787,-0.21,58387.39,27223.337,4.76,72610.86,4.89,110146.03,4.85,87536.83,4.88,181968.32,5.03,208647.05,4.99,181988.26,4.9,106377.33,4.87,95807.0,4.86,84803.48,5.02,149673.95,4.81,172468.02
762,002562.SZ,20191113,4.79,4.8,4.66,4.7,4.79,-0.08999999999999986,-1.88,57615.84,27152.218,4.82,78241.45,4.91,111818.17,4.86,88906.08,4.89,183259.45,5.04,210753.1,4.99,182870.47,4.93,121026.82,4.88,95458.53,4.85,85589.27,5.03,156959.57,4.81,173711.59
763,002562.SZ,20191112,4.69,4.79,4.66,4.79,4.69,0.09999999999999964,2.13,76783.09,36290.675,4.87,90238.12,4.92,112502.98,4.88,89537.77,4.91,185408.88,5.04,213496.31,4.98,183930.35,4.94,123785.82,4.88,96905.04,4.86,87944.93,5.03,165074.09,4.81,174414.17
764,002562.SZ,20191111,4.9,4.91,4.66,4.69,4.93,-0.23999999999999932,-4.87,113892.0,54197.762,4.92,97243.7,4.93,111743.99,4.88,90138.54,4.92,187484.4,5.04,215475.67,4.98,185641.43,4.95,123911.21,4.89,96606.44,4.86,88749.79,5.04,170941.11,4.81,175565.53
765,002562.SZ,20191108,5.01,5.03,4.93,4.93,4.99,-0.0600000000000005,-1.2,56376.0,27990.783,5.01,105378.01,4.94,106758.47,4.9,92276.86,4.94,188809.71,5.04,216231.1,4.98,186360.72,4.97,120534.53,4.9,94396.08,4.87,88985.79,5.04,178007.84,4.81,176146.13
766,002562.SZ,20191107,4.92,5.0,4.91,4.99,4.94,0.04999999999999982,1.01,86540.31,42876.101,5.04,140143.79,4.94,110373.1,4.91,94541.89,4.95,191994.62,5.04,217111.27,4.98,188750.45,4.96,121548.76,4.89,93814.33,4.87,90604.66,5.04,178873.49,4.81,177634.55
767,002562.SZ,20191106,5.03,5.04,4.91,4.94,5.06,-0.11999999999999922,-2.37,117599.18,58351.902,5.04,163812.19,4.91,108144.31,4.92,96041.66,4.96,195343.21,5.03,218522.06,4.98,191802.22,4.95,119586.36,4.89,91906.9,4.88,90356.43,5.03,179658.61,4.8,178128.9
768,002562.SZ,20191105,5.09,5.16,5.02,5.06,5.11,-0.05000000000000071,-0.98,111811.0,56819.927,5.01,157333.52,4.9,103765.08,4.93,98256.23,4.97,196907.79,5.03,218986.22,4.98,196585.68,4.94,112734.47,4.88,88533.43,4.88,89676.76,5.03,181667.36,4.8,178886.19
769,002562.SZ,20191104,5.07,5.18,5.01,5.11,5.09,0.020000000000000462,0.39,154563.55,78572.423,4.97,150578.72,4.88,99119.47,4.93,105424.82,4.98,199635.6,5.03,220125.5,4.98,198160.25,4.92,111889.98,4.87,85499.04,4.89,92169.56,5.02,182915.03,4.8,180327.28
770,002562.SZ,20191101,4.93,5.22,4.91,5.09,4.98,0.10999999999999943,2.21,230204.92,117143.614,4.93,135691.05,4.86,93887.36,4.94,106481.76,4.99,202000.23,5.03,220754.75,4.97,199766.21,4.87,102190.24,4.85,80854.51,4.89,91463.68,5.02,183340.99,4.79,180149.15
771,002562.SZ,20191031,4.81,5.1,4.76,4.98,4.83,0.15000000000000036,3.11,204882.32,101623.292,4.88,102953.73,4.84,81626.3,4.94,104025.71,5.0,203474.27,5.02,220205.23,4.97,201528.88,4.84,85236.66,4.84,74016.55,4.9,88374.6,5.02,184118.51,4.79,180377.56
772,002562.SZ,20191030,4.84,4.92,4.82,4.83,4.83,0.0,0.0,85205.8,41501.286,4.86,75360.53,4.83,71226.49,4.94,104152.33,5.01,204933.61,5.02,220094.31,4.97,204157.39,4.83,69890.23,4.82,67870.5,4.91,87975.0,5.02,185672.61,4.78,180452.3
773,002562.SZ,20191029,4.86,4.95,4.83,4.83,4.9,-0.07000000000000028,-1.43,78037.0,38128.423,4.86,68135.42,4.83,68113.81,4.95,106234.76,5.01,207698.3,5.01,220111.54,4.97,210133.88,4.83,70024.26,4.81,70024.48,4.93,96986.25,5.02,191229.37,4.78,181455.27
774,002562.SZ,20191028,4.85,4.92,4.84,4.9,4.87,0.03000000000000025,0.62,80125.2,39083.778,4.87,73201.25,4.84,65833.4,4.96,108646.12,5.02,208391.6,5.01,220393.69,4.97,215259.4,4.83,69301.68,4.82,71169.07,4.94,100735.0,5.02,197561.31,4.78,182127.68
775,002562.SZ,20191025,4.85,4.88,4.76,4.87,4.87,0.0,0.0,66518.34,32076.786,4.82,68689.42,4.83,63526.06,4.96,112905.34,5.02,209184.67,5.01,220637.11,4.96,219238.03,4.83,68257.63,4.82,73211.43,4.94,102954.13,5.02,200829.09,4.79,183800.56
776,002562.SZ,20191024,4.9,4.92,4.82,4.87,4.83,0.040000000000000036,0.83,66916.31,32543.956,4.8,67519.59,4.83,62341.82,4.96,119005.28,5.03,210793.53,5.0,220659.63,4.96,219407.5,4.82,66079.9,4.83,75132.61,4.95,107709.76,5.01,201176.29,4.8,185562.25
777,002562.SZ,20191023,4.86,4.9,4.82,4.83,4.86,-0.03000000000000025,-0.62,49080.24,23842.549,4.79,64419.93,4.82,61938.48,4.97,122827.54,5.03,213098.33,5.0,220696.89,4.95,219544.42,4.82,64227.43,4.84,75741.47,4.96,110679.5,5.01,202136.91,4.8,188436.34
778,002562.SZ,20191022,4.66,4.87,4.66,4.86,4.68,0.1800000000000006,3.85,103366.14,49740.987,4.79,71913.11,4.82,65351.22,4.98,126408.26,5.04,216093.62,4.99,220932.26,4.94,220055.39,4.83,64332.39,4.86,78147.91,4.97,114377.59,5.0,203604.02,4.81,189258.6
779,002562.SZ,20191021,4.77,4.79,4.65,4.68,4.76,-0.08000000000000007,-1.68,57566.08,26996.902,4.78,65402.11,4.8,63704.69,5.0,130721.4,5.05,217694.78,4.99,220798.97,4.94,220469.65,4.82,59108.09,4.87,82309.35,4.97,118430.02,4.99,205299.81,4.82,190757.26
780,002562.SZ,20191018,4.84,4.9,4.75,4.76,4.82,-0.0600000000000005,-1.24,60669.2,29153.708,4.83,67825.85,4.8,69144.65,5.01,135401.76,5.05,219130.33,4.99,220715.69,4.93,220643.11,4.83,59518.78,4.9,86100.4,4.98,125641.69,4.99,207137.69,4.83,192390.43
781,002562.SZ,20191017,4.82,4.9,4.81,4.82,4.85,-0.02999999999999936,-0.62,51418.0,24933.861,4.85,64640.21,4.81,72241.54,5.03,140811.37,5.06,220799.94,4.98,220571.39,4.93,220614.95,4.83,62796.44,4.93,89943.56,5.0,130181.82,5.0,210053.31,4.84,194548.91
782,002562.SZ,20191016,4.82,4.94,4.82,4.85,4.81,0.040000000000000036,0.83,86546.11,42241.532,4.85,64034.93,4.82,77591.86,5.05,150455.19,5.06,221675.47,4.98,220569.72,4.92,220526.97,4.81,65850.77,4.95,97017.39,5.01,134162.05,5.0,214453.38,4.85,195642.78
783,002562.SZ,20191015,4.88,4.91,4.79,4.81,4.92,-0.11000000000000032,-2.24,70811.16,34234.287,4.86,56751.66,4.84,79006.93,5.07,154907.12,5.06,222684.45,4.97,220287.37,4.92,220373.89,4.8,70024.71,4.98,110467.24,5.03,139610.94,5.0,220950.26,4.86,197096.01
784,002562.SZ,20191014,4.87,4.97,4.86,4.92,4.84,0.08000000000000007,1.65,69684.76,34264.188,4.85,52814.07,4.87,79644.03,5.08,162378.73,5.06,225159.29,4.96,220227.21,4.91,220560.98,4.81,73036.47,4.99,116451.65,5.04,144473.85,5.0,223601.8,4.88,197904.02
785,002562.SZ,20191011,4.86,4.89,4.81,4.84,4.85,-0.009999999999999787,-0.21,44741.0,21693.856,4.83,51211.72,4.88,81761.29,5.1,170399.5,5.06,227402.39,4.96,220181.06,4.9,221111.7,4.81,78165.22,5.0,120302.38,5.06,150304.22,5.0,227023.91,4.88,200073.65
786,002562.SZ,20191010,4.86,4.9,4.83,4.85,4.86,-0.010000000000000675,-0.21,48391.6,23528.417,4.81,60952.67,4.91,92673.13,5.11,182957.16,5.06,229319.51,4.95,220195.77,4.9,221631.85,4.83,84185.32,5.01,128524.69,5.08,161456.45,5.0,232318.3,4.9,201736.73
787,002562.SZ,20191009,4.77,4.87,4.68,4.86,4.78,0.08000000000000007,1.67,50129.8,24048.682,4.77,67666.62,4.94,99211.24,5.14,196844.25,5.07,231860.62,4.95,220143.93,4.89,222246.43,4.87,87255.5,5.03,133905.54,5.1,167773.78,5.0,238212.12,4.91,204392.91
788,002562.SZ,20191008,4.8,4.87,4.77,4.78,4.8,-0.019999999999999574,-0.42,51123.2,24615.119,4.74,83297.75,4.97,105934.53,5.15,209944.09,5.07,235132.06,4.95,220112.17,4.88,222543.13,4.89,91963.44,5.04,139400.2,5.11,176930.99,5.0,246267.34,4.93,207105.64
789,002562.SZ,20190930,4.83,4.85,4.75,4.8,4.77,0.03000000000000025,0.63,61673.0,29595.356,4.76,93258.87,5.0,116840.01,5.16,224454.79,5.07,237633.26,4.94,220174.58,4.88,222434.63,4.93,105510.61,5.05,148090.99,5.13,186639.91,5.0,253122.8,4.94,209219.1
790,002562.SZ,20190927,4.62,4.83,4.62,4.77,4.62,0.14999999999999947,3.25,93445.75,44297.145,4.79,105118.72,5.05,139445.41,5.16,235252.77,5.07,238882.47,4.94,220332.97,4.87,222355.53,4.97,112682.01,5.06,158703.14,5.15,200307.53,5.0,258403.62,4.96,212996.85
791,002562.SZ,20190926,4.75,4.77,4.62,4.62,4.72,-0.09999999999999964,-2.12,81961.35,38302.486,4.86,107417.97,5.08,146911.08,5.17,248324.83,5.07,239658.01,4.94,220380.74,4.86,222053.71,5.02,117090.69,5.08,163874.51,5.18,214544.43,4.99,258166.67,4.98,216957.6
792,002562.SZ,20190925,4.86,4.91,4.71,4.72,4.91,-0.1900000000000004,-3.87,128285.46,61203.023,4.97,106844.39,5.12,151890.91,5.17,249099.95,5.06,241345.54,4.93,220183.23,4.86,221904.82,5.09,128184.0,5.11,168317.69,5.2,228329.86,4.99,258087.07,4.99,219132.08
793,002562.SZ,20190924,4.92,4.98,4.87,4.91,4.95,-0.040000000000000036,-0.81,100928.79,49640.554,5.05,100629.13,5.15,158114.13,5.17,249257.66,5.06,241816.07,4.93,219800.01,4.86,221536.99,5.15,150909.78,5.14,174404.06,5.21,242203.24,4.98,257405.69,5.01,222268.17
794,002562.SZ,20190923,5.03,5.07,4.91,4.95,5.08,-0.1299999999999999,-2.56,120972.23,60062.333,5.09,117762.34,5.16,162351.03,5.16,253292.81,5.06,243228.71,4.92,219664.67,4.85,220895.09,5.18,159866.84,5.16,180192.54,5.22,253132.43,4.97,257964.14,5.02,225552.68
795,002562.SZ,20190920,5.19,5.19,5.04,5.08,5.17,-0.08999999999999986,-1.74,104942.0,53682.371,5.15,120245.3,5.17,165354.94,5.15,255225.13,5.06,244200.48,4.92,219245.1,4.84,220185.74,5.19,162439.54,5.18,186373.72,5.22,267029.88,4.96,257124.2,5.03,228231.81
796,002562.SZ,20190919,5.1,5.17,5.08,5.17,5.12,0.04999999999999982,0.98,79093.46,40534.429,5.19,126763.41,5.17,174585.48,5.15,257436.29,5.05,244425.43,4.91,218955.62,4.83,219532.65,5.2,172864.06,5.2,200092.01,5.2,267142.32,4.95,256351.11,5.04,230815.85
797,002562.SZ,20190918,5.1,5.2,5.1,5.12,5.14,-0.019999999999999574,-0.39,97209.15,49924.933,5.21,149523.62,5.15,189571.83,5.14,263252.83,5.05,245168.8,4.91,218937.13,4.81,219979.62,5.19,180555.57,5.21,208032.92,5.18,268960.8,4.94,255779.88,5.05,234184.4
798,002562.SZ,20190917,5.22,5.34,5.13,5.14,5.25,-0.11000000000000032,-2.1,186594.87,97616.056,5.26,201190.42,5.16,197238.29,5.14,269162.22,5.04,245105.66,4.9,219151.39,4.81,220403.11,5.19,186836.96,5.22,219414.77,5.17,273657.96,4.92,255410.81,5.05,234856.6
799,002562.SZ,20190916,5.27,5.35,5.23,5.25,5.28,-0.03000000000000025,-0.57,133387.03,70517.898,5.27,201971.34,5.17,196025.22,5.13,275986.24,5.04,244682.92,4.9,218757.71,4.8,218907.31,5.18,190671.37,5.24,227204.57,5.16,273660.5,4.91,253714.95,5.05,234921.04
800,002562.SZ,20190912,5.27,5.32,5.18,5.28,5.25,0.03000000000000025,0.57,137532.55,72269.41,5.23,204633.77,5.17,204996.43,5.12,285532.31,5.03,244598.73,4.89,218482.33,4.79,218516.19,5.15,204724.27,5.24,244120.28,5.14,275218.31,4.9,253341.65,5.06,236294.42
801,002562.SZ,20190911,5.41,5.43,5.22,5.25,5.39,-0.13999999999999968,-2.6,192894.48,102289.179,5.2,218964.72,5.17,211086.12,5.11,289610.52,5.02,244132.0,4.88,218274.6,4.78,217821.61,5.15,210658.34,5.26,263271.3,5.13,279862.42,4.88,252445.31,5.06,238471.72
802,002562.SZ,20190910,5.2,5.47,5.13,5.39,5.18,0.20999999999999996,4.05,355543.19,189739.047,5.17,211587.52,5.18,215063.14,5.09,286506.28,5.01,243300.89,4.88,217834.87,4.77,216964.92,5.14,208451.38,5.26,278402.79,5.12,283370.21,4.87,250805.15,5.06,240867.62
803,002562.SZ,20190909,5.1,5.19,5.07,5.18,5.07,0.10999999999999943,2.17,190499.43,98028.486,5.11,172483.49,5.19,216891.2,5.06,279712.46,5.0,241448.9,4.87,215995.88,4.76,213853.51,5.13,197898.34,5.24,287849.98,5.11,285472.5,4.85,246085.8,5.07,240687.54
804,002562.SZ,20190906,5.09,5.14,5.01,5.07,5.1,-0.02999999999999936,-0.59,146699.2,74358.446,5.08,179371.41,5.2,220538.29,5.04,278142.1,5.0,240687.38,4.86,215220.78,4.75,212339.48,5.13,200518.24,5.23,299765.23,5.11,294387.63,4.84,243627.24,5.07,241302.42
805,002562.SZ,20190905,5.13,5.22,5.07,5.1,5.1,0.0,0.0,209187.28,107477.123,5.06,204814.77,5.22,234241.9,5.02,279860.17,4.99,239970.66,4.86,214746.62,4.74,212115.22,5.16,210307.9,5.23,319325.06,5.1,298704.04,4.82,242111.26,5.07,242589.03
806,002562.SZ,20190904,5.06,5.14,5.0,5.1,5.09,0.009999999999999787,0.2,156008.52,79133.006,5.09,202351.96,5.25,244488.32,5.01,278644.04,4.98,238769.93,4.85,214019.99,4.74,211817.7,5.21,227319.96,5.21,314281.45,5.08,294642.81,4.81,239804.97,5.07,242324.92
807,002562.SZ,20190903,5.05,5.09,4.98,5.09,5.06,0.03000000000000025,0.59,160023.04,80517.417,5.11,205315.23,5.27,268772.39,5.01,280985.15,4.97,238041.64,4.85,213618.95,4.73,212505.79,5.23,235510.28,5.18,313163.41,5.05,293594.31,4.8,238384.73,5.07,242956.85
808,002562.SZ,20190902,4.97,5.07,4.84,5.06,4.95,0.10999999999999943,2.22,224939.01,111625.78,5.15,223313.18,5.31,296505.45,5.0,285555.72,4.96,237200.03,4.84,213055.39,4.72,212264.49,5.26,251992.58,5.16,317068.46,5.03,292830.44,4.79,237395.99,5.07,245183.23
809,002562.SZ,20190830,5.25,5.3,4.93,4.95,5.26,-0.3099999999999996,-5.89,273915.99,139613.74,5.18,221665.07,5.32,317319.7,5.0,292950.42,4.96,236059.08,4.84,212226.49,4.72,212131.26,5.3,263737.76,5.15,315155.06,5.01,292169.6,4.77,234526.77,5.07,246581.16
810,002562.SZ,20190829,5.2,5.35,5.16,5.26,5.2,0.05999999999999961,1.15,196873.23,103381.459,5.27,215801.03,5.33,338132.86,5.0,291655.94,4.95,234586.65,4.84,211084.15,4.72,210926.56,5.34,283516.3,5.14,310465.33,5.01,288633.7,4.76,231091.03,5.07,246971.91
811,002562.SZ,20190828,5.3,5.32,5.18,5.2,5.3,-0.09999999999999964,-1.89,170824.86,89153.057,5.32,252287.97,5.31,355973.72,4.98,293954.11,4.94,233547.44,4.83,210456.43,4.71,211434.74,5.37,315884.26,5.13,314464.46,4.99,289924.79,4.74,228742.47,5.07,248783.89
812,002562.SZ,20190827,5.27,5.43,5.24,5.3,5.21,0.08999999999999986,1.73,250012.83,133117.854,5.35,265705.33,5.29,384209.94,4.97,299588.81,4.93,232636.37,4.83,210032.77,4.7,211101.91,5.38,348354.21,5.12,320829.63,4.99,294744.71,4.73,227772.32,5.07,251703.83
813,002562.SZ,20190826,5.22,5.35,5.15,5.21,5.37,-0.16000000000000014,-2.98,216698.45,113677.592,5.36,280671.98,5.24,373310.12,4.96,304059.64,4.93,231211.02,4.82,209092.98,4.69,210548.05,5.35,377801.62,5.1,329259.57,4.98,302289.58,4.71,225754.96,5.07,253047.86
814,002562.SZ,20190823,5.49,5.54,5.35,5.37,5.53,-0.16000000000000014,-2.89,244595.8,132975.096,5.41,305810.45,5.2,366921.6,4.95,313375.64,4.92,230134.43,4.82,208579.88,4.69,211455.3,5.34,399012.22,5.09,341322.33,4.96,302729.75,4.7,223383.49,5.06,253255.02
815,002562.SZ,20190822,5.3,5.62,5.3,5.53,5.35,0.1800000000000006,3.36,379307.91,207189.929,5.42,351231.56,5.14,366423.78,4.93,319783.14,4.91,229050.03,4.82,207746.88,4.67,209969.87,5.29,428342.21,5.07,342902.11,4.94,303743.6,4.69,221041.11,5.06,252926.1
816,002562.SZ,20190821,5.33,5.46,5.26,5.35,5.36,-0.010000000000000675,-0.19,237911.66,127475.788,5.42,379480.55,5.09,351605.55,4.91,319760.04,4.9,227120.94,4.81,206119.55,4.66,208347.27,5.2,401242.94,5.01,328304.24,4.92,303180.16,4.67,216143.3,5.05,252473.24
817,002562.SZ,20190820,5.41,5.45,5.24,5.36,5.44,-0.08000000000000007,-1.47,324846.07,173528.913,5.4,431003.09,5.05,347160.14,4.88,315092.89,4.89,225806.15,4.81,205448.85,4.65,208026.48,5.13,390816.54,4.96,322636.33,4.91,308650.46,4.66,214322.15,5.04,252124.33
818,002562.SZ,20190819,5.37,5.56,5.36,5.44,5.4,0.040000000000000036,0.74,342390.8,186228.8,5.34,474931.26,5.02,343468.59,4.85,307808.76,4.88,223991.39,4.81,204886.17,4.64,206436.02,5.06,382144.34,4.92,313249.37,4.89,315603.68,4.65,210944.5,5.03,251953.52
819,002562.SZ,20190816,5.42,5.6,5.37,5.4,5.57,-0.16999999999999993,-3.05,471701.37,257864.262,5.26,492213.99,4.98,340063.78,4.82,300309.11,4.88,222155.74,4.8,204297.47,4.64,203987.16,5.0,366572.36,4.87,306385.52,4.87,319605.68,4.63,206520.45,5.03,251274.49
820,002562.SZ,20190815,5.01,5.58,4.96,5.57,5.22,0.35000000000000053,6.7,520552.86,275184.139,5.17,505452.86,4.96,335979.95,4.79,290389.53,4.87,219227.71,4.8,203261.85,4.63,201442.75,4.94,337414.36,4.84,291192.4,4.84,316499.72,4.62,200823.41,5.02,248488.1
821,002562.SZ,20190814,5.17,5.46,5.07,5.22,5.08,0.13999999999999968,2.76,495524.33,260559.261,4.98,423005.33,4.91,331164.62,4.75,277154.91,4.86,216001.78,4.8,201208.83,4.64,198207.67,4.88,313044.66,4.8,276945.06,4.8,301788.91,4.6,195262.09,5.01,245701.31
822,002562.SZ,20190813,5.24,5.42,5.05,5.08,5.03,0.04999999999999982,0.99,544486.96,282017.416,4.87,350630.0,4.88,314292.87,4.73,264302.92,4.85,213088.2,4.8,199830.58,4.65,197091.43,4.86,293305.06,4.79,267939.96,4.77,287844.29,4.59,190463.6,5.0,242306.26
823,002562.SZ,20190812,4.82,5.08,4.78,5.03,4.93,0.10000000000000053,2.03,428804.43,212023.104,4.78,289357.42,4.83,279128.51,4.7,249606.83,4.84,210233.57,4.8,199551.6,4.66,191801.62,4.86,280717.53,4.79,264533.56,4.75,272608.14,4.58,183754.24,4.99,238816.53
824,002562.SZ,20190809,4.67,5.12,4.64,4.93,4.65,0.27999999999999936,6.02,537895.72,269891.69,4.74,240930.73,4.78,255724.6,4.69,239202.73,4.84,208089.53,4.8,198735.7,4.66,189860.31,4.85,283632.43,4.78,254588.52,4.73,262795.85,4.58,180189.95,4.99,236253.69
825,002562.SZ,20190808,4.64,4.68,4.59,4.65,4.64,0.010000000000000675,0.22,108315.2,50207.477,4.72,169375.87,4.75,224894.69,4.67,225877.65,4.83,204957.25,4.8,197177.2,4.68,186068.98,4.84,257462.02,4.77,241444.29,4.71,247218.52,4.57,174284.41,4.98,232357.25
826,002562.SZ,20190807,4.67,4.74,4.58,4.64,4.63,0.009999999999999787,0.22,133647.7,62179.398,4.79,203084.0,4.73,232340.73,4.67,225956.29,4.83,204916.36,4.81,198103.06,4.7,188887.27,4.82,255365.53,4.78,254148.77,4.7,245559.9,4.58,176395.6,4.98,232064.75
827,002562.SZ,20190806,4.7,4.72,4.45,4.63,4.85,-0.21999999999999975,-4.54,238124.07,109238.712,4.85,235980.11,4.74,234970.83,4.66,224488.77,4.82,204811.72,4.81,199638.98,4.72,189541.07,4.8,254456.12,4.8,267567.43,4.69,242598.97,4.58,176599.18,4.97,231691.49
828,002562.SZ,20190805,4.87,4.95,4.78,4.85,4.83,0.019999999999999574,0.41,186670.96,90976.448,4.94,272077.63,4.76,234777.13,4.65,220264.08,4.82,203468.87,4.82,201102.3,4.74,189845.19,4.78,244354.4,4.81,282333.35,4.68,237163.67,4.58,176105.01,4.97,230380.8
829,002562.SZ,20190802,4.84,4.93,4.8,4.83,4.98,-0.15000000000000036,-3.01,180121.4,87580.994,4.95,326334.14,4.77,244681.1,4.63,216902.66,4.82,202585.79,4.82,204130.7,4.76,189593.22,4.74,246198.68,4.8,296122.34,4.67,233769.41,4.57,177739.53,4.96,229187.63
830,002562.SZ,20190801,4.9,5.08,4.83,4.98,4.95,0.03000000000000025,0.61,276855.87,137612.499,4.96,345548.17,4.79,267468.6,4.61,212869.26,4.81,201797.21,4.82,205110.61,4.77,191592.14,4.74,244970.44,4.8,306042.39,4.66,231464.99,4.57,176957.31,4.95,227988.98
831,002562.SZ,20190731,4.99,5.02,4.86,4.95,5.07,-0.1200000000000001,-2.37,298128.27,146885.681,4.85,307647.07,4.77,263856.88,4.59,206365.87,4.81,200474.51,4.82,204025.41,4.79,191158.2,4.73,240845.45,4.76,296161.03,4.64,225028.2,4.56,176636.6,4.94,226107.97
832,002562.SZ,20190730,4.93,5.13,4.86,5.07,4.93,0.14000000000000057,2.84,418611.64,208752.895,4.74,272932.12,4.75,262078.64,4.58,199680.02,4.8,199016.9,4.81,202909.39,4.81,192078.26,4.73,242574.87,4.73,285113.9,4.61,218240.08,4.55,175232.0,4.93,223947.15
833,002562.SZ,20190729,4.74,5.09,4.71,4.93,4.86,0.0699999999999994,1.44,457953.51,224956.676,4.62,216631.17,4.74,257755.03,4.55,189450.09,4.8,196559.75,4.81,200977.88,4.84,191505.54,4.72,248349.6,4.69,268553.45,4.59,206699.11,4.55,171681.16,4.92,220964.08
834,002562.SZ,20190726,4.41,4.86,4.4,4.86,4.42,0.4400000000000004,9.95,276191.56,130425.733,4.53,166063.23,4.74,253452.52,4.54,178942.59,4.79,193968.78,4.81,199124.4,4.86,189462.67,4.71,225544.6,4.67,252377.55,4.57,192866.85,4.55,166694.05,4.92,217663.52
835,002562.SZ,20190725,4.42,4.44,4.38,4.42,4.44,-0.020000000000000462,-0.45,87350.35,38518.106,4.51,144392.7,4.75,273241.06,4.52,172371.85,4.79,192612.32,4.81,198089.78,4.89,192646.82,4.7,225426.56,4.64,242096.76,4.55,185518.48,4.56,166772.03,4.91,215755.48
836,002562.SZ,20190724,4.46,4.53,4.4,4.44,4.45,-0.009999999999999787,-0.22,124553.53,55584.102,4.6,174043.83,4.77,302094.93,4.52,171796.0,4.79,192636.19,4.81,198351.47,4.92,199065.3,4.74,252932.0,4.64,240657.09,4.54,184967.12,4.58,169948.22,4.91,215357.81
837,002562.SZ,20190723,4.42,4.49,4.38,4.45,4.46,-0.009999999999999787,-0.22,137106.89,60848.657,4.71,212217.63,4.79,321631.01,4.51,169778.53,4.79,192460.31,4.81,198414.54,4.95,201976.57,4.8,280678.74,4.64,236670.4,4.54,183175.14,4.6,174735.77,4.9,214692.89
838,002562.SZ,20190722,4.8,4.85,4.33,4.46,4.8,-0.33999999999999986,-7.08,205113.8,93317.585,4.83,280068.03,4.77,317178.84,4.51,169058.21,4.79,192141.43,4.81,198297.14,4.97,206876.69,4.84,320312.3,4.63,233568.3,4.54,181961.53,4.63,174913.17,4.9,214064.24
839,002562.SZ,20190719,4.84,4.95,4.77,4.8,4.87,-0.07000000000000028,-1.44,167838.94,81156.167,4.89,285025.97,4.76,307338.21,4.5,166818.72,4.79,191619.7,4.81,197768.76,5.0,210742.78,4.87,346045.99,4.63,227554.77,4.53,176883.95,4.65,176214.71,4.9,213091.98
840,002562.SZ,20190718,4.94,5.07,4.81,4.87,4.95,-0.08000000000000007,-1.62,235606.01,116060.616,4.88,306460.42,4.73,301150.8,4.5,164070.82,4.79,191175.12,4.8,197465.36,5.02,214404.49,4.86,367114.35,4.62,224712.27,4.51,173548.36,4.67,177643.17,4.9,212539.31
841,002562.SZ,20190717,5.02,5.13,4.94,4.95,5.05,-0.09999999999999964,-1.98,315422.49,157876.414,4.88,331820.16,4.7,293368.46,4.49,160201.61,4.79,190263.2,4.8,197416.91,5.04,216796.76,4.79,351476.62,4.59,217119.58,4.49,167560.15,4.69,179044.51,4.89,210980.78
842,002562.SZ,20190716,4.74,5.17,4.74,5.05,4.78,0.2699999999999996,5.65,476358.9,238552.469,4.89,349139.84,4.65,274534.1,4.48,153437.4,4.79,188937.78,4.8,196520.04,5.05,219035.4,4.73,327652.93,4.56,206072.68,4.47,160799.94,4.71,176832.18,4.88,208881.59
843,002562.SZ,20190715,4.67,4.78,4.55,4.78,4.73,0.04999999999999982,1.06,229903.51,107510.906,4.85,360556.57,4.6,242395.47,4.46,143210.45,4.79,187225.24,4.79,194230.95,5.05,215055.58,4.67,288757.3,4.52,185873.87,4.45,149220.34,4.72,173241.75,4.88,205562.41
844,002562.SZ,20190712,4.9,4.9,4.69,4.73,4.89,-0.15999999999999925,-3.27,275011.17,131200.202,4.84,407066.02,4.57,228158.26,4.46,140042.32,4.79,187315.5,4.79,193745.68,5.07,214581.24,4.63,279210.51,4.49,176527.98,4.44,144037.23,4.75,172206.25,4.87,204063.76
845,002562.SZ,20190711,4.88,5.09,4.85,4.89,4.98,-0.09000000000000075,-1.81,362404.75,179957.243,4.83,427768.28,4.54,212777.79,4.45,134216.92,4.8,187466.0,4.78,192737.25,5.08,214890.34,4.59,258766.97,4.47,165564.44,4.43,138338.62,4.77,173123.4,4.87,202238.83
846,002562.SZ,20190710,4.78,5.18,4.7,4.98,4.89,0.09000000000000075,1.84,402020.89,196223.13,4.71,371133.07,4.51,191426.9,4.44,127377.94,4.8,186154.8,4.78,190937.44,5.09,215375.71,4.54,228382.17,4.45,150984.68,4.42,129106.44,4.8,171155.16,4.86,199851.86
847,002562.SZ,20190709,4.61,4.98,4.6,4.89,4.72,0.16999999999999993,3.6,533442.54,258915.181,4.58,306166.01,4.47,169039.81,4.43,121050.07,4.8,185186.6,4.77,188922.27,5.1,216420.8,4.48,192662.06,4.41,134423.34,4.41,119993.83,4.82,170573.69,4.85,197613.52
848,002562.SZ,20190708,4.69,4.74,4.45,4.72,4.69,0.02999999999999936,0.64,462450.73,212310.528,4.48,216958.02,4.43,134448.25,4.43,111466.91,4.8,184935.88,4.77,186120.5,5.11,213760.68,4.43,146824.3,4.39,112786.14,4.4,106285.32,4.85,167943.94,4.85,194168.69
849,002562.SZ,20190705,4.27,4.69,4.27,4.69,4.26,0.4300000000000006,10.09,378522.5,172324.868,4.42,151355.01,4.39,106143.16,4.42,102039.7,4.81,183744.67,4.76,183704.33,5.12,211118.47,4.4,109063.55,4.37,92302.93,4.4,93435.21,4.89,165315.4,4.84,191038.66
850,002562.SZ,20190704,4.38,4.38,4.24,4.26,4.32,-0.0600000000000005,-1.39,79228.68,33904.043,4.34,89765.66,4.36,82593.94,4.41,97228.65,4.81,183022.36,4.76,181898.63,5.13,210086.07,4.38,82310.18,4.34,76765.36,4.39,85147.11,4.93,167590.07,4.84,188737.86
851,002562.SZ,20190703,4.39,4.39,4.31,4.32,4.4,-0.08000000000000007,-1.82,77185.6,33446.753,4.37,85631.28,4.36,79806.03,4.43,100297.32,4.82,184310.95,4.75,181759.14,5.13,211396.28,4.39,82762.54,4.34,75601.92,4.4,88735.27,4.97,175748.53,4.83,189065.79
852,002562.SZ,20190702,4.42,4.44,4.37,4.4,4.42,-0.019999999999999574,-0.45,87402.6,38555.813,4.38,79158.1,4.36,78156.4,4.44,104938.53,4.82,186505.62,4.75,181810.45,5.14,213458.33,4.39,84492.44,4.34,77373.44,4.42,93082.92,5.0,180177.09,4.83,188795.52
853,002562.SZ,20190701,4.38,4.42,4.35,4.42,4.32,0.09999999999999964,2.31,134435.65,58945.623,4.38,76690.58,4.36,76880.01,4.45,106657.93,4.83,189269.66,4.75,182021.79,5.16,217988.81,4.37,82990.44,4.34,79451.86,4.42,94900.35,5.04,187130.64,4.83,188563.06
854,002562.SZ,20190628,4.41,4.41,4.3,4.32,4.39,-0.0699999999999994,-1.59,70575.75,30559.41,4.38,66772.09,4.35,71984.51,4.46,108835.53,4.83,193186.57,4.75,181756.0,5.17,221432.22,4.36,73845.45,4.35,76450.59,4.42,97584.05,5.07,193141.23,4.83,187997.48
855,002562.SZ,20190627,4.39,4.44,4.36,4.39,4.36,0.02999999999999936,0.69,58556.79,25812.302,4.41,74854.71,4.36,74301.64,4.47,115134.54,4.84,195097.34,4.75,181749.88,5.18,224768.62,4.35,72361.92,4.36,78124.44,4.44,101350.31,5.11,199339.41,4.83,188129.24
856,002562.SZ,20190626,4.4,4.42,4.34,4.36,4.4,-0.040000000000000036,-0.91,44819.73,19645.972,4.4,79893.79,4.35,73857.77,4.47,117329.57,4.84,195339.7,4.74,181726.07,5.19,229512.01,4.35,73587.19,4.37,79468.57,4.45,107231.3,5.13,205280.58,4.83,188376.54
857,002562.SZ,20190625,4.44,4.46,4.33,4.4,4.45,-0.04999999999999982,-1.12,75065.0,32882.146,4.39,89826.77,4.34,75623.26,4.48,123588.22,4.84,195789.02,4.74,181831.91,5.2,235863.98,4.35,76184.63,4.38,83659.71,4.46,110599.39,5.16,212588.92,4.83,188542.89
858,002562.SZ,20190624,4.48,4.53,4.42,4.45,4.44,0.009999999999999787,0.23,84843.19,37933.58,4.36,89290.29,4.33,74153.64,4.48,127670.19,4.84,195907.92,4.74,181579.43,5.2,240347.06,4.35,78747.99,4.39,86015.82,4.47,115046.35,5.18,214302.38,4.83,188624.47
859,002562.SZ,20190621,4.46,4.48,4.4,4.44,4.37,0.07000000000000028,1.6,110988.83,49279.825,4.33,80918.81,4.31,76290.01,4.48,131220.73,4.84,196323.69,4.74,181617.44,5.21,242436.6,4.33,75542.31,4.39,85621.04,4.48,121709.66,5.19,216127.12,4.83,188591.29
860,002562.SZ,20190620,4.26,4.39,4.26,4.37,4.31,0.0600000000000005,1.39,83752.21,37192.616,4.3,69869.13,4.31,77673.25,4.5,132624.78,4.84,196256.69,4.74,181671.53,5.21,243691.74,4.31,71220.54,4.4,86565.58,4.48,122449.63,5.22,219247.2,4.83,188422.94
861,002562.SZ,20190619,4.35,4.39,4.28,4.31,4.23,0.07999999999999918,1.89,94484.61,41934.918,4.3,67280.59,4.32,76954.64,4.53,138422.38,4.84,196588.81,4.75,181436.36,5.21,246907.91,4.3,68441.3,4.41,91721.64,4.48,128245.01,5.24,224498.12,4.83,188551.9
862,002562.SZ,20190618,4.29,4.31,4.21,4.23,4.31,-0.07999999999999918,-1.86,72382.59,31430.473,4.3,62542.5,4.34,77690.65,4.58,143817.59,4.84,196871.63,4.75,181050.99,5.21,248262.02,4.29,70254.44,4.43,97378.16,4.49,132223.93,5.26,230930.09,4.83,188524.42
863,002562.SZ,20190617,4.33,4.36,4.27,4.31,4.28,0.02999999999999936,0.7,42985.82,18940.63,4.34,68205.68,4.37,78695.02,4.62,153800.64,4.85,197183.32,4.75,180921.9,5.22,251354.9,4.31,75913.29,4.44,100855.3,4.5,136663.22,5.29,235289.27,4.83,189004.44
864,002562.SZ,20190614,4.38,4.41,4.27,4.28,4.36,-0.08000000000000007,-1.83,55740.4,24766.736,4.33,70165.8,4.39,85284.0,4.67,156881.97,4.85,197689.1,4.76,180880.49,5.22,254260.52,4.34,79055.73,4.46,109453.35,4.53,140521.24,5.3,238977.6,4.84,189511.39
865,002562.SZ,20190613,4.34,4.4,4.3,4.36,4.34,0.020000000000000462,0.46,70809.54,31516.221,4.31,72571.95,4.41,90395.29,4.71,163572.14,4.85,198111.49,4.76,180951.03,5.22,255348.44,4.36,83886.97,4.48,115844.51,4.57,148025.59,5.32,243066.8,4.84,189915.97
866,002562.SZ,20190612,4.38,4.44,4.31,4.34,4.4,-0.0600000000000005,-1.36,70794.14,31624.19,4.3,69602.01,4.43,90867.45,4.76,168946.75,4.85,199199.05,4.77,180850.99,5.22,256886.16,4.38,85349.95,4.5,124053.36,4.62,154929.33,5.33,244844.88,4.85,190363.9
867,002562.SZ,20190611,4.26,4.42,4.25,4.4,4.25,0.15000000000000036,3.53,100698.52,44824.11,4.28,77966.39,4.44,95412.48,4.82,176267.12,4.85,199845.28,4.77,180742.98,5.22,257117.14,4.41,91134.79,4.52,127806.77,4.67,166296.39,5.34,247528.97,4.85,191688.56
868,002562.SZ,20190610,4.24,4.3,4.18,4.25,4.22,0.03000000000000025,0.71,52786.4,22943.391,4.28,83620.89,4.46,102041.32,4.86,178678.43,4.85,199767.54,4.78,180832.48,5.22,257450.76,4.43,93283.66,4.53,133195.54,4.71,167864.82,5.36,252970.47,4.86,192873.58
869,002562.SZ,20190606,4.29,4.33,4.16,4.22,4.29,-0.07000000000000028,-1.63,67771.14,29410.808,4.34,87945.65,4.5,113951.21,4.92,184800.38,4.85,200428.0,4.78,181122.45,5.22,258363.78,4.46,95699.78,4.55,144793.33,4.76,175545.47,5.37,258635.55,4.86,194906.05
870,002562.SZ,20190605,4.31,4.36,4.28,4.29,4.25,0.040000000000000036,0.94,55959.87,24726.583,4.4,95201.99,4.52,119655.39,4.98,187741.62,4.84,200683.65,4.79,181385.86,5.22,258397.82,4.49,101910.62,4.56,148064.17,4.82,181737.98,5.38,262852.8,4.87,195787.89
871,002562.SZ,20190604,4.36,4.39,4.2,4.25,4.4,-0.15000000000000036,-3.41,112616.0,49485.544,4.46,101097.88,4.54,131885.16,5.03,195802.81,4.84,200699.47,4.8,181861.35,5.21,258627.87,4.52,115001.97,4.58,158146.86,4.89,190528.87,5.4,268825.31,4.88,197509.89
872,002562.SZ,20190603,4.59,4.59,4.38,4.4,4.56,-0.15999999999999925,-3.51,128971.05,58768.135,4.53,104303.2,4.58,137342.66,5.09,199676.17,4.84,200344.2,4.8,181456.56,5.21,258311.09,4.57,124501.88,4.59,163208.67,4.95,192864.43,5.41,275635.34,4.89,200715.92
873,002562.SZ,20190531,4.51,4.61,4.49,4.56,4.51,0.04999999999999982,1.11,74410.2,34652.301,4.57,102946.43,4.61,145497.7,5.15,206680.92,4.83,199864.84,4.81,181051.51,5.21,257669.35,4.58,125797.32,4.6,167038.18,5.0,197263.16,5.42,280340.75,4.9,202065.46
874,002562.SZ,20190530,4.55,4.6,4.44,4.51,4.59,-0.08000000000000007,-1.74,104052.81,48031.005,4.57,103453.91,4.61,150994.02,5.22,215541.15,4.83,199723.93,4.81,181024.37,5.2,257257.1,4.58,139850.98,4.63,171254.0,5.06,200375.26,5.42,283126.56,4.9,203732.97
875,002562.SZ,20190529,4.58,4.64,4.53,4.59,4.6,-0.009999999999999787,-0.22,85439.35,40194.116,4.57,108619.25,4.62,159026.41,5.29,221443.66,4.83,199510.78,4.81,180951.94,5.19,256353.5,4.6,147802.05,4.67,180094.9,5.11,207908.18,5.42,284811.09,4.91,205072.4
876,002562.SZ,20190528,4.58,4.66,4.58,4.6,4.6,0.0,0.0,128642.6,60827.649,4.57,128906.06,4.63,174357.4,5.36,234077.87,4.82,199303.93,4.82,180795.3,5.18,255896.1,4.62,162756.77,4.73,189719.01,5.17,213203.88,5.42,288803.18,4.91,207637.22
877,002562.SZ,20190527,4.56,4.62,4.43,4.6,4.54,0.05999999999999961,1.32,122187.2,56947.473,4.6,144700.55,4.62,174707.04,5.42,247021.81,4.82,199006.81,4.82,180482.22,5.17,254698.6,4.63,164478.75,4.79,203877.19,5.23,221153.55,5.42,289926.51,4.92,210610.41
878,002562.SZ,20190524,4.51,4.58,4.47,4.54,4.54,0.0,0.0,76947.6,35572.085,4.58,148648.21,4.62,185124.46,5.48,253513.33,4.81,199013.29,4.82,180378.9,5.16,253878.01,4.63,173107.42,4.85,205155.39,5.31,229602.57,5.42,292962.54,4.92,215412.77
879,002562.SZ,20190523,4.59,4.64,4.51,4.54,4.59,-0.04999999999999982,-1.09,129879.48,60623.013,4.58,176248.05,4.62,195655.58,5.53,266091.81,4.81,199100.57,4.83,180616.57,5.16,253677.2,4.65,193886.88,4.91,215468.32,5.38,237195.59,5.42,296028.53,4.93,217652.59
880,002562.SZ,20190522,4.72,4.73,4.52,4.59,4.75,-0.16000000000000014,-3.37,186873.41,87989.76,4.63,186984.86,4.62,201477.26,5.59,276832.73,4.81,198681.56,4.83,181325.91,5.15,252575.16,4.64,194217.72,4.99,221651.66,5.47,250033.03,5.42,296152.79,4.93,217349.08
881,002562.SZ,20190521,4.51,4.77,4.51,4.75,4.49,0.2599999999999998,5.79,207615.08,99044.167,4.67,196607.49,4.66,199312.12,5.64,284350.18,4.8,197762.53,4.83,180975.16,5.14,250611.92,4.64,201291.75,5.08,228292.32,5.54,262761.8,5.41,296140.53,4.93,216704.47
882,002562.SZ,20190520,4.55,4.61,4.38,4.49,4.54,-0.04999999999999982,-1.1,141925.46,65059.091,4.65,184256.94,4.7,204947.17,5.68,290450.53,4.8,196756.22,4.84,180037.28,5.14,248440.56,4.62,201915.46,5.14,227045.71,5.59,267271.26,5.4,294148.91,4.92,215742.57
883,002562.SZ,20190517,4.8,4.8,4.43,4.54,4.8,-0.2599999999999998,-5.42,214946.82,101529.592,4.68,197566.63,4.81,215408.42,5.72,300491.56,4.8,195995.6,4.84,179429.02,5.13,247370.48,4.63,208279.04,5.21,232996.08,5.66,279360.94,5.4,293878.83,4.92,215765.81
884,002562.SZ,20190516,4.74,4.86,4.73,4.8,4.78,0.019999999999999574,0.42,183563.52,89961.973,4.71,211525.72,4.91,230551.44,5.75,299401.13,4.8,195136.71,4.84,178541.97,5.13,245683.75,4.69,202657.02,5.3,230637.4,5.73,288698.4,5.4,292317.42,4.92,214819.09
885,002562.SZ,20190515,4.71,4.81,4.63,4.78,4.62,0.16000000000000014,3.46,234986.55,113806.227,4.65,201450.59,4.99,227796.65,5.77,299717.73,4.79,194696.2,4.84,177719.85,5.12,244589.81,4.73,212387.75,5.36,237961.25,5.78,297328.51,5.39,290430.1,4.92,214385.87
886,002562.SZ,20190514,4.53,4.7,4.49,4.62,4.65,-0.03000000000000025,-0.65,145862.35,68669.607,4.6,205976.01,5.06,231505.85,5.8,301576.75,4.8,193369.96,4.85,176682.13,5.11,242104.42,4.84,216681.26,5.44,238427.43,5.81,303329.86,5.37,287733.89,4.92,213554.41
887,002562.SZ,20190513,4.65,4.71,4.59,4.65,4.69,-0.040000000000000036,-0.85,208473.89,99200.843,4.58,219573.97,5.17,239789.24,5.83,309016.32,4.8,192560.9,4.85,176582.99,5.1,241006.53,4.96,243275.64,5.53,249490.95,5.86,314578.46,5.37,286783.81,4.92,213316.11
888,002562.SZ,20190510,4.56,4.69,4.34,4.69,4.5,0.1900000000000004,4.22,284742.28,133153.236,4.58,218991.45,5.3,248344.06,5.86,317014.23,4.8,191464.32,4.85,175748.01,5.1,239267.64,5.08,237203.37,5.64,257850.15,5.88,313558.4,5.36,284656.58,4.92,212543.97
889,002562.SZ,20190509,4.45,4.6,4.45,4.5,4.55,-0.04999999999999982,-1.1,133187.88,61958.159,4.66,193788.32,5.4,240493.34,5.89,318461.03,4.8,189736.86,4.86,174491.25,5.09,236138.61,5.18,237049.75,5.75,258849.94,5.91,310544.59,5.35,280635.73,4.91,211142.49
890,002562.SZ,20190508,4.44,4.71,4.36,4.55,4.53,0.019999999999999574,0.44,257613.63,120689.135,4.82,223324.9,5.51,250319.87,5.91,322316.83,4.81,189281.81,4.86,174186.26,5.09,235109.7,5.34,249085.6,5.88,277940.68,5.95,316044.77,5.34,279020.65,4.91,211927.75
891,002562.SZ,20190507,4.61,4.71,4.35,4.53,4.61,-0.08000000000000007,-1.74,213852.19,99132.629,5.08,227386.51,5.64,243409.08,5.93,323595.62,4.81,187867.16,4.87,173542.02,5.08,232687.76,5.51,255292.9,5.99,293496.82,5.99,320751.24,5.32,275579.33,4.91,211146.4
892,002562.SZ,20190506,4.96,4.96,4.61,4.61,5.12,-0.5099999999999998,-9.96,205561.28,100039.363,5.34,266977.3,5.76,252346.63,5.95,322526.27,4.82,186746.93,4.87,172663.56,5.08,231615.33,5.66,252175.97,6.08,299949.16,6.03,329636.26,5.31,272662.3,4.91,210110.16
893,002562.SZ,20190430,5.08,5.28,5.0,5.12,5.28,-0.16000000000000014,-3.03,158726.63,83333.088,5.58,255415.29,5.9,255327.31,5.96,323299.16,4.82,186123.76,4.87,172039.85,5.07,230475.35,5.8,257713.12,6.17,314901.89,6.07,333915.33,5.3,270246.99,4.9,209629.58
894,002562.SZ,20190429,5.59,5.61,5.28,5.28,5.87,-0.5899999999999999,-10.05,280870.77,153105.03,5.7,280311.17,6.0,271358.55,5.96,331195.1,4.82,185728.37,4.88,171703.57,5.06,229516.96,5.91,258617.79,6.25,331719.09,6.08,337433.95,5.28,268632.99,4.89,209178.41
895,002562.SZ,20190426,5.89,6.08,5.81,5.87,5.84,0.03000000000000025,0.51,277921.66,168711.028,5.86,274846.3,6.12,278649.87,5.96,334483.94,4.82,184557.65,4.88,170670.25,5.04,227137.71,5.99,263534.76,6.3,339798.89,6.07,338108.01,5.26,264738.92,4.88,207323.13
896,002562.SZ,20190425,6.06,6.16,5.83,5.84,5.78,0.05999999999999961,1.04,411806.15,253249.727,5.95,283199.29,6.2,280712.67,5.94,335745.24,4.82,183574.3,4.88,170558.72,5.02,225013.15,6.04,260173.6,6.3,346654.16,6.04,334760.43,5.23,260767.4,4.87,205519.26
897,002562.SZ,20190424,5.73,5.83,5.62,5.78,5.73,0.04999999999999982,0.87,147751.22,86865.503,5.97,237374.64,6.29,288650.87,5.92,335818.91,4.81,181021.52,4.87,168982.91,4.99,220119.12,6.1,255706.26,6.3,350229.87,6.02,328761.54,5.21,254650.01,4.85,202587.07
898,002562.SZ,20190423,6.01,6.04,5.57,5.73,6.06,-0.3299999999999992,-5.45,283206.07,167972.978,6.02,260010.95,6.37,321034.35,5.9,346803.22,4.81,180415.73,4.87,168483.74,4.97,218942.54,6.21,278496.93,6.29,351735.92,6.0,338076.12,5.18,253215.32,4.84,201806.8
899,002562.SZ,20190422,6.21,6.26,6.04,6.06,6.32,-0.2600000000000007,-4.11,253546.41,159124.433,6.12,236924.41,6.41,325626.11,5.88,350570.56,4.8,178933.91,4.87,167246.36,4.95,216054.0,6.32,280650.13,6.28,347292.01,5.99,341725.62,5.15,249969.25,4.82,200058.07
900,002562.SZ,20190419,5.99,6.34,5.92,6.32,5.95,0.3700000000000001,6.22,319686.6,199866.884,6.12,252223.21,6.45,344939.15,5.83,350217.98,4.8,177810.75,4.86,166108.15,4.93,213825.21,6.42,306795.76,6.26,349524.36,5.95,343967.61,5.12,247435.45,4.8,198408.97
901,002562.SZ,20190418,6.04,6.07,5.92,5.95,6.03,-0.08000000000000007,-1.33,182682.91,111816.818,6.14,237147.91,6.47,358430.22,5.78,346848.51,4.79,176000.2,4.86,164705.82,4.9,210739.15,6.47,331700.75,6.23,353480.41,5.91,347121.76,5.09,242917.05,4.78,196460.39
902,002562.SZ,20190417,6.2,6.28,6.02,6.03,6.22,-0.1899999999999995,-3.05,260932.77,163069.974,6.24,274037.88,6.49,378413.61,5.73,351033.27,4.78,175257.49,4.85,164050.84,4.88,209167.14,6.5,347722.35,6.22,368366.4,5.88,358406.25,5.06,240931.0,4.77,195964.03
903,002562.SZ,20190416,6.04,6.23,5.94,6.22,6.09,0.1299999999999999,2.13,167773.34,104659.844,6.4,296982.91,6.48,390267.0,5.69,349124.73,4.78,174172.72,4.84,162797.84,4.86,206819.43,6.55,372090.67,6.21,372016.44,5.85,363418.34,5.03,237883.07,4.75,194535.56
904,002562.SZ,20190415,6.26,6.47,6.09,6.09,6.39,-0.2999999999999998,-4.69,330040.44,212068.095,6.52,324375.85,6.46,414539.85,5.64,353141.66,4.77,173820.91,4.84,162413.78,4.83,205660.6,6.59,404820.38,6.16,376842.03,5.79,365877.85,4.99,235921.27,4.73,193716.96
905,002562.SZ,20190412,6.46,6.52,6.16,6.39,6.45,-0.0600000000000005,-0.93,244310.08,157000.932,6.71,361368.3,6.41,402834.6,5.6,351108.33,4.76,173263.4,4.83,160889.83,4.81,202470.56,6.61,416063.03,6.12,375394.64,5.74,361714.0,4.96,231354.26,4.71,191421.07
906,002562.SZ,20190411,6.94,6.99,6.35,6.45,6.87,-0.41999999999999993,-6.11,367132.76,249842.717,6.79,426253.6,6.35,398989.81,5.54,347962.0,4.76,172452.89,4.83,159773.42,4.79,200536.12,6.56,433134.71,6.04,372053.85,5.67,364402.48,4.92,228548.56,4.7,189907.7
907,002562.SZ,20190410,6.75,6.99,6.5,6.87,6.82,0.04999999999999982,0.73,375657.95,260854.505,6.77,421406.83,6.29,393686.79,5.47,342638.62,4.75,170244.42,4.82,158202.04,4.76,196856.85,6.5,444753.48,5.98,365289.18,5.61,358699.48,4.89,224653.34,4.68,187118.24
908,002562.SZ,20190409,6.94,6.95,6.65,6.82,7.04,-0.21999999999999975,-3.12,304738.01,211020.017,6.7,447198.42,6.2,395467.53,5.4,334181.56,4.73,167907.42,4.82,156422.35,4.73,193581.21,6.36,424974.9,5.9,367865.72,5.53,356322.5,4.84,220393.43,4.66,184748.31
909,002562.SZ,20190408,7.44,7.45,6.89,7.04,6.79,0.25,3.68,515002.72,373825.474,6.65,485264.92,6.11,408980.21,5.32,328916.33,4.72,166242.82,4.81,155311.54,4.7,190902.3,6.24,413933.89,5.82,372263.37,5.46,354861.48,4.8,216761.91,4.64,183209.91
910,002562.SZ,20190404,6.33,6.82,6.33,6.79,6.33,0.45999999999999996,7.27,568736.54,385503.884,6.5,470757.76,6.02,395051.8,5.24,317335.74,4.71,162976.3,4.8,153079.43,4.67,185426.12,6.1,392252.96,5.71,362553.54,5.37,342272.55,4.75,209885.65,4.62,179284.96
911,002562.SZ,20190403,6.4,6.47,6.11,6.33,6.51,-0.17999999999999972,-2.76,342898.91,220922.087,6.33,440015.83,5.91,371632.46,5.16,302676.55,4.69,159440.72,4.8,151196.04,4.65,179503.8,5.99,375260.06,5.63,354832.26,5.29,329519.26,4.7,202383.04,4.61,174790.13
912,002562.SZ,20190402,6.58,6.8,6.33,6.51,6.59,-0.08000000000000007,-1.21,504615.94,338684.371,6.24,468100.12,5.82,368416.6,5.1,294744.65,4.69,157956.06,4.8,149616.43,4.63,177995.19,5.93,389010.45,5.57,363748.2,5.22,321026.56,4.66,197413.95,4.59,172354.03
913,002562.SZ,20190401,6.24,6.83,6.14,6.59,6.27,0.3200000000000003,5.1,495070.49,329162.073,6.03,402751.38,5.7,343253.4,5.03,282516.45,4.68,154919.57,4.79,147088.34,4.61,174505.66,5.86,371942.21,5.49,359082.18,5.14,308396.71,4.62,189995.48,4.58,168448.79
914,002562.SZ,20190329,5.87,6.4,5.69,6.27,5.93,0.33999999999999986,5.73,442466.92,273166.75,5.82,342602.85,5.58,323004.85,4.96,270333.22,4.67,151984.01,4.78,144748.4,4.59,171860.48,5.73,348863.67,5.39,346406.59,5.07,295936.44,4.58,182853.73,4.57,164887.05
915,002562.SZ,20190328,5.86,6.16,5.65,5.93,5.88,0.04999999999999982,0.85,415026.9,251434.469,5.71,313748.17,5.51,321829.61,4.89,258598.64,4.66,149478.3,4.78,142803.11,4.58,168275.49,5.63,334726.24,5.3,334539.48,4.99,283531.68,4.55,176919.07,4.56,161649.02
916,002562.SZ,20190327,5.5,6.02,5.37,5.88,5.47,0.41000000000000014,7.5,483320.37,284045.058,5.66,310504.29,5.46,320111.46,4.83,247459.11,4.66,147629.07,4.78,141061.41,4.57,166243.12,5.53,310972.99,5.22,330036.37,4.94,272137.92,4.52,171472.5,4.55,158628.29
917,002562.SZ,20190326,5.61,5.65,5.46,5.47,5.55,-0.08000000000000007,-1.44,177872.2,100972.161,5.62,309920.78,5.38,307610.37,4.77,234747.76,4.66,144726.79,4.78,138809.39,4.56,166430.04,5.45,285824.88,5.16,315672.48,4.88,258989.15,4.49,164496.86,4.55,155565.82
918,002562.SZ,20190325,5.57,5.73,5.48,5.55,5.71,-0.16000000000000014,-2.8,194327.88,111092.859,5.69,341133.04,5.36,325797.96,4.72,230658.29,4.65,144187.08,4.78,138559.94,4.56,167937.3,5.43,310756.54,5.12,321996.3,4.83,255754.77,4.47,162946.56,4.55,154931.81
919,002562.SZ,20190322,5.62,5.82,5.41,5.71,5.69,0.019999999999999574,0.35,298193.49,170780.985,5.65,355124.49,5.32,350943.33,4.67,226726.38,4.65,143545.19,4.78,138702.6,4.55,169006.4,5.4,330592.86,5.07,325325.28,4.78,250726.88,4.46,161055.45,4.55,154248.14
920,002562.SZ,20190321,5.76,6.0,5.68,5.69,5.67,0.020000000000000462,0.35,398807.5,236594.691,5.55,355704.31,5.27,359643.48,4.62,219776.17,4.65,142212.18,4.78,138278.76,4.55,168560.95,5.32,332854.12,5.0,317282.34,4.72,241996.52,4.44,157598.68,4.54,152899.18
921,002562.SZ,20190320,5.86,5.88,5.49,5.67,5.85,-0.17999999999999972,-3.08,480402.84,278113.074,5.4,311441.69,5.18,347547.42,4.58,209435.55,4.65,141241.8,4.78,137462.24,4.54,168486.43,5.27,334404.46,4.93,306648.87,4.66,230407.43,4.42,152605.67,4.54,149944.17
922,002562.SZ,20190319,5.31,5.85,5.31,5.85,5.32,0.5299999999999994,9.96,333933.48,194420.048,5.28,261728.98,5.09,326372.18,4.53,196471.67,4.65,138916.05,4.79,135948.53,4.54,168553.39,5.22,338485.94,4.86,287034.61,4.6,215688.33,4.4,146118.76,4.53,146445.13
923,002562.SZ,20190318,5.28,5.37,5.13,5.32,5.21,0.11000000000000032,2.11,264285.12,142179.45,5.16,280380.05,4.97,325682.27,4.48,187966.64,4.65,137037.28,4.79,135782.98,4.53,173413.89,5.13,346222.14,4.78,276623.96,4.53,206578.65,4.38,142719.6,4.53,144244.21
924,002562.SZ,20190315,4.93,5.25,4.93,5.21,4.94,0.2699999999999996,5.47,301092.63,157713.659,5.16,306061.23,4.92,320432.85,4.45,182007.36,4.64,135716.47,4.79,135787.99,4.52,174499.76,5.05,343949.51,4.73,269472.83,4.49,199832.03,4.37,140045.18,4.52,142806.93
925,002562.SZ,20190314,5.0,5.15,4.84,4.94,5.06,-0.11999999999999922,-2.37,177494.36,90426.748,5.1,310003.93,4.87,320683.32,4.42,175752.93,4.64,134050.48,4.8,135555.29,4.51,171731.29,4.98,334352.71,4.68,257934.4,4.45,191369.83,4.36,136765.13,4.52,140789.22
926,002562.SZ,20190313,5.25,5.26,5.01,5.06,5.29,-0.23000000000000043,-4.35,231839.31,121892.666,5.15,357367.23,4.85,327099.71,4.4,173518.34,4.65,133392.14,4.81,136416.88,4.51,170824.98,4.92,349099.74,4.64,252720.39,4.42,186774.37,4.36,135882.93,4.52,139941.21
927,002562.SZ,20190312,5.44,5.51,5.19,5.29,5.29,0.0,0.0,427188.81,231982.297,5.15,415242.91,4.79,319830.13,4.37,168128.44,4.64,132282.07,4.81,137769.92,4.5,168962.95,4.87,345520.08,4.59,245571.29,4.39,180538.48,4.36,135848.16,4.53,138881.92
928,002562.SZ,20190311,4.95,5.37,4.92,5.29,4.9,0.3899999999999997,7.96,392691.04,206746.613,5.09,412064.24,4.72,301287.75,4.34,157432.31,4.64,129656.99,4.82,138765.86,4.49,165196.63,4.81,333236.07,4.54,228253.88,4.36,168354.51,4.36,132776.7,4.52,136297.96
929,002562.SZ,20190308,5.03,5.26,4.88,4.9,5.2,-0.2999999999999998,-5.77,320806.12,166234.363,4.94,381837.78,4.64,277859.04,4.3,148178.36,4.64,127644.32,4.83,138272.05,4.48,161311.95,4.74,320057.7,4.47,210793.89,4.32,158212.87,4.36,131176.55,4.52,135106.86
930,002562.SZ,20190307,5.11,5.31,4.97,5.2,5.09,0.11000000000000032,2.16,414310.89,219372.501,4.85,358701.5,4.59,262852.44,4.28,140215.39,4.65,125919.92,4.83,139394.95,4.48,158788.9,4.68,301710.57,4.42,196567.72,4.3,150903.28,4.36,128722.99,4.53,133496.78
931,002562.SZ,20190306,4.99,5.4,4.9,5.09,4.98,0.10999999999999943,2.21,521217.68,272539.099,4.69,340832.25,4.52,240310.26,4.25,129677.42,4.65,123429.13,4.84,139949.27,4.47,155067.57,4.59,278893.27,4.35,178408.91,4.26,138712.33,4.36,126194.47,4.53,130453.46
932,002562.SZ,20190305,4.51,4.98,4.47,4.98,4.53,0.4500000000000002,9.93,411295.48,198119.033,4.59,275797.25,4.45,205626.14,4.22,116581.84,4.65,120514.91,4.85,141361.07,4.46,149681.55,4.51,235583.28,4.29,154289.53,4.23,123455.76,4.37,125796.49,4.53,126436.07
933,002562.SZ,20190304,4.51,4.63,4.44,4.53,4.47,0.0600000000000005,1.34,241558.75,112247.219,4.52,254407.89,4.38,179619.89,4.2,108409.03,4.66,118178.76,4.85,140120.02,4.45,145741.84,4.44,207025.77,4.24,136756.9,4.21,112347.8,4.37,123790.18,4.53,123550.57
934,002562.SZ,20190301,4.4,4.47,4.37,4.47,4.37,0.09999999999999964,2.29,205124.7,92664.673,4.53,258277.62,4.35,167873.62,4.19,104835.62,4.67,117313.85,4.86,139422.2,4.45,144075.25,4.41,194996.15,4.21,127773.3,4.19,105964.69,4.38,124339.37,4.53,121909.45
935,002562.SZ,20190228,4.46,4.48,4.32,4.37,4.59,-0.21999999999999975,-4.79,324964.66,146089.572,4.51,244719.64,4.33,158313.3,4.18,101356.87,4.68,116846.15,4.86,138891.37,4.45,144372.51,4.38,181516.08,4.19,119878.38,4.18,100994.52,4.39,125333.71,4.54,120696.85
936,002562.SZ,20190227,4.63,4.69,4.54,4.59,4.65,-0.0600000000000005,-1.29,196042.67,92559.605,4.5,216954.29,4.3,136661.5,4.17,94811.66,4.69,116328.64,4.87,137937.81,4.45,142224.33,4.36,156341.04,4.18,105611.68,4.18,92694.63,4.41,126471.27,4.54,119064.7
937,002562.SZ,20190226,4.66,4.83,4.54,4.65,4.59,0.0600000000000005,1.31,304348.68,145397.293,4.43,195369.3,4.25,124372.28,4.15,92533.33,4.69,115494.63,4.87,137587.1,4.44,140803.81,4.32,145622.5,4.16,98047.68,4.16,90607.21,4.42,131294.3,4.55,117992.36
938,002562.SZ,20190225,4.42,4.62,4.35,4.59,4.35,0.2400000000000002,5.52,260907.39,120756.906,4.35,159643.65,4.18,104894.28,4.14,84898.18,4.7,113918.38,4.88,136658.26,4.43,138717.72,4.26,123271.7,4.13,85913.73,4.15,84464.35,4.43,137863.01,4.55,116059.05
939,002562.SZ,20190222,4.25,4.36,4.22,4.35,4.3,0.04999999999999982,1.16,137334.79,60363.304,4.29,131714.69,4.12,87811.41,4.12,78974.66,4.71,112798.33,4.88,135842.39,4.43,136633.43,4.21,101530.08,4.11,77290.46,4.13,78662.34,4.43,139276.65,4.56,114565.19
940,002562.SZ,20190221,4.24,4.45,4.22,4.3,4.25,0.04999999999999982,1.18,186137.93,82832.764,4.25,118312.53,4.09,81912.03,4.12,76893.22,4.72,112634.29,4.89,135394.55,4.42,135578.8,4.17,91424.88,4.11,75499.63,4.12,77498.76,4.44,138545.36,4.57,114660.21
941,002562.SZ,20190220,4.28,4.28,4.19,4.25,4.28,-0.03000000000000025,-0.7,88117.72,38220.636,4.22,95727.79,4.07,72354.24,4.12,73959.37,4.73,112179.71,4.9,134638.34,4.41,133916.4,4.11,77924.56,4.1,68621.86,4.11,75246.81,4.44,137268.41,4.58,113653.99
942,002562.SZ,20190219,4.3,4.32,4.21,4.28,4.28,0.0,0.0,125720.44,54730.226,4.2,95875.7,4.05,69208.75,4.12,73962.74,4.74,112281.18,4.92,134637.44,4.41,133540.73,4.07,72995.78,4.09,67392.0,4.11,73801.34,4.44,137336.23,4.59,113754.3
943,002562.SZ,20190218,4.16,4.29,4.15,4.28,4.15,0.1299999999999999,3.13,121262.55,52528.34,4.17,86899.74,4.04,62586.47,4.12,72170.44,4.75,112350.59,4.93,134246.59,4.41,132586.04,4.04,66488.04,4.09,65008.82,4.1,71594.26,4.45,137652.8,4.6,113555.76
944,002562.SZ,20190215,4.16,4.18,4.13,4.15,4.15,0.0,0.0,70324.0,29841.878,4.12,71345.47,4.03,56701.86,4.12,71099.61,4.76,113025.42,4.94,133881.71,4.4,131947.33,4.01,60550.44,4.08,61448.95,4.1,69771.02,4.45,137320.77,4.61,113430.56
945,002562.SZ,20190214,4.15,4.17,4.12,4.15,4.16,-0.009999999999999787,-0.24,73214.23,31016.34,4.08,64537.22,4.03,56036.14,4.13,71409.53,4.77,114110.42,4.96,133979.8,4.4,131751.73,4.0,58240.68,4.08,60733.74,4.1,70306.46,4.46,138341.65,4.62,115003.47
946,002562.SZ,20190213,4.12,4.17,4.07,4.16,4.13,0.03000000000000025,0.73,88857.28,37585.872,4.0,60121.32,4.04,57207.5,4.14,71926.39,4.78,115413.21,4.97,133947.1,4.4,131920.29,4.0,54882.33,4.09,60871.43,4.1,70807.07,4.47,139374.93,4.63,115605.81
947,002562.SZ,20190212,4.03,4.17,4.01,4.13,4.03,0.09999999999999964,2.48,80840.62,33971.738,3.94,50115.87,4.04,58181.42,4.15,72231.38,4.8,116355.77,4.98,134191.8,4.4,132377.13,4.0,50472.87,4.09,63099.56,4.11,70004.57,4.47,139848.42,4.64,115393.59
948,002562.SZ,20190211,3.96,4.04,3.93,4.03,3.92,0.11000000000000032,2.81,43491.2,17717.686,3.9,46076.33,4.04,55700.03,4.16,72535.71,4.81,117919.06,5.0,134180.02,4.39,132492.81,4.0,48555.77,4.09,65060.67,4.12,70138.35,4.47,140431.36,4.65,115337.32
949,002562.SZ,20190201,3.81,3.92,3.8,3.92,3.77,0.1499999999999999,3.98,36282.78,14381.445,3.89,49755.41,4.05,57240.74,4.18,75079.62,4.82,119458.24,5.01,134627.81,4.39,132840.14,4.02,53050.84,4.1,67228.48,4.13,71384.02,4.48,141649.25,4.66,115484.81
950,002562.SZ,20190131,3.86,3.89,3.74,3.77,3.85,-0.08000000000000007,-2.08,51134.73,19960.681,3.92,51944.14,4.08,60454.13,4.21,77066.01,4.84,121024.09,5.03,134845.92,4.39,133083.49,4.05,59574.39,4.11,70535.7,4.15,73200.85,4.49,144834.85,4.67,115871.57
951,002562.SZ,20190130,3.89,3.95,3.83,3.85,3.91,-0.06000000000000005,-1.53,38830.0,15468.048,3.99,49643.34,4.1,60371.86,4.24,78629.38,4.86,122912.77,5.05,134857.24,4.4,133237.77,4.08,59319.17,4.11,73907.94,4.18,74803.92,4.5,146713.46,4.68,116045.36
952,002562.SZ,20190129,3.98,3.98,3.81,3.91,3.98,-0.06999999999999984,-1.76,60642.96,24166.322,4.06,50829.87,4.13,61694.15,4.27,81150.92,4.88,125841.05,5.06,135087.39,4.4,133152.0,4.11,61788.22,4.12,74204.13,4.2,76549.18,4.5,147558.02,4.69,116131.59
953,002562.SZ,20190128,4.13,4.15,3.96,3.98,4.09,-0.10999999999999988,-2.69,61886.58,25512.297,4.1,51035.2,4.15,62873.0,4.3,86124.75,4.89,129555.35,5.08,135097.81,4.41,133560.31,4.15,63529.6,4.14,74147.37,4.22,78860.56,4.51,149012.17,4.7,116483.45
954,002562.SZ,20190125,4.16,4.16,4.08,4.09,4.13,-0.040000000000000036,-0.97,47226.42,19871.947,4.15,56346.26,4.16,68375.57,4.33,91448.71,4.91,131273.06,5.1,135357.74,4.42,134336.89,4.16,62347.47,4.14,74381.32,4.25,80258.33,4.51,149723.83,4.71,116571.83
955,002562.SZ,20190124,4.15,4.17,4.12,4.13,4.17,-0.040000000000000036,-0.96,39630.73,16800.342,4.18,67204.63,4.18,73978.37,4.36,98785.64,4.92,134490.77,5.12,136062.23,4.43,134293.99,4.17,63226.8,4.15,76339.35,4.28,82160.44,4.5,149907.34,4.72,116641.92
956,002562.SZ,20190123,4.13,4.17,4.08,4.17,4.12,0.04999999999999982,1.21,44762.66,18906.582,4.17,68995.01,4.18,77610.41,4.39,102725.69,4.94,137743.27,5.14,136337.36,4.44,134157.01,4.17,66860.52,4.16,78769.44,4.3,84991.48,4.5,150271.12,4.73,117158.08
957,002562.SZ,20190122,4.19,4.19,4.11,4.12,4.22,-0.09999999999999964,-2.37,61669.6,26126.247,4.17,72746.56,4.17,82046.15,4.43,109132.66,4.95,142708.9,5.16,136432.32,4.45,134234.39,4.18,75726.26,4.17,79770.41,4.33,91157.84,4.5,150524.12,4.75,117409.14
958,002562.SZ,20190121,4.26,4.29,4.17,4.22,4.24,-0.020000000000000462,-0.47,88441.9,38182.88,4.19,76024.0,4.15,86423.84,4.47,121946.47,4.97,143680.34,5.18,136548.93,4.46,133891.96,4.19,81565.58,4.18,80929.64,4.36,97198.89,4.49,150398.28,4.76,117870.32
959,002562.SZ,20190118,4.12,4.27,4.12,4.24,4.12,0.1200000000000001,2.91,101518.28,43725.522,4.18,68348.67,4.14,83063.21,4.49,127901.61,4.98,143924.69,5.19,136525.2,4.48,133614.89,4.18,81406.12,4.19,80550.62,4.39,104140.23,4.49,150146.9,4.78,118281.44
960,002562.SZ,20190117,4.15,4.18,4.12,4.12,4.16,-0.040000000000000036,-0.96,48582.59,20648.414,4.16,59248.96,4.14,79831.63,4.52,132989.62,4.98,144021.18,5.21,136607.81,4.49,132980.02,4.16,81497.02,4.2,80014.08,4.42,106542.7,4.48,149382.49,4.79,119522.49
961,002562.SZ,20190116,4.21,4.27,4.16,4.16,4.22,-0.05999999999999961,-1.42,63520.44,27350.383,4.17,64726.04,4.14,81214.94,4.55,139348.51,4.99,144821.39,5.23,137649.0,4.5,133032.78,4.14,88496.71,4.22,82546.29,4.46,113676.61,4.48,150003.73,4.8,119750.51
962,002562.SZ,20190115,4.12,4.24,4.11,4.22,4.15,0.0699999999999994,1.69,78056.79,33361.36,4.18,78705.96,4.15,82973.9,4.58,149045.5,4.99,145330.1,5.25,139024.25,4.52,133730.16,4.13,86620.04,4.24,83929.66,4.5,128137.23,4.48,150997.05,4.81,119865.91
963,002562.SZ,20190114,4.18,4.21,4.13,4.15,4.17,-0.019999999999999574,-0.48,50065.24,21348.114,4.18,87107.17,4.15,83756.65,4.62,161026.91,5.0,145811.47,5.26,139201.89,4.53,134046.62,4.13,84765.14,4.26,86526.04,4.54,135232.55,4.47,151188.05,4.82,120045.6
964,002562.SZ,20190111,4.2,4.22,4.12,4.17,4.16,0.009999999999999787,0.24,56019.74,23813.524,4.18,94463.58,4.16,84888.73,4.65,180097.67,5.01,146318.14,5.27,139402.62,4.55,134876.25,4.13,86415.17,4.3,89213.77,4.56,142714.06,4.47,151512.65,4.84,120576.01
965,002562.SZ,20190110,4.18,4.23,4.15,4.16,4.19,-0.03000000000000025,-0.72,75968.0,32536.138,4.16,103745.07,4.17,87106.75,4.67,188618.43,5.03,146357.24,5.29,139496.35,4.56,135946.9,4.14,89451.9,4.33,91627.26,4.6,149672.91,4.47,151487.88,4.85,121114.83
966,002562.SZ,20190109,4.28,4.37,4.18,4.19,4.24,-0.04999999999999982,-1.18,133420.02,58417.377,4.11,112267.38,4.19,87483.18,4.68,189132.83,5.04,146234.8,5.3,139565.5,4.57,135523.41,4.15,90678.35,4.37,94056.96,4.64,160247.91,4.47,151266.85,4.86,121337.84
967,002562.SZ,20190108,4.17,4.32,4.1,4.24,4.15,0.08999999999999986,2.17,120062.83,51678.328,4.09,94534.11,4.21,84203.75,4.68,188429.91,5.06,145919.15,5.32,139247.19,4.58,134551.38,4.16,83814.57,4.41,98873.63,4.68,171981.4,4.47,149583.13,4.88,121356.96
968,002562.SZ,20190107,4.07,4.18,4.07,4.15,4.06,0.09000000000000075,2.22,86847.3,36638.168,4.07,82423.11,4.24,82600.98,4.69,187610.04,5.07,145499.74,5.33,139215.8,4.6,133881.52,4.17,80293.7,4.44,105015.54,4.71,191261.67,4.47,149103.19,4.89,122176.76
969,002562.SZ,20190104,3.86,4.07,3.85,4.06,3.92,0.13999999999999968,3.57,102427.2,41811.004,4.07,78366.77,4.27,82934.86,4.71,189312.02,5.09,145310.5,5.35,139568.33,4.61,133947.71,4.19,79695.11,4.5,115507.28,4.73,199890.95,4.48,149657.91,4.9,123341.06
970,002562.SZ,20190103,4.08,4.13,3.87,3.92,4.07,-0.15000000000000036,-3.69,118579.53,48384.443,4.11,75158.72,4.31,85054.65,4.72,189280.06,5.1,145202.68,5.37,139514.06,4.62,133368.24,4.23,78531.14,4.55,119065.55,4.75,199591.96,4.49,148684.26,4.92,124660.96
971,002562.SZ,20190102,4.14,4.17,4.06,4.07,4.15,-0.08000000000000007,-1.93,44753.71,18830.075,4.18,69089.33,4.39,83919.29,4.74,189662.33,5.12,144849.26,5.39,139053.81,4.64,132796.96,4.3,76595.87,4.62,126266.56,4.76,199290.0,4.51,147197.22,4.94,125544.36
972,002562.SZ,20181228,4.19,4.24,4.12,4.15,4.14,0.010000000000000675,0.24,59507.81,25316.872,4.23,73095.02,4.44,88498.96,4.75,192322.85,5.14,145442.72,5.42,139039.53,4.65,133596.58,4.35,81239.28,4.69,148895.83,4.78,200871.12,4.53,147294.1,4.95,127721.03
973,002562.SZ,20181227,4.34,4.39,4.11,4.14,4.28,-0.14000000000000057,-3.27,66565.58,29033.388,4.26,78164.28,4.5,93503.14,4.76,194021.63,5.15,145577.05,5.44,138936.41,4.67,134364.66,4.4,88286.94,4.74,160466.26,4.8,203711.35,4.54,146902.1,4.97,129434.57
974,002562.SZ,20181226,4.26,4.39,4.24,4.28,4.25,0.03000000000000025,0.71,86386.99,38067.005,4.32,81023.46,4.57,106056.05,4.77,195470.21,5.17,145942.33,5.46,138748.25,4.68,136807.23,4.47,92012.37,4.78,170863.51,4.81,204870.51,4.56,146920.36,4.99,131061.24
975,002562.SZ,20181225,4.23,4.31,4.12,4.25,4.34,-0.08999999999999986,-2.07,88232.56,37926.706,4.35,81903.55,4.62,118095.6,4.77,196357.78,5.19,145850.37,5.48,138482.62,4.7,137356.69,4.52,93802.62,4.83,179783.41,4.82,206376.84,4.57,146378.96,5.0,133033.88
976,002562.SZ,20181224,4.3,4.39,4.25,4.34,4.3,0.040000000000000036,0.93,64782.18,28730.916,4.42,84102.4,4.7,134130.18,4.78,200451.5,5.21,145606.03,5.51,138181.92,4.71,136835.09,4.59,97435.57,4.88,195032.68,4.83,207942.8,4.59,145784.08,5.02,136136.13
977,002562.SZ,20181221,4.38,4.39,4.25,4.3,4.42,-0.1200000000000001,-2.71,84854.1,37331.197,4.47,89383.54,4.76,142500.2,4.77,203365.29,5.22,145695.91,5.53,138106.87,4.71,136493.06,4.66,113932.69,4.94,216064.81,4.83,209692.27,4.6,146634.78,5.04,140558.8
978,002562.SZ,20181220,4.41,4.5,4.38,4.42,4.45,-0.03000000000000025,-0.67,80861.47,36693.329,4.53,98409.6,4.84,156172.94,4.77,203502.04,5.25,145540.01,5.56,137807.3,4.72,136228.82,4.72,129737.39,4.98,246745.66,4.83,210724.38,4.62,146917.06,5.06,142428.66
979,002562.SZ,20181219,4.63,4.64,4.4,4.45,4.61,-0.16000000000000014,-3.47,90787.46,41904.661,4.61,103001.28,4.91,188209.68,4.76,205473.53,5.27,145713.29,5.58,137567.3,4.73,135745.65,4.8,151319.46,5.0,259988.86,4.83,211914.48,4.63,147440.82,5.07,146009.61
980,002562.SZ,20181218,4.55,4.67,4.52,4.61,4.55,0.0600000000000005,1.32,99226.81,46696.607,4.69,105701.68,4.97,203604.22,4.75,205879.36,5.29,146237.59,5.6,137284.52,4.74,135330.0,4.87,159599.96,5.01,260122.37,4.83,216468.86,4.65,148199.68,5.09,149486.31
981,002562.SZ,20181217,4.61,4.66,4.46,4.55,4.61,-0.0600000000000005,-1.3,91187.84,42314.179,4.75,110768.74,5.0,217087.59,4.73,204673.79,5.3,146146.62,5.62,136923.2,4.75,135728.4,4.94,175937.25,4.99,260637.07,4.82,218623.0,4.66,147282.67,5.1,154991.19
982,002562.SZ,20181214,4.86,4.86,4.6,4.61,4.84,-0.22999999999999954,-4.75,129984.4,62729.011,4.85,138481.84,5.05,230441.21,4.71,203799.38,5.32,145935.66,5.65,136751.58,4.76,135410.72,5.03,216552.37,5.0,260687.04,4.81,218566.86,4.67,146771.51,5.11,155910.94
983,002562.SZ,20181213,4.84,4.92,4.79,4.84,4.84,0.0,0.0,103819.87,51511.544,4.92,161065.18,5.11,250689.95,4.69,201739.32,5.34,145598.11,5.67,136176.63,4.77,134642.27,5.08,232645.58,5.0,261423.55,4.79,219163.78,4.67,145768.82,5.12,155857.97
984,002562.SZ,20181212,4.93,5.01,4.79,4.84,4.92,-0.08000000000000007,-1.63,104289.47,51971.156,4.98,199637.63,5.15,280044.17,4.66,200277.54,5.35,145463.47,5.69,135731.17,4.78,134346.59,5.1,249714.65,4.98,261299.58,4.76,219189.32,4.68,145568.68,5.12,155954.58
985,002562.SZ,20181211,5.0,5.03,4.87,4.92,5.02,-0.09999999999999964,-1.99,124562.1,62817.425,5.05,213498.24,5.17,325750.45,4.63,199367.81,5.37,145541.18,5.71,135353.42,4.79,134939.24,5.14,265764.2,4.96,262663.95,4.73,217654.25,4.68,144813.3,5.12,156450.61
986,002562.SZ,20181210,4.91,5.08,4.73,5.02,4.96,0.05999999999999961,1.21,229753.36,114572.552,5.13,241105.76,5.17,342763.03,4.61,197341.11,5.38,146235.5,5.73,134842.42,4.79,134150.3,5.18,292629.8,4.94,263196.41,4.7,215550.77,4.69,143999.49,5.13,156552.37
987,002562.SZ,20181207,5.02,5.13,4.93,4.96,5.18,-0.21999999999999975,-4.25,242901.12,123846.404,5.21,294622.9,5.13,332278.74,4.58,193108.85,5.4,146695.12,5.74,134055.43,4.79,132422.31,5.22,318196.93,4.92,257572.06,4.66,209890.41,4.69,141915.69,5.13,155865.89
988,002562.SZ,20181206,5.28,5.43,5.14,5.18,5.15,0.02999999999999936,0.58,296682.12,160253.343,5.25,304225.97,5.09,322018.72,4.55,189585.87,5.41,145758.84,5.77,132924.84,4.8,130542.24,5.23,363753.92,4.89,251217.87,4.63,203597.68,4.69,139819.23,5.14,154866.92
989,002562.SZ,20181205,5.18,5.26,5.09,5.15,5.32,-0.16999999999999993,-3.2,173592.52,91931.756,5.22,299791.67,5.04,306288.34,4.52,183492.77,5.42,144281.8,5.78,131382.95,4.8,128003.0,5.21,368658.27,4.84,242211.99,4.58,196153.56,4.69,139037.18,5.15,152908.32
990,002562.SZ,20181204,5.33,5.38,5.24,5.32,5.43,-0.10999999999999943,-2.03,262599.67,142356.804,5.23,318030.16,5.0,304066.96,4.48,180432.44,5.43,143575.32,5.8,130589.91,4.81,129142.74,5.14,360644.79,4.81,244903.3,4.54,192222.28,4.7,138270.57,5.15,151947.86
991,002562.SZ,20181203,5.35,5.61,5.08,5.43,5.18,0.25,4.83,497339.09,272586.793,5.23,344153.83,4.94,291662.4,4.44,174312.85,5.44,142360.42,5.82,129360.61,4.81,127581.35,5.05,345336.9,4.76,239965.88,4.5,186330.85,4.69,134712.46,5.16,150492.58
992,002562.SZ,20181130,5.07,5.24,5.02,5.18,5.01,0.16999999999999993,3.39,290916.44,152515.418,5.22,341770.96,4.87,263526.85,4.41,161529.52,5.45,139459.64,5.84,126752.59,4.81,121795.37,4.96,304821.71,4.7,219574.1,4.46,173856.87,4.68,127075.64,5.17,146845.31
993,002562.SZ,20181129,5.2,5.22,4.95,5.01,5.22,-0.20999999999999996,-4.02,274510.61,143286.2,5.21,423281.87,4.82,251549.53,4.38,153926.01,5.46,138236.32,5.86,125530.93,4.81,118904.33,4.91,290201.53,4.64,212422.89,4.41,167143.55,4.68,123310.97,5.18,144917.66
994,002562.SZ,20181128,5.23,5.27,5.03,5.22,5.31,-0.08999999999999986,-1.69,264785.0,140374.731,5.2,437524.88,4.78,239453.81,4.36,148536.47,5.47,137346.83,5.88,124112.15,4.81,116060.05,4.86,272884.51,4.59,203926.65,4.38,160311.24,4.68,119479.52,5.19,143354.24
995,002562.SZ,20181127,5.29,5.4,5.1,5.31,5.39,-0.08000000000000007,-1.48,393218.03,210739.014,5.06,403259.42,4.71,227994.76,4.34,144281.92,5.49,136155.66,5.9,122808.02,4.81,113632.16,4.79,259563.7,4.53,193599.27,4.34,153302.86,4.68,116059.99,5.2,141711.77
996,002562.SZ,20181126,5.03,5.56,4.99,5.39,5.13,0.2599999999999998,5.07,485424.72,262926.859,4.87,346519.97,4.64,206713.72,4.33,134011.05,5.51,133708.29,5.92,120684.58,4.8,109349.12,4.71,233763.03,4.46,177011.25,4.3,142285.79,4.68,111658.14,5.21,139520.04
997,002562.SZ,20181123,4.99,5.44,4.8,5.13,4.95,0.17999999999999972,3.64,698471.01,362944.045,4.71,267872.46,4.56,186867.12,4.32,120597.3,5.52,130631.32,5.94,118047.05,4.8,103532.49,4.62,196947.18,4.38,155737.14,4.27,127184.87,4.68,104690.43,5.22,136131.93
998,002562.SZ,20181122,4.52,4.95,4.5,4.95,4.5,0.4500000000000002,10.0,345725.65,169587.801,4.6,157121.19,4.5,145742.51,4.31,101541.29,5.54,126073.05,5.96,114134.47,4.8,95591.09,4.54,138681.82,4.32,123519.55,4.24,106944.71,4.68,94255.08,5.23,131304.39
999,002562.SZ,20181121,4.32,4.55,4.31,4.5,4.38,0.1200000000000001,2.74,93457.67,42384.953,4.52,108244.13,4.44,126033.12,4.32,92431.34,5.57,123913.61,5.98,112450.81,4.81,91947.99,4.48,115765.7,4.27,109901.2,4.22,99424.87,4.69,89853.73,5.25,129032.88
1000,002562.SZ,20181120,4.52,4.52,4.3,4.38,4.57,-0.1900000000000004,-4.16,109520.78,49492.249,4.52,115867.97,4.41,130220.39,4.33,91672.63,5.59,123552.76,6.01,112169.62,4.82,91443.71,4.47,129161.82,4.24,108011.03,4.24,97776.56,4.7,90775.06,5.27,128696.13
1001,002562.SZ,20181119,4.62,4.62,4.51,4.57,4.62,-0.04999999999999982,-1.08,92187.18,42930.385,4.55,121006.1,4.38,129840.78,4.36,90036.82,5.62,123052.03,6.04,111887.8,4.84,91337.69,4.47,134594.86,4.23,106827.82,4.26,95104.44,4.72,90039.58,5.29,128431.16
1002,002562.SZ,20181116,4.55,4.68,4.5,4.62,4.54,0.08000000000000007,1.76,144714.68,68176.994,4.53,126021.9,4.34,127229.25,4.38,88870.7,5.64,122773.63,6.06,111728.06,4.85,91107.07,4.43,134326.49,4.2,108374.45,4.28,93717.08,4.73,90172.36,5.31,128182.98
1003,002562.SZ,20181115,4.52,4.56,4.45,4.54,4.51,0.03000000000000025,0.67,101340.35,46836.198,4.48,120242.44,4.28,120824.87,4.39,88020.99,5.67,122006.36,6.09,111227.98,4.87,90737.69,4.38,134644.25,4.17,105614.55,4.29,90092.84,4.74,89458.71,5.33,127858.8
1004,002562.SZ,20181114,4.49,4.64,4.48,4.51,4.51,0.0,0.0,131576.88,61274.286,4.44,123287.27,4.23,117640.43,4.42,88034.23,5.69,121582.48,6.12,111063.51,4.89,91223.5,4.33,134968.79,4.14,104024.61,4.31,88970.21,4.76,89540.36,5.36,128400.02
1005,002562.SZ,20181113,4.38,4.57,4.37,4.51,4.48,0.02999999999999936,0.67,135211.39,62020.219,4.42,142455.66,4.18,111682.14,4.44,87466.9,5.72,120967.33,6.14,110624.32,4.91,92808.4,4.27,127634.84,4.12,100172.45,4.33,86381.09,4.77,91665.3,5.38,128021.27
1006,002562.SZ,20181112,4.35,4.5,4.32,4.48,4.37,0.11000000000000032,2.52,117266.2,53188.081,4.38,148183.62,4.14,106924.24,4.46,87499.46,5.75,120293.4,6.17,110184.39,4.92,92018.17,4.21,120259.47,4.1,96547.17,4.35,83625.35,4.79,91836.69,5.4,127401.26
1007,002562.SZ,20181109,4.28,4.5,4.21,4.37,4.31,0.0600000000000005,1.39,115817.4,51571.114,4.32,142631.09,4.1,102184.86,4.48,85350.65,5.78,119910.88,6.19,109735.45,4.94,91486.2,4.15,114527.11,4.09,92303.71,4.38,83577.29,4.81,90938.76,5.42,127102.18
1008,002562.SZ,20181108,4.42,4.44,4.29,4.31,4.44,-0.13000000000000078,-2.93,116564.46,51904.789,4.28,149046.05,4.07,99880.19,4.5,83724.2,5.8,119334.49,6.22,109351.42,4.95,91270.24,4.1,108357.29,4.09,91076.15,4.41,83109.74,4.82,90243.29,5.44,126840.64
1009,002562.SZ,20181107,4.47,4.59,4.34,4.44,4.32,0.1200000000000001,2.78,227418.85,104330.107,4.22,146650.32,4.06,100384.44,4.52,82349.45,5.83,118723.19,6.25,108992.19,4.97,91232.23,4.06,104036.71,4.1,91254.45,4.44,82967.17,4.83,89320.37,5.47,126831.59
1010,002562.SZ,20181106,4.17,4.49,4.17,4.32,4.17,0.15000000000000036,3.6,163851.2,72554.539,4.12,112814.02,4.02,89776.58,4.54,78361.0,5.85,117424.8,6.27,107971.18,4.99,89809.03,4.02,86860.25,4.13,82083.92,4.47,79930.5,4.84,86908.28,5.49,126807.64
1011,002562.SZ,20181105,4.14,4.22,4.11,4.17,4.16,0.009999999999999787,0.24,89503.53,38021.182,4.03,92335.31,3.98,82521.99,4.57,75276.17,5.88,116552.23,6.3,107243.55,5.01,88994.06,3.98,79060.79,4.16,75359.23,4.49,75942.34,4.86,85377.26,5.51,127908.36
1012,002562.SZ,20181102,4.1,4.28,4.01,4.16,3.99,0.16999999999999993,4.26,147892.19,62034.292,3.97,86423.13,3.98,79831.99,4.59,74871.16,5.91,116602.58,6.33,107074.47,5.03,89610.22,3.98,82422.41,4.2,73412.37,4.52,74976.15,4.87,84705.15,5.53,128063.15
1013,002562.SZ,20181101,3.93,4.09,3.92,3.99,3.94,0.050000000000000266,1.27,104585.82,42908.57,3.93,67668.53,3.98,73279.19,4.62,73601.54,5.94,115935.49,6.35,106478.27,5.05,90550.84,3.96,76584.86,4.25,67817.14,4.56,72373.85,4.89,83954.72,5.55,127530.62
1014,002562.SZ,20181031,3.91,3.98,3.89,3.94,3.9,0.040000000000000036,1.03,58237.35,23487.319,3.91,61423.1,4.0,67726.21,4.66,73970.01,5.97,115459.91,6.38,106229.31,5.07,92177.2,3.95,73080.43,4.3,65970.92,4.6,71948.04,4.91,83419.84,5.58,127257.9
1015,002562.SZ,20181030,3.83,3.93,3.77,3.9,3.87,0.029999999999999805,0.78,61457.68,24278.009,3.91,60906.47,4.03,70266.89,4.69,79603.0,6.0,115330.27,6.41,106126.71,5.1,94878.25,3.97,72710.06,4.36,65754.21,4.63,71972.36,4.94,83376.5,5.6,127503.04
1016,002562.SZ,20181029,4.06,4.09,3.84,3.87,3.94,-0.06999999999999984,-1.78,59942.6,24181.437,3.93,65786.27,4.08,74780.18,4.74,81548.24,6.03,115284.36,6.43,106152.44,5.13,97053.3,3.99,72834.87,4.43,65308.29,4.67,72448.22,4.97,84045.03,5.62,127654.44
1017,002562.SZ,20181026,3.95,3.96,3.87,3.94,3.88,0.06000000000000005,1.55,54119.2,21712.773,3.99,78421.69,4.17,73554.47,4.77,81229.72,6.06,115261.04,6.46,106172.81,5.16,100333.46,4.03,70080.31,4.5,68102.38,4.72,73940.97,5.0,84294.16,5.65,128111.24
1018,002562.SZ,20181025,3.82,3.94,3.75,3.88,3.98,-0.10000000000000009,-2.51,73358.69,28741.75,3.98,85501.19,4.25,71649.71,4.8,80788.86,6.09,115471.71,6.49,106292.4,5.19,103146.98,4.07,73795.01,4.56,70485.96,4.76,76040.79,5.03,85342.36,5.67,128880.45
1019,002562.SZ,20181024,4.02,4.07,3.93,3.98,4.0,-0.020000000000000018,-0.5,55654.2,22751.747,3.99,84737.75,4.33,69896.46,4.83,80544.09,6.13,115203.51,6.51,106400.65,5.22,105659.07,4.13,78472.19,4.63,72432.4,4.8,81920.79,5.06,86415.98,5.7,129046.26
1020,002562.SZ,20181023,4.14,4.15,3.99,4.0,4.14,-0.13999999999999968,-3.38,85856.65,35557.139,4.02,84513.64,4.42,68383.64,4.87,80219.66,6.16,115125.26,6.54,106550.91,5.25,109225.07,4.24,77307.6,4.69,76465.62,4.85,84318.85,5.1,89662.48,5.73,128922.45
1021,002562.SZ,20181022,3.97,4.31,3.93,4.14,3.92,0.21999999999999975,5.61,123119.71,51781.613,4.04,79883.47,4.5,66984.0,4.9,79447.8,6.19,114767.63,6.56,106449.67,5.28,114220.35,4.34,71657.67,4.75,74383.11,4.88,83094.06,5.12,89497.28,5.77,128559.82
1022,002562.SZ,20181019,3.82,3.97,3.67,3.92,3.91,0.009999999999999787,0.26,89516.71,35566.084,4.08,61738.93,4.58,61659.66,4.94,79623.89,6.22,114188.2,6.59,106350.89,5.32,120518.77,4.42,64402.34,4.8,71253.03,4.91,80294.41,5.15,88734.76,5.8,127884.49
1023,002562.SZ,20181018,4.11,4.11,3.86,3.91,4.11,-0.20000000000000018,-4.87,69541.48,28180.608,4.16,62088.83,4.68,58815.24,4.97,78972.28,6.26,113825.19,6.62,106154.02,5.34,123448.38,4.54,59049.42,4.86,70268.34,4.94,79478.39,5.17,88903.16,5.83,127428.24
1024,002562.SZ,20181017,4.15,4.23,4.01,4.11,4.14,-0.02999999999999936,-0.72,54533.64,23049.318,4.28,72206.62,4.78,62375.47,5.02,79054.9,6.29,113767.18,6.65,106092.03,5.38,129328.85,4.65,58861.41,4.92,71381.84,4.99,78647.8,5.2,89639.36,5.87,127194.51
1025,002562.SZ,20181016,4.32,4.38,3.99,4.14,4.32,-0.1800000000000006,-4.17,62705.8,26774.579,4.45,70101.57,4.87,66010.62,5.05,79852.27,6.32,113707.47,6.68,105988.73,5.4,135374.94,4.76,58798.37,4.97,71603.51,5.02,78817.13,5.23,90741.77,5.9,127051.86
1026,002562.SZ,20181015,4.38,4.43,4.3,4.32,4.33,-0.009999999999999787,-0.23,32397.03,14439.012,4.63,63431.86,4.95,69824.6,5.09,82382.62,6.36,113701.83,6.71,105915.94,5.43,144669.71,4.86,57781.72,5.01,72254.89,5.06,81030.49,5.26,91408.82,5.94,126963.46
1027,002562.SZ,20181012,4.49,4.49,4.15,4.33,4.49,-0.16000000000000014,-3.56,91266.2,40291.014,4.76,67065.75,5.02,77818.57,5.12,83353.05,6.39,113929.57,6.74,106404.34,5.46,146925.18,4.96,66124.46,5.06,75871.3,5.09,82195.99,5.28,93130.8,5.97,126978.72
1028,002562.SZ,20181011,4.89,4.89,4.49,4.49,4.99,-0.5,-10.02,120130.43,57046.107,4.91,56010.01,5.08,74198.59,5.14,83614.47,6.42,113713.84,6.77,106110.71,5.47,147356.66,5.05,67176.91,5.1,77163.67,5.12,81565.46,5.31,95250.33,6.0,126554.01
1029,002562.SZ,20181010,5.03,5.04,4.94,4.99,5.01,-0.019999999999999574,-0.4,44008.39,22425.883,5.02,45516.2,5.13,69613.02,5.17,83078.15,6.45,113390.34,6.8,105683.3,5.48,147293.77,5.13,66392.61,5.13,83645.09,5.15,80282.59,5.33,97024.21,6.04,125911.23
1030,002562.SZ,20181009,5.03,5.04,4.98,5.01,4.98,0.02999999999999936,0.6,29357.26,15009.94,5.06,47495.18,5.14,71598.76,5.19,84908.47,6.48,113483.0,6.83,105787.8,5.48,148891.17,5.15,75623.64,5.16,87824.47,5.17,83773.57,5.35,100637.67,6.06,125862.53
1031,002562.SZ,20181008,5.01,5.04,4.97,4.98,5.1,-0.11999999999999922,-2.35,50566.47,25841.413,5.1,52131.57,5.15,76402.93,5.2,91664.82,6.51,113701.8,6.86,105975.34,5.48,150323.39,5.16,77108.56,5.15,88812.26,5.17,84974.71,5.36,103891.5,6.09,126136.08
1032,002562.SZ,20180928,5.06,5.11,5.03,5.1,5.03,0.0699999999999994,1.39,35987.52,18715.629,5.15,65183.17,5.16,77049.13,5.22,94456.84,6.53,113638.11,6.89,105976.44,5.49,151614.17,5.17,78103.71,5.15,88240.44,5.18,86627.65,5.38,108147.96,6.12,125988.17
1033,002562.SZ,20180927,5.19,5.19,5.03,5.03,5.19,-0.16000000000000014,-3.08,67661.36,35277.695,5.19,78343.8,5.16,80106.5,5.23,95262.8,6.56,113741.78,6.92,106039.26,5.5,152774.67,5.18,81487.26,5.15,89692.87,5.19,88824.58,5.4,111967.05,6.14,125926.09
1034,002562.SZ,20180926,5.18,5.22,5.15,5.19,5.18,0.010000000000000675,0.19,53903.27,28617.562,5.23,87269.03,5.17,82957.56,5.23,95451.85,6.59,113659.79,6.95,105974.01,5.51,152694.52,5.19,83902.28,5.15,88540.99,5.21,90110.51,5.41,115202.12,6.17,125699.33
1035,002562.SZ,20180925,5.2,5.22,5.14,5.18,5.26,-0.08000000000000007,-1.52,52539.25,27805.36,5.24,103752.1,5.17,87819.9,5.23,95666.15,6.61,113666.5,6.98,106090.08,5.53,152753.64,5.18,84408.65,5.15,88826.5,5.22,96949.51,5.44,119688.8,6.19,125568.49
1036,002562.SZ,20180921,5.23,5.29,5.09,5.26,5.28,-0.020000000000000462,-0.38,115824.43,61730.636,5.21,102085.54,5.17,102990.64,5.23,96553.04,6.64,113585.53,7.01,106277.19,5.54,153226.0,5.17,86728.07,5.16,92654.88,5.24,100048.04,5.46,126488.19,6.22,125936.93
1037,002562.SZ,20180920,5.2,5.31,5.18,5.28,5.23,0.04999999999999982,0.96,101790.7,54618.839,5.19,91024.26,5.18,103896.15,5.22,95263.79,6.66,113204.32,7.03,106199.62,5.55,152477.23,5.16,85618.14,5.16,90231.75,5.23,98300.23,5.48,134482.81,6.25,125403.66
1038,002562.SZ,20180919,5.15,5.26,5.12,5.23,5.23,0.0,0.0,112287.49,59806.569,5.17,84630.72,5.16,99844.01,5.21,93716.33,6.69,112824.77,7.06,106395.72,5.57,151914.66,5.14,87150.44,5.16,88759.74,5.23,97376.84,5.49,137940.26,6.27,124856.26
1039,002562.SZ,20180918,5.11,5.33,5.11,5.23,5.07,0.16000000000000014,3.16,136318.64,72868.526,5.15,80535.53,5.14,94216.52,5.21,93439.23,6.71,112479.1,7.09,106093.24,5.59,151576.16,5.14,100897.57,5.16,87227.58,5.23,95673.58,5.51,144578.41,6.3,124250.27
1040,002562.SZ,20180917,5.14,5.14,4.94,5.07,5.15,-0.08000000000000007,-1.55,44206.46,22803.471,5.12,65065.2,5.12,88733.25,5.22,91562.0,6.73,111816.46,7.12,105773.06,5.6,150661.09,5.16,100025.31,5.18,87848.53,5.22,93886.07,5.53,150772.94,6.33,123571.34
1041,002562.SZ,20180914,5.16,5.21,5.13,5.15,5.16,-0.009999999999999787,-0.19,60518.0,31981.028,5.12,71370.59,5.13,88765.35,5.23,91898.19,6.75,111966.45,7.16,106058.21,5.62,151807.82,5.15,100515.96,5.18,88907.79,5.22,94812.19,5.55,162699.72,6.35,123674.49
1042,002562.SZ,20180913,5.14,5.23,5.11,5.16,5.13,0.03000000000000025,0.58,69823.0,36834.872,5.12,80212.01,5.13,88695.78,5.24,93105.59,6.78,111986.36,7.19,106410.3,5.64,152052.26,5.14,98377.16,5.19,90889.61,5.22,94434.15,5.56,165050.38,6.38,123873.97
1043,002562.SZ,20180912,5.09,5.29,5.03,5.13,5.1,0.03000000000000025,0.59,91811.55,48404.038,5.12,89670.16,5.14,93256.07,5.26,93254.63,6.8,112017.65,7.22,106989.31,5.65,152710.17,5.12,97898.48,5.2,92493.24,5.22,95535.59,5.57,165947.12,6.41,123581.59
1044,002562.SZ,20180911,5.02,5.12,5.0,5.1,5.06,0.040000000000000036,0.79,58967.0,30595.81,5.13,121259.62,5.14,91375.32,5.29,93995.8,6.82,112016.56,7.25,106870.22,5.68,152461.28,5.12,93179.7,5.22,93214.63,5.23,94891.64,5.57,166340.49,6.44,123186.38
1045,002562.SZ,20180910,5.08,5.14,5.02,5.06,5.16,-0.10000000000000053,-1.94,75733.41,39178.564,5.2,134985.41,5.16,92404.82,5.31,96313.71,6.84,112169.9,7.28,107100.29,5.7,152382.35,5.13,93244.36,5.24,103219.93,5.24,94780.63,5.57,168087.92,6.47,122981.3
1046,002562.SZ,20180907,5.26,5.27,5.08,5.16,5.14,0.020000000000000462,0.39,104725.11,55504.041,5.18,129661.33,5.18,92859.5,5.33,101452.27,6.87,112121.39,7.31,107255.29,5.73,152408.9,5.15,98581.69,5.27,106708.02,5.26,95641.84,5.57,169105.26,6.5,122680.88
1047,002562.SZ,20180906,5.08,5.23,5.06,5.14,5.21,-0.07000000000000028,-1.34,117113.71,61610.91,5.15,116542.31,5.21,96245.08,5.34,100605.78,6.89,112133.19,,,5.76,151844.63,5.15,94845.37,5.27,104641.28,5.28,94647.34,5.57,169816.09,6.53,122118.53
1048,002562.SZ,20180905,5.43,5.44,5.17,5.21,5.45,-0.2400000000000002,-4.4,249758.86,135524.599,5.12,106126.81,5.21,92266.47,5.36,99436.8,6.92,111710.5,,,5.79,151693.97,5.17,90369.04,5.27,102490.04,5.31,94643.93,5.58,169914.61,6.56,121652.48
1049,002562.SZ,20180904,5.06,5.45,5.04,5.45,4.95,0.5,10.1,127595.96,70642.81,5.1,65099.79,5.21,80758.43,5.37,95020.97,6.94,110386.23,,,5.82,150581.0,5.19,73557.58,5.27,93061.58,5.33,90911.17,5.6,166779.47,6.59,119953.96
1050,002562.SZ,20180903,5.06,5.06,4.89,4.95,5.0,-0.04999999999999982,-1.0,49113.0,24832.057,5.05,51503.3,5.21,78781.47,5.37,94612.66,6.97,109757.62,,,5.84,150028.08,5.19,75671.76,5.25,90816.45,5.34,95006.11,5.61,165625.16,6.62,119406.44
1051,002562.SZ,20180831,4.99,5.06,4.99,5.0,4.99,0.009999999999999787,0.2,39130.03,20079.141,5.11,67502.06,5.25,83175.82,5.4,96717.53,7.0,109766.6,,,5.87,150184.05,5.22,77299.62,5.25,91960.31,5.37,95900.5,5.63,166272.71,6.65,119540.42
1052,002562.SZ,20180830,5.13,5.15,4.99,4.99,5.13,-0.13999999999999968,-2.73,65036.2,33669.277,5.16,73148.43,5.29,100094.51,5.42,98588.09,7.03,110293.03,,,5.89,150747.34,5.24,83402.06,5.26,92462.65,5.38,97175.12,5.65,166614.99,6.69,119716.01
1053,002562.SZ,20180829,5.18,5.23,5.1,5.13,5.18,-0.04999999999999982,-0.97,44623.75,23541.204,5.22,74611.27,5.35,106283.66,5.44,100666.89,7.06,110130.57,,,5.92,151005.95,5.28,87087.99,5.27,94354.15,5.4,98327.93,5.68,166524.35,6.72,119786.93
1054,002562.SZ,20180828,5.21,5.24,5.16,5.18,5.26,-0.08000000000000007,-1.52,59613.52,31670.958,5.27,82015.38,5.35,107727.24,5.47,105779.08,7.1,110153.31,,,5.95,151950.69,5.31,93249.56,5.29,95747.61,5.42,100630.92,5.7,167228.96,6.75,119893.0
1055,002562.SZ,20180827,5.09,5.27,5.02,5.26,5.22,0.040000000000000036,0.77,129106.79,68352.813,5.33,99840.21,5.35,108840.72,5.48,110689.37,7.13,110167.58,,,5.97,154149.77,5.35,113195.51,5.3,95548.77,5.44,102666.42,5.72,167363.54,6.78,119903.42
1056,002562.SZ,20180824,5.31,5.34,5.19,5.22,5.32,-0.10000000000000053,-1.88,67361.87,36170.899,5.32,87097.19,5.34,103616.34,5.5,114563.16,7.16,109694.98,,,6.0,156374.18,5.39,114834.35,5.32,94171.91,5.46,101787.15,5.74,167381.95,6.81,119172.49
1057,002562.SZ,20180823,5.32,5.41,5.27,5.32,5.35,-0.02999999999999936,-0.56,72350.43,39517.923,5.32,93655.7,5.33,104795.69,5.53,119187.43,7.19,109579.63,,,6.02,156917.06,5.39,114437.2,5.35,94548.33,5.48,104065.61,5.76,167573.43,6.84,119035.44
1058,002562.SZ,20180822,5.4,5.44,5.33,5.35,5.48,-0.13000000000000078,-2.37,81644.29,44868.236,5.34,99564.71,5.31,104767.97,5.55,126058.13,7.22,109400.84,,,6.03,157072.23,5.38,114611.03,5.38,96781.38,5.5,108935.2,5.78,168353.7,6.87,118897.98
1059,002562.SZ,20180821,5.22,5.71,5.18,5.48,5.25,0.23000000000000043,4.38,148737.69,83026.831,5.36,104483.74,5.29,102270.47,5.57,131454.85,7.26,109227.16,,,6.05,156941.77,5.35,112565.58,5.4,99587.96,5.51,113765.84,5.8,168212.04,6.9,118674.85
1060,002562.SZ,20180820,5.14,5.26,5.06,5.25,5.2,0.04999999999999982,0.96,65391.67,34606.658,5.37,126550.81,5.27,98741.89,5.59,134779.21,7.29,108704.8,,,6.07,156127.32,5.32,105961.15,5.42,104673.29,5.52,117501.77,5.83,166617.19,6.93,117776.04
1061,002562.SZ,20180817,5.48,5.54,5.18,5.2,5.43,-0.22999999999999954,-4.24,100154.42,54366.135,5.46,142571.52,5.28,99288.14,5.62,142358.98,7.32,108835.14,,,6.09,156317.11,5.29,106620.99,5.44,105200.94,5.55,122808.28,5.86,166822.75,6.96,117738.85
1062,002562.SZ,20180816,5.38,5.55,5.3,5.43,5.45,-0.020000000000000462,-0.37,101895.49,56770.172,5.46,135218.7,5.31,95863.71,5.66,152957.45,7.35,108852.94,,,6.11,156511.83,5.28,101523.23,5.46,104061.64,5.58,129668.28,5.89,166193.59,6.99,117297.03
1063,002562.SZ,20180815,5.52,5.59,5.43,5.45,5.54,-0.08999999999999986,-1.62,106239.45,59886.918,5.41,129657.35,5.32,95838.64,5.69,167475.29,7.39,109082.35,,,6.12,157105.56,5.27,101620.3,5.46,103947.89,5.6,135109.52,5.93,166258.9,7.01,116968.83
1064,002562.SZ,20180814,5.82,5.86,5.5,5.54,5.7,-0.16000000000000014,-2.81,259073.02,150473.933,5.34,120647.42,5.35,93427.16,5.71,173445.82,7.42,108769.36,,,6.15,156932.44,5.26,98245.65,5.47,104321.6,5.62,140293.73,5.96,167259.67,7.04,116424.32
1065,002562.SZ,20180813,5.08,5.7,5.03,5.7,5.18,0.5200000000000005,10.04,145495.2,81614.049,5.26,85371.49,5.37,82499.35,5.73,180842.97,7.46,107541.13,,,6.18,154022.1,5.26,77902.03,5.49,97401.87,5.65,142428.09,5.98,164377.24,7.06,114813.75
1066,002562.SZ,20180810,5.12,5.22,5.09,5.18,5.19,-0.010000000000000675,-0.19,63390.33,33420.968,5.11,70670.46,5.38,81905.56,5.75,191504.61,7.49,107172.39,,,6.21,152646.7,5.25,73509.47,5.49,95263.56,5.68,152928.34,6.01,162965.83,7.08,114129.51
1067,002562.SZ,20180809,5.09,5.27,5.08,5.19,5.1,0.09000000000000075,1.76,74088.75,39367.712,5.11,67827.76,5.44,96294.33,5.78,211987.63,7.53,107565.66,,,6.25,152362.57,5.31,74659.46,5.52,98879.81,5.72,170665.39,6.04,163265.6,7.11,114220.66
1068,002562.SZ,20180808,5.1,5.21,5.06,5.1,5.13,-0.03000000000000025,-0.58,61189.8,32165.775,5.12,73583.25,5.47,96437.09,5.81,215736.72,7.56,108215.57,,,6.29,151838.28,5.38,78951.73,5.55,106097.28,5.75,178503.68,6.07,163437.99,7.14,114367.04
1069,002562.SZ,20180807,4.99,5.13,4.97,5.13,4.97,0.16000000000000014,3.22,82693.39,42810.558,5.18,75843.88,5.5,97681.6,5.82,217573.11,7.6,108288.45,,,6.33,151575.67,5.45,86610.34,5.58,114365.96,5.79,193483.23,6.1,164342.81,7.16,114532.53
1070,002562.SZ,20180806,5.11,5.14,4.94,4.97,5.15,-0.1800000000000006,-3.5,71990.05,36928.028,5.26,70432.56,5.53,98983.69,5.82,218535.47,7.63,108393.7,,,6.37,150971.96,5.53,103385.43,5.63,123272.08,5.83,207659.81,6.13,166707.0,7.19,114416.31
1071,002562.SZ,20180803,5.25,5.28,5.15,5.15,5.26,-0.10999999999999943,-2.09,49176.8,26252.925,5.38,76348.48,5.59,102193.19,5.82,221236.15,7.67,108601.61,,,6.42,150706.73,5.59,103780.89,5.69,130901.92,5.87,230587.24,6.17,170439.46,7.22,114703.27
1072,002562.SZ,20180802,5.37,5.38,5.07,5.26,5.37,-0.11000000000000032,-2.05,102866.23,54434.243,5.51,81491.16,5.64,107693.32,5.82,223812.53,,,,,6.46,150507.41,5.63,106600.06,5.72,143740.8,5.9,235666.61,6.2,171421.14,7.25,114762.18
1073,002562.SZ,20180801,5.55,5.62,5.35,5.37,5.53,-0.16000000000000014,-2.89,72492.94,40649.972,5.63,84320.2,5.68,107682.75,5.83,225121.6,,,,,6.5,149673.22,5.66,106275.49,5.76,151854.13,5.91,236358.64,6.22,171106.51,7.28,114397.16
1074,002562.SZ,20180731,5.57,5.59,5.5,5.53,5.57,-0.040000000000000036,-0.72,55636.8,31564.275,5.72,97376.79,5.71,112546.03,5.84,226607.84,,,,,6.54,149279.92,5.69,110397.55,5.8,161317.77,5.9,237789.34,6.24,171095.96,7.31,114102.02
1075,002562.SZ,20180730,5.77,5.82,5.55,5.57,5.81,-0.23999999999999932,-4.13,101569.62,58725.592,5.8,136338.29,5.74,125069.21,5.86,226784.71,,,,,6.58,149046.97,5.71,116901.71,5.85,174691.13,5.89,241395.21,6.26,171629.58,7.35,114058.43
1076,002562.SZ,20180727,5.88,5.9,5.77,5.81,5.88,-0.07000000000000028,-1.19,74890.2,44607.863,5.81,131213.3,5.74,134684.11,5.87,225513.17,,,,,6.61,148521.81,5.73,117017.64,5.89,192637.78,5.87,242568.68,6.28,171263.85,7.38,114169.81
1077,002562.SZ,20180726,5.86,5.91,5.8,5.88,5.83,0.04999999999999982,0.86,117011.42,70098.548,5.75,131708.96,5.76,148986.08,5.88,225897.76,,,,,6.65,147960.85,5.73,123100.17,5.93,218668.36,5.86,244984.83,6.29,171928.32,7.41,113892.75
1078,002562.SZ,20180725,5.67,5.91,5.62,5.83,5.89,-0.05999999999999961,-1.02,137775.92,81673.871,5.68,128230.78,5.78,157261.11,5.9,224211.16,,,,,6.68,146781.19,5.73,133242.85,5.94,228279.66,5.86,245185.29,6.31,172418.55,7.44,113316.8
1079,002562.SZ,20180724,5.71,6.16,5.71,5.89,5.62,0.2699999999999996,4.8,250444.31,152142.719,5.65,123418.31,5.78,170197.91,5.92,221911.79,,,,,6.71,145483.51,5.72,142121.59,5.96,246919.68,5.87,242647.76,6.34,171676.54,7.48,112682.58
1080,002562.SZ,20180723,5.55,5.64,5.49,5.62,5.55,0.07000000000000028,1.26,75944.66,43477.684,5.63,97465.13,5.8,171327.8,5.94,217101.68,,,,,6.74,142653.62,5.73,143158.74,5.98,259797.0,5.88,236244.2,6.37,168182.42,7.51,111104.31
1081,002562.SZ,20180720,5.49,5.6,5.42,5.55,5.51,0.040000000000000036,0.73,77368.48,43697.451,5.66,102821.98,5.84,185621.73,5.96,216858.84,,,,,6.77,142931.06,5.78,158022.96,6.01,293990.42,5.89,236644.92,6.41,167622.36,7.55,110894.37
1082,002562.SZ,20180719,5.68,5.68,5.48,5.51,5.68,-0.16999999999999993,-2.99,99620.52,56751.749,5.71,114491.38,5.91,204524.45,5.99,218413.05,,,,,6.81,142590.57,5.81,180881.54,6.04,300199.89,5.92,236054.86,6.45,167034.22,7.58,110638.0
1083,002562.SZ,20180718,5.76,5.84,5.67,5.68,5.78,-0.10000000000000053,-1.73,113713.56,66903.371,5.78,138254.91,5.98,232284.62,6.01,217802.17,,,,,6.85,141743.67,5.87,197432.77,6.04,301400.21,5.95,234720.77,6.49,165953.33,7.62,110279.78
1084,002562.SZ,20180717,5.68,5.81,5.52,5.78,5.76,0.020000000000000462,0.35,120678.45,69874.45,5.78,160824.87,6.05,269345.26,6.03,217962.56,,,,,6.89,140755.07,5.92,212238.0,6.01,301485.23,5.98,233827.0,6.53,164749.67,7.66,109944.82
1085,002562.SZ,20180716,5.82,5.94,5.73,5.76,5.81,-0.04999999999999982,-0.86,102728.88,61270.865,5.83,188852.35,6.06,283849.79,6.06,216564.5,,,,,6.92,139877.32,5.99,232480.54,5.97,303641.96,6.0,232060.65,6.58,163361.96,7.69,109640.51
1086,002562.SZ,20180713,5.88,5.96,5.77,5.81,5.89,-0.08000000000000007,-1.36,135715.51,80948.252,5.91,213223.94,6.11,315222.67,6.1,215103.27,,,,,6.96,139262.05,6.06,268257.91,5.94,305344.2,6.03,232976.74,6.62,162518.1,7.72,109640.41
1087,002562.SZ,20180712,5.61,6.1,5.61,5.89,5.67,0.21999999999999975,3.88,218438.16,131063.06,5.92,247271.7,6.15,343859.23,6.14,213397.66,,,,,6.99,138578.6,6.13,314236.55,5.93,305927.16,6.05,231081.25,6.66,160826.64,7.76,109633.87
1088,002562.SZ,20180711,5.77,5.83,5.46,5.67,6.02,-0.34999999999999964,-5.81,226563.37,131681.726,5.96,256610.64,6.17,385503.45,6.18,208808.45,,,,,7.02,136129.25,6.14,323316.47,5.92,301156.51,6.06,227772.2,6.7,157857.7,7.8,108323.29
1089,002562.SZ,20180710,6.18,6.19,5.91,6.02,6.14,-0.1200000000000001,-1.95,260815.82,160342.9,6.05,263651.12,6.2,383579.95,6.23,205257.0,,,,,7.06,133700.22,6.21,351717.77,5.95,292910.85,6.1,222658.24,6.74,154798.24,7.84,107120.33
1090,002562.SZ,20180709,5.98,6.15,5.91,6.14,5.88,0.2599999999999998,4.42,224586.84,138753.46,6.15,276108.73,6.17,373026.96,6.27,202476.7,,,,,7.1,130680.78,6.23,376435.26,5.95,282786.93,6.13,215732.61,6.78,151087.4,7.88,105716.84
1091,002562.SZ,20180706,6.04,6.16,5.54,5.88,6.09,-0.20999999999999996,-3.45,305954.3,182974.668,6.21,323291.88,6.08,364629.04,6.3,198404.37,,,,,7.13,128215.38,6.24,429957.89,5.95,275955.9,6.16,210837.21,6.82,148380.66,7.91,104845.45
1092,002562.SZ,20180705,6.07,6.5,6.04,6.09,6.12,-0.03000000000000025,-0.49,265132.85,170486.605,6.34,381201.4,6.02,353695.1,6.33,191194.26,,,,,7.17,124632.58,6.26,419518.24,5.98,263641.53,6.21,202718.9,6.86,143828.39,7.95,103693.14
1093,002562.SZ,20180704,6.45,6.46,6.07,6.12,6.52,-0.39999999999999947,-6.13,261765.78,166730.817,6.32,390022.31,5.94,343821.31,6.36,185789.66,,,,,7.21,121913.31,6.21,405367.65,5.99,253364.76,6.25,197408.27,6.89,139885.13,7.98,102081.06
1094,002562.SZ,20180703,6.33,6.53,6.16,6.52,6.42,0.09999999999999964,1.56,323103.87,211341.818,6.36,439784.42,5.9,335022.01,6.39,180573.96,,,,,7.24,119035.58,6.1,390732.46,6.02,244621.5,6.3,194225.61,6.92,136196.53,8.02,100715.09
1095,002562.SZ,20180702,6.35,6.59,6.31,6.42,6.56,-0.13999999999999968,-2.13,460502.61,302842.94,6.32,476761.8,5.85,319631.33,6.4,174467.35,,,,,7.28,115552.78,5.96,374803.38,6.01,231850.71,6.31,186326.39,6.95,131448.18,8.05,98871.97
1096,002562.SZ,20180629,5.93,6.56,5.93,6.56,5.96,0.5999999999999996,10.07,595501.88,388196.745,6.28,536623.89,5.83,288950.38,6.42,167527.41,,,,,7.31,110281.95,5.82,342430.48,6.02,215336.16,6.34,173003.32,6.98,125385.68,,
1097,002562.SZ,20180628,6.07,6.2,5.96,5.96,6.34,-0.3799999999999999,-5.99,309237.4,192517.799,6.18,457835.08,5.79,247630.03,6.44,158716.7,,,,,7.35,103144.61,5.73,297617.78,6.01,189503.6,6.35,155865.82,7.02,116324.51,,
1098,002562.SZ,20180627,6.26,6.55,6.24,6.34,6.3,0.040000000000000036,0.63,510576.35,333780.122,6.09,420713.0,5.81,230609.18,6.46,152800.24,,,,,7.39,100002.06,5.71,278996.54,6.03,180000.06,6.39,148372.3,7.06,111772.27,,
1099,002562.SZ,20180626,5.9,6.5,5.69,6.3,6.23,0.0699999999999994,1.12,507990.76,314323.151,5.83,341680.5,5.81,195923.83,6.47,140253.54,,,,,7.42,93959.07,5.69,234103.93,6.05,158128.47,6.41,135202.39,7.09,103922.14,,
1100,002562.SZ,20180625,6.65,6.69,6.16,6.23,6.08,0.15000000000000036,2.47,759813.05,501414.555,5.59,272844.95,5.82,161432.05,6.48,127426.15,,,,,7.45,87997.37,5.67,189138.59,6.08,135381.28,6.44,125754.19,7.13,96369.74,,
1101,002562.SZ,20180622,5.86,6.08,5.69,6.08,5.52,0.5600000000000005,10.14,201557.82,121428.581,5.37,148237.07,5.84,109669.55,6.5,107656.77,,,,,7.49,78418.48,5.66,121953.92,6.13,101276.87,6.47,110291.68,7.16,84649.25,,
1102,002562.SZ,20180621,5.07,5.52,5.06,5.52,5.03,0.4899999999999993,9.74,123627.02,68920.621,5.27,137400.48,5.87,99371.87,6.51,104070.53,,,,,7.52,76409.92,5.69,107764.81,6.19,94319.23,6.49,107175.68,7.2,82697.57,,
1103,002562.SZ,20180620,5.11,5.17,4.9,5.03,5.11,-0.08000000000000007,-1.57,115413.86,59460.642,5.33,137280.09,5.95,99878.37,6.55,103809.69,,,,,7.57,75506.29,5.78,101361.88,6.28,93428.58,6.53,105854.39,7.25,81216.07,,
1104,002562.SZ,20180619,5.0,5.31,4.84,5.11,5.09,0.020000000000000462,0.39,163813.01,85799.309,5.55,126527.36,6.05,97065.83,6.6,104721.79,,,,,7.62,74699.03,5.94,98510.54,6.4,95972.18,6.58,104402.58,7.31,80032.28,,
1105,002562.SZ,20180615,5.52,5.61,5.08,5.09,5.6,-0.5099999999999998,-9.11,136773.65,74516.809,5.74,105432.24,6.15,93631.49,6.67,102646.58,,,,,7.67,73059.93,6.06,88898.05,6.5,92087.89,6.64,101863.95,7.37,77874.69,,
1106,002562.SZ,20180614,5.57,5.66,5.34,5.6,5.81,-0.20999999999999996,-3.61,147374.87,83256.396,5.95,95670.76,6.28,88736.94,6.75,99823.73,,,,,7.72,72048.66,6.21,88241.83,6.59,88289.75,6.69,99959.02,7.43,76256.49,,
1107,002562.SZ,20180613,6.14,6.15,5.81,5.81,6.15,-0.34000000000000075,-5.53,123025.04,74878.158,6.11,78129.15,6.38,81480.95,6.82,96734.49,,,,,7.76,70712.14,6.29,81389.42,6.67,84989.83,6.73,98871.8,7.48,74420.98,,
1108,002562.SZ,20180612,6.06,6.16,6.05,6.15,6.06,0.09000000000000075,1.49,61650.22,38462.133,6.24,65443.67,6.48,77996.32,6.89,94353.76,,,,,7.8,69905.29,6.34,81003.58,6.73,83060.18,6.76,99651.8,7.53,73390.35,,
1109,002562.SZ,20180611,6.09,6.2,6.04,6.06,6.15,-0.09000000000000075,-1.46,58337.4,36520.922,6.32,70493.72,6.57,78054.38,6.94,93563.08,,,,,7.83,69628.59,6.41,82153.01,6.77,85751.62,6.8,100705.33,7.58,73128.45,,
1110,002562.SZ,20180608,6.34,6.35,6.08,6.15,6.36,-0.20999999999999996,-3.3,87966.29,55708.626,6.38,72363.86,6.67,81706.42,7.0,93067.68,,,,,7.86,69728.17,6.5,81623.97,6.82,94061.98,6.86,100120.65,7.63,73187.72,,
1111,002562.SZ,20180607,6.51,6.55,6.35,6.36,6.48,-0.1200000000000001,-1.85,59666.78,39215.646,6.47,80812.9,6.76,87731.0,7.07,91580.9,,,,,7.89,69400.43,6.59,80599.83,6.88,104460.56,6.93,98599.79,7.68,72808.13,,
1112,002562.SZ,20180606,6.5,6.6,6.44,6.48,6.54,-0.05999999999999961,-0.92,59597.64,39669.442,6.47,84649.69,6.82,89766.43,7.13,91358.28,,,,,7.91,69595.92,6.69,80873.65,6.89,106881.11,6.98,98013.57,7.72,72817.03,,
1113,002562.SZ,20180605,6.35,6.59,6.34,6.54,6.39,0.15000000000000036,2.35,86900.51,57298.548,6.44,96563.48,6.86,89859.74,7.17,90612.11,,,,,7.94,70023.34,6.77,85495.28,6.9,108100.64,7.03,97185.89,7.76,73049.51,,
1114,002562.SZ,20180604,6.56,6.64,6.37,6.39,6.56,-0.16999999999999993,-2.59,67688.08,44924.631,6.49,93812.3,6.91,89434.83,7.23,89241.55,,,,,7.96,69945.31,6.86,93433.81,6.91,107348.6,7.09,95672.34,7.8,72557.04,,
1115,002562.SZ,20180601,6.39,6.91,6.3,6.56,6.37,0.1899999999999995,2.98,130211.49,87245.486,6.61,90884.08,6.95,90722.82,7.28,88515.32,,,,,7.99,69959.43,6.93,95277.74,6.93,108346.91,7.15,94663.26,7.84,72443.29,,
1116,002562.SZ,20180531,6.37,6.55,6.32,6.37,6.33,0.040000000000000036,0.63,78850.75,51743.191,6.72,80386.76,7.0,89589.56,7.34,85808.07,,,,,8.02,69642.28,6.98,88337.66,6.93,105817.61,7.21,92059.46,7.88,70963.04,,
1117,002562.SZ,20180530,6.75,6.75,6.31,6.33,6.82,-0.4900000000000002,-7.18,119166.59,79546.665,6.9,77097.61,7.05,100796.78,7.4,85317.84,,,,,8.05,69340.89,7.05,88590.25,6.95,107612.99,7.27,90572.03,7.92,70497.45,,
1118,002562.SZ,20180529,6.73,7.11,6.73,6.82,6.97,-0.14999999999999947,-2.15,73144.57,51723.506,7.1,74427.07,7.12,114394.56,7.45,82778.17,,,,,8.09,68539.52,7.11,85116.79,6.97,108975.92,7.33,87943.19,7.96,69442.25,,
1119,002562.SZ,20180528,7.12,7.13,6.93,6.97,7.09,-0.1200000000000001,-1.69,53047.01,61779.15,7.22,93055.33,7.11,117081.73,7.49,81466.19,,,,,8.12,68058.61,7.14,89350.24,7.0,109981.48,7.39,86938.25,8.0,69137.67,,
1120,002562.SZ,20180525,7.31,7.32,7.05,7.09,7.3,-0.20999999999999996,-2.88,77724.88,92350.796,7.24,99671.4,7.08,119461.83,7.52,81095.69,,,,,8.15,68023.39,7.15,106500.0,7.04,109368.98,7.43,86442.19,8.03,68934.89,,
1121,002562.SZ,20180524,7.32,7.38,7.28,7.3,7.34,-0.040000000000000036,-0.54,62405.0,75939.345,7.23,96288.56,7.05,119010.67,7.55,79933.27,,,,,8.18,68519.53,7.17,128321.29,7.09,107599.77,7.48,85924.11,8.06,68654.96,,
1122,002562.SZ,20180523,7.33,7.48,7.29,7.34,7.39,-0.04999999999999982,-0.68,105813.9,129799.289,7.19,100082.88,7.01,120952.91,7.58,80943.49,,,,,8.21,68242.7,7.1,132888.56,7.13,106583.53,7.51,84937.88,8.08,68400.47,,
1123,002562.SZ,20180522,7.16,7.41,7.11,7.39,7.1,0.29000000000000004,4.08,166285.86,202609.796,7.12,95806.5,6.95,118938.43,7.62,79355.78,,,,,8.25,67470.49,7.03,130706.0,7.17,103031.19,7.53,82361.99,8.1,67678.76,,
1124,002562.SZ,20180521,7.13,7.14,7.01,7.1,7.04,0.05999999999999961,0.85,86127.35,101378.955,7.07,85645.14,6.9,114974.78,7.65,75526.88,,,,,8.28,66075.6,6.96,121263.4,7.2,96791.6,7.55,78167.46,8.12,65588.96,,
1125,002562.SZ,20180518,7.06,7.08,6.99,7.04,7.1,-0.05999999999999961,-0.85,60810.69,71128.513,7.06,113328.6,6.87,119613.06,7.69,74157.5,,,,,8.32,65741.26,6.93,121416.07,7.26,94356.02,7.59,76569.97,8.14,65250.26,,
1126,002562.SZ,20180517,6.97,7.16,6.97,7.1,6.99,0.10999999999999943,1.57,81376.61,95595.63,7.11,160354.01,6.9,122108.85,7.73,73982.1,,,,,8.36,65607.14,6.88,123297.56,7.33,93920.36,7.63,77768.03,8.16,65293.18,,
1127,002562.SZ,20180516,7.04,7.09,6.97,6.99,7.11,-0.1200000000000001,-1.69,84432.0,98764.941,7.01,165694.24,6.96,118987.34,7.76,73252.89,,,,,8.39,65143.5,6.84,126635.74,7.38,91562.93,7.68,76783.21,8.18,65175.72,,
1128,002562.SZ,20180515,6.94,7.13,6.94,7.11,7.06,0.05000000000000071,0.71,115479.06,135179.956,6.94,165605.51,7.05,115749.55,7.8,73253.61,,,,,8.43,64772.87,6.82,132835.05,7.44,89356.4,7.73,75172.24,8.2,65296.08,,
1129,002562.SZ,20180514,7.22,7.23,6.92,7.06,7.28,-0.22000000000000064,-3.02,224544.62,264806.26,6.86,156881.65,7.12,110103.48,7.84,70878.85,,,,,8.47,64213.4,6.85,130612.73,7.51,85732.25,7.77,72641.89,8.22,64722.24,,
1130,002562.SZ,20180511,6.64,7.28,6.64,7.28,6.61,0.6699999999999999,10.14,295937.76,349448.899,6.79,129503.55,7.19,95505.2,7.89,65580.08,,,,,8.51,62341.61,6.94,112237.97,7.57,76413.28,7.82,66985.3,8.24,62125.62,,
1131,002562.SZ,20180510,6.66,6.67,6.53,6.61,6.63,-0.019999999999999574,-0.3,108077.77,118411.908,6.66,86241.12,7.26,75932.6,7.93,57886.55,,,,,8.54,59765.33,7.02,86878.27,7.63,64725.53,7.85,59006.83,8.26,58967.08,,
1132,002562.SZ,20180509,6.73,6.74,6.61,6.63,6.72,-0.08999999999999986,-1.34,83988.32,93336.468,6.68,87577.25,7.39,70497.06,7.99,55874.91,,,,,8.59,60123.37,7.17,80278.51,7.71,60962.53,7.91,58219.45,8.3,58103.22,,
1133,002562.SZ,20180508,6.73,6.76,6.64,6.72,6.71,0.009999999999999787,0.15,71859.79,79921.11,6.69,100064.6,7.52,68043.93,8.05,54500.08,,,,,8.64,59819.11,7.3,75356.38,7.78,58189.98,7.97,56577.75,8.34,57687.81,,
1134,002562.SZ,20180507,6.65,6.8,6.63,6.71,6.62,0.08999999999999986,1.36,87654.12,98098.796,6.84,104343.81,7.63,65149.17,8.11,54186.19,,,,,8.69,59957.09,7.44,72319.8,7.85,56619.49,8.03,55661.97,8.39,57108.08,,
1135,002562.SZ,20180504,6.59,6.73,6.54,6.62,6.7,-0.08000000000000007,-1.19,79625.59,88113.848,7.08,94972.39,7.75,61506.66,8.18,52959.18,,,,,8.74,60020.33,7.6,67295.96,7.92,54146.91,8.1,53885.42,8.43,56487.27,,
1136,002562.SZ,20180503,6.73,6.82,6.45,6.7,6.72,-0.019999999999999574,-0.3,114758.41,125443.789,7.37,87515.41,7.89,58689.0,8.25,52437.65,,,,,8.8,60558.92,7.78,64543.17,8.0,55003.26,8.17,52553.97,8.48,57075.78,,
1137,002562.SZ,20180502,6.91,7.07,6.71,6.72,7.46,-0.7400000000000002,-9.92,146425.07,166592.78,7.65,72979.77,8.01,52797.22,8.32,50979.78,,,,,8.84,61264.5,7.91,56490.11,8.09,51856.94,8.23,49970.16,8.53,55857.18,,
1138,002562.SZ,20180427,7.86,7.97,7.29,7.46,7.9,-0.4400000000000004,-5.57,93255.88,117427.418,7.91,50648.16,8.15,46317.04,8.39,48443.78,,,,,8.89,60267.96,8.07,45877.75,8.18,46340.83,8.3,47128.91,8.58,54215.06,,
1139,002562.SZ,20180426,8.08,8.11,7.89,7.9,8.08,-0.17999999999999972,-2.23,40797.0,53988.982,8.03,40295.78,8.2,41667.96,8.43,47864.08,,,,,8.93,60329.2,8.17,40851.77,8.23,43656.47,8.35,45551.58,8.62,53688.61,,
1140,002562.SZ,20180425,8.11,8.19,8.04,8.08,8.11,-0.02999999999999936,-0.37,42340.7,57083.618,8.12,39619.53,8.21,40724.91,8.46,48351.01,,,,,8.95,61144.29,8.21,40588.59,8.26,44358.97,8.39,46254.8,8.65,54026.19,,
1141,002562.SZ,20180424,7.98,8.18,7.98,8.11,7.99,0.11999999999999922,1.5,42080.2,56739.784,8.18,41570.92,8.21,40579.47,8.49,48895.79,,,,,,,8.25,42572.79,8.27,45071.11,8.42,47016.47,8.68,54166.38,,
1142,002562.SZ,20180423,8.04,8.18,7.9,7.99,8.07,-0.08000000000000007,-0.99,34767.0,46290.431,8.17,40000.46,8.22,40281.18,8.5,48875.67,,,,,,,8.25,41646.56,8.28,47189.93,8.46,47620.49,8.71,54241.77,,
1143,002562.SZ,20180420,8.38,8.41,8.06,8.07,8.33,-0.2599999999999998,-3.12,41494.0,56918.65,8.23,41107.34,8.24,45049.31,8.53,49350.63,,,,,,,8.26,41023.59,8.3,47188.44,8.49,48913.13,8.75,54606.23,,
1144,002562.SZ,20180419,8.35,8.4,8.27,8.33,8.39,-0.0600000000000005,-0.72,37415.76,51862.33,8.3,41407.75,8.27,45844.53,8.55,49773.0,,,,,,,8.26,40919.19,8.33,47333.05,8.51,49441.75,8.78,55139.98,,
1145,002562.SZ,20180418,8.12,8.42,7.95,8.39,8.09,0.3000000000000007,3.71,52097.63,71182.168,8.3,41557.64,8.28,45743.55,8.57,50286.34,,,,,,,8.24,40997.86,8.35,47180.15,8.53,50223.33,8.8,55919.06,,
1146,002562.SZ,20180417,8.32,8.35,8.04,8.09,8.29,-0.1999999999999993,-2.41,34227.89,46563.749,8.31,43574.67,8.29,44779.77,8.58,49956.43,,,,,,,8.23,45463.36,8.37,46559.37,8.55,49866.61,8.83,56762.71,,
1147,002562.SZ,20180416,8.45,8.47,8.22,8.29,8.42,-0.13000000000000078,-1.54,40301.4,55961.728,8.33,43292.66,8.32,46365.86,8.6,50741.75,,,,,,,8.27,47223.76,8.39,46710.18,8.57,50422.87,8.86,58441.1,,
1148,002562.SZ,20180413,8.31,8.48,8.31,8.42,8.33,0.08999999999999986,1.08,42996.08,60288.92,8.29,40939.85,8.32,47618.33,8.61,50942.77,,,,,,,8.29,46803.92,8.42,47754.49,8.59,50941.31,8.9,58788.88,,
1149,002562.SZ,20180412,8.41,8.43,8.3,8.33,8.43,-0.09999999999999964,-1.19,38165.21,53069.866,8.22,40430.63,8.3,50807.6,8.62,51516.73,,,,,,,8.3,46461.17,8.44,47901.48,8.61,51337.09,8.93,59442.41,,
1150,002562.SZ,20180411,8.2,8.46,8.2,8.43,8.19,0.2400000000000002,2.93,62182.76,86573.103,8.18,40438.08,8.32,50543.91,8.62,51597.11,,,,,,,8.31,48129.35,8.48,49087.9,8.62,51427.6,8.97,60346.28,,
1151,002562.SZ,20180410,8.06,8.19,8.03,8.19,8.07,0.11999999999999922,1.49,32817.83,44278.588,8.15,47352.05,8.33,49174.95,8.62,51703.66,,,,,,,8.29,47569.43,8.51,49238.3,8.63,51385.81,9.01,61310.24,,
1152,002562.SZ,20180409,8.07,8.14,7.95,8.07,8.07,0.0,0.0,28537.35,38198.857,8.22,51154.86,8.38,49293.4,8.62,52602.72,,,,,,,8.3,52733.3,8.56,50607.46,8.65,51863.07,9.04,63557.89,,
1153,002562.SZ,20180404,8.18,8.27,8.04,8.07,8.16,-0.08999999999999986,-1.1,40450.0,54956.651,8.3,52667.99,8.42,50150.68,8.63,53949.53,,,,,,,8.34,53353.29,8.6,52857.9,8.67,52995.53,9.08,64277.0,,
1154,002562.SZ,20180403,8.13,8.24,8.11,8.16,8.26,-0.09999999999999964,-1.21,38202.47,51938.933,8.38,52491.71,8.47,49904.08,8.64,55455.53,,,,,,,8.4,53746.92,8.64,53703.03,8.68,53010.47,9.11,65233.65,,
1155,002562.SZ,20180402,8.48,8.48,8.2,8.26,8.52,-0.2599999999999998,-3.05,96752.59,133688.825,8.43,55820.62,8.51,51672.15,8.64,56715.7,,,,,,,8.46,53362.44,8.68,54836.07,8.68,53930.56,9.14,66295.76,,
1156,002562.SZ,20180330,8.49,8.56,8.45,8.52,8.47,0.049999999999998934,0.59,51831.89,73358.308,8.44,47786.81,8.56,47763.19,8.64,55892.01,,,,,,,8.5,47655.38,8.7,52068.24,8.69,52818.34,,,,
1157,002562.SZ,20180329,8.53,8.54,8.42,8.47,8.47,0.0,0.0,36103.0,50828.037,8.38,54311.74,8.61,48537.16,8.65,57497.7,,,,,,,8.51,46196.61,8.72,52022.42,8.68,53568.23,,,,
1158,002562.SZ,20180328,8.32,8.57,8.29,8.47,8.45,0.02000000000000135,0.24,39568.6,55748.629,8.39,54038.59,8.66,50774.69,8.66,58090.15,,,,,,,8.54,48705.05,8.74,53010.01,8.68,55419.93,,,,
1159,002562.SZ,20180327,8.37,8.56,8.32,8.45,8.27,0.17999999999999972,2.18,54847.0,76848.919,8.42,55002.13,8.7,52361.79,8.68,58663.55,,,,,,,8.59,49341.8,8.76,53775.05,8.67,56802.59,,,,
1160,002562.SZ,20180326,8.22,8.3,7.88,8.27,8.24,0.02999999999999936,0.36,56583.55,76552.475,8.48,50904.27,8.74,53800.19,8.7,58140.87,,,,,,,8.65,50046.45,8.78,53076.73,8.67,57265.93,,,,
1161,002562.SZ,20180323,8.17,8.69,8.06,8.24,8.5,-0.2599999999999998,-3.06,84456.55,117784.99,8.56,47523.95,8.79,53859.35,8.74,57959.16,,,,,,,8.74,50907.18,8.81,53294.0,8.68,58927.32,,,,
1162,002562.SZ,20180322,8.62,8.65,8.47,8.5,8.62,-0.11999999999999922,-1.39,34737.26,49405.441,8.65,38081.47,8.84,52044.47,8.77,58855.61,,,,,,,8.82,48481.62,8.83,51427.96,8.7,57986.98,,,,
1163,002562.SZ,20180321,8.81,8.86,8.57,8.62,8.78,-0.16000000000000014,-1.82,44386.27,64499.236,8.69,43371.51,8.86,52556.68,8.81,59058.71,,,,,,,8.87,52362.51,8.83,52816.64,8.72,58797.88,,,,
1164,002562.SZ,20180320,8.59,8.78,8.56,8.78,8.67,0.10999999999999943,1.27,34357.73,49697.956,8.76,43681.46,8.87,53058.94,8.84,59162.0,,,,,,,8.89,53659.15,8.82,52642.24,8.74,58554.2,,,,
1165,002562.SZ,20180319,8.66,8.8,8.59,8.67,8.66,0.009999999999999787,0.12,39681.93,57470.059,8.82,49188.63,8.88,54712.56,8.87,59965.26,,,,,,,8.9,56309.69,8.79,54214.61,8.76,59089.12,,,,
1166,002562.SZ,20180316,8.74,8.81,8.63,8.66,8.74,-0.08000000000000007,-0.92,37244.16,54059.972,8.91,54290.41,8.9,55880.83,8.91,60593.79,,,,,,,8.91,56481.1,8.78,55399.82,8.79,61597.59,,,,
1167,002562.SZ,20180315,8.93,8.94,8.63,8.74,8.95,-0.20999999999999908,-2.35,61187.48,89440.804,8.99,58881.78,8.91,56160.54,8.95,60991.07,,,,,,,8.92,57848.24,8.77,57254.05,8.82,61744.21,,,,
1168,002562.SZ,20180314,9.02,9.08,8.95,8.95,9.06,-0.11000000000000121,-1.21,45936.02,68878.956,9.04,61353.5,8.92,56140.66,8.98,60562.14,,,,,,,8.94,57314.97,8.75,58777.37,8.86,61301.22,,,,
1169,002562.SZ,20180313,9.26,9.26,9.05,9.06,9.13,-0.07000000000000028,-0.77,61893.56,94492.935,9.01,63636.84,8.89,56232.95,9.01,60876.81,,,,,,,8.93,58208.31,8.71,60532.98,8.89,61825.65,,,,
1170,002562.SZ,20180312,9.07,9.18,9.02,9.13,9.05,0.08000000000000007,0.88,65190.83,98742.008,8.98,63430.75,8.86,56280.44,9.04,61218.73,,,,,,,8.91,56107.0,8.67,60875.67,8.91,61797.59,,,,
1171,002562.SZ,20180309,9.0,9.1,8.95,9.05,9.0,0.05000000000000071,0.56,60200.99,90326.005,8.91,58671.78,8.8,54411.78,9.06,61776.66,,,,,,,8.88,55680.81,8.65,62937.39,8.94,61316.29,,,,
1172,002562.SZ,20180308,8.86,9.07,8.8,9.0,8.82,0.17999999999999972,2.04,73546.12,109700.752,8.85,56814.71,8.74,54842.87,9.08,63027.12,,,,,,,8.84,54374.3,8.65,62739.66,8.97,60863.05,,,,
1173,002562.SZ,20180307,8.9,8.98,8.8,8.82,8.91,-0.08999999999999986,-1.01,57352.7,84925.494,8.84,53276.44,8.7,54061.32,9.12,64832.56,,,,,,,8.8,53270.78,8.64,62015.56,9.0,60299.34,,,,
1174,002562.SZ,20180306,8.78,8.94,8.75,8.91,8.76,0.15000000000000036,1.71,60863.09,89441.667,8.85,52779.78,8.66,55367.17,9.17,64944.78,,,,,,,8.75,51625.33,8.67,61001.72,9.04,60838.21,,,,
1175,002562.SZ,20180305,8.8,8.83,8.68,8.76,8.78,-0.019999999999999574,-0.23,41396.0,60258.15,8.83,48783.26,8.63,57735.7,9.21,65572.58,,,,,,,8.69,52119.54,8.7,60478.84,9.07,61614.79,,,,
1176,002562.SZ,20180302,8.89,8.95,8.77,8.78,8.95,-0.16999999999999993,-1.9,50915.62,74898.972,8.84,52689.85,8.58,60785.87,9.27,67072.62,,,,,,,8.66,54318.54,8.72,64155.84,9.11,63658.81,,,,
1177,002562.SZ,20180301,8.78,8.99,8.73,8.95,8.87,0.08000000000000007,0.9,55854.79,82592.214,8.82,51933.88,8.54,62157.55,9.32,69105.11,,,,,,,8.61,56659.86,8.78,63692.19,9.16,66459.32,,,,
1178,002562.SZ,20180228,8.68,8.95,8.67,8.87,8.8,0.06999999999999851,0.8,54869.38,80947.11,8.75,53265.12,8.51,66047.58,9.36,72393.99,,,,,,,8.57,60239.77,8.82,63294.34,9.21,66636.44,,,,
1179,002562.SZ,20180227,8.84,8.89,8.75,8.8,8.82,-0.019999999999999574,-0.23,40880.49,60032.63,8.64,50470.88,8.53,66153.5,9.4,72888.54,,,,,,,8.5,62857.66,8.86,63634.31,9.26,67547.73,,,,
1180,002562.SZ,20180226,8.69,8.87,8.62,8.82,8.67,0.15000000000000036,1.73,60928.95,88956.373,8.55,55455.82,8.54,67552.24,9.43,74564.09,,,,,,,8.44,65644.35,8.92,64642.89,9.32,69264.95,,,,
1181,002562.SZ,20180223,8.65,8.69,8.5,8.67,8.61,0.0600000000000005,0.7,47135.81,67237.93,8.48,55947.24,8.58,65717.39,9.47,75769.97,,,,,,,8.42,70193.98,8.98,64134.02,9.38,71234.67,,,,
1182,002562.SZ,20180222,8.38,8.69,8.34,8.61,8.3,0.3099999999999987,3.73,62510.97,88859.98,8.4,61385.83,8.64,65968.9,,,,,,,,,8.46,71105.02,9.04,64107.43,9.43,75252.7,,,,
1183,002562.SZ,20180214,8.33,8.38,8.12,8.3,8.33,-0.02999999999999936,-0.36,40898.17,55986.039,8.38,67214.41,8.69,70001.59,,,,,,,,,8.49,70760.34,9.1,63813.61,9.49,75558.47,,,,
1184,002562.SZ,20180213,8.53,8.59,8.27,8.33,8.48,-0.15000000000000036,-1.77,65805.21,92281.417,8.35,75244.44,8.81,70058.86,,,,,,,,,8.59,70378.12,9.19,65444.65,9.55,77456.84,,,,
1185,002562.SZ,20180212,8.31,8.56,8.28,8.48,8.27,0.21000000000000085,2.54,63386.02,89171.589,8.34,75832.87,8.92,68681.38,,,,,,,,,8.71,68838.14,9.27,66362.41,9.6,78660.97,,,,
1186,002562.SZ,20180209,8.25,8.48,8.08,8.27,8.54,-0.2699999999999996,-3.16,74328.77,102858.901,8.36,84440.71,9.02,68549.28,,,,,,,,,8.79,73993.13,9.33,68328.94,,,,,,
1187,002562.SZ,20180208,8.2,8.59,8.2,8.54,8.15,0.3899999999999988,4.79,91653.9,128589.428,8.52,80824.21,9.14,67527.99,,,,,,,,,8.94,70724.52,9.44,71359.06,,,,,,
1188,002562.SZ,20180207,8.46,8.48,7.75,8.15,8.25,-0.09999999999999964,-1.21,81048.29,109379.077,8.6,74306.26,9.26,64381.66,,,,,,,,,9.07,66348.92,9.54,69834.77,,,,,,
1189,002562.SZ,20180206,8.41,8.7,8.25,8.25,8.6,-0.34999999999999964,-4.07,68747.39,96025.116,8.83,65511.8,9.39,61732.09,,,,,,,,,9.23,64410.97,9.65,69892.77,,,,,,
1190,002562.SZ,20180205,9.04,9.04,8.51,8.6,9.04,-0.4399999999999995,-4.87,106425.22,154416.963,9.07,61843.4,9.52,60800.35,,,,,,,,,9.39,63641.43,9.76,71075.26,,,,,,
1191,002562.SZ,20180202,8.98,9.32,8.8,9.04,8.95,0.08999999999999986,1.01,56246.27,84570.307,9.21,63545.55,9.63,58269.09,,,,,,,,,9.53,58074.07,9.85,71755.02,,,,,,
1192,002562.SZ,20180201,9.25,9.37,8.78,8.95,9.31,-0.3600000000000012,-3.87,59064.14,89278.106,9.36,60624.82,9.69,60416.33,,,,,,,,,9.61,57109.83,9.92,77326.54,,,,,,
1193,002562.SZ,20180131,9.41,9.49,9.22,9.31,9.46,-0.15000000000000036,-1.59,37075.96,57484.061,9.54,58391.58,9.75,63774.22,,,,,,,,,9.71,56866.89,9.98,77957.54,,,,,,
1194,002562.SZ,20180130,9.27,9.52,9.27,9.46,9.29,0.1700000000000017,1.83,50405.4,78891.701,9.63,63310.14,9.84,71301.54,,,,,,,,,9.79,60511.18,10.02,80996.2,,,,,,
1195,002562.SZ,20180129,9.55,9.58,9.27,9.29,9.81,-0.5200000000000014,-5.3,114935.96,180005.637,9.72,65439.47,9.92,72129.45,,,,,,,,,9.83,63886.69,10.05,83572.38,,,,,,
1196,002562.SZ,20180126,9.85,9.9,9.73,9.81,9.82,-0.009999999999999787,-0.1,41642.66,68094.85,9.86,52602.59,10.0,69611.93,,,,,,,,,9.88,62664.75,,,,,,,,
1197,002562.SZ,20180125,9.77,9.88,9.71,9.82,9.78,0.040000000000000924,0.41,47897.94,78303.578,9.86,53594.84,10.06,73516.12,,,,,,,,,9.93,71993.6,,,,,,,,
1198,002562.SZ,20180124,9.85,9.88,9.67,9.78,9.88,-0.10000000000000142,-1.01,61668.75,100330.653,9.89,55342.19,10.11,79064.0,,,,,,,,,10.0,73320.63,,,,,,,,
1199,002562.SZ,20180123,9.99,10.06,9.83,9.88,9.99,-0.10999999999999943,-1.1,61052.02,100815.436,9.94,57712.21,10.16,87218.47,,,,,,,,,10.06,75374.57,,,,,,,,
1200,002562.SZ,20180122,9.81,10.02,9.81,9.99,9.85,0.14000000000000057,1.42,50751.58,83930.351,9.94,62333.9,10.18,88036.31,,,,,,,,,10.13,78509.08,,,,,,,,
1201,002562.SZ,20180119,9.95,10.03,9.81,9.85,9.94,-0.08999999999999986,-0.91,46603.91,76948.567,9.89,72726.92,10.19,91659.21,,,,,,,,,10.18,85435.97,,,,,,,,
1202,002562.SZ,20180118,10.05,10.14,9.86,9.94,10.06,-0.120000000000001,-1.19,56634.7,94022.56,10.0,90392.35,10.2,95914.98,,,,,,,,,10.23,97543.26,,,,,,,,
1203,002562.SZ,20180117,9.82,10.12,9.82,10.06,9.88,0.17999999999999972,1.82,73518.85,122522.041,10.12,91299.06,,,,,,,,,,,10.25,99048.19,,,,,,,,
1204,002562.SZ,20180116,9.67,10.13,9.66,9.88,9.74,0.14000000000000057,1.44,84160.48,139188.901,10.18,93036.94,,,,,,,,,,,10.26,101481.23,,,,,,,,
1205,002562.SZ,20180115,10.24,10.35,9.67,9.74,10.39,-0.6500000000000004,-6.26,102716.64,171932.458,10.32,94684.26,,,,,,,,,,,10.27,103258.08,,,,,,,,
1206,002562.SZ,20180112,10.42,10.51,10.08,10.39,10.51,-0.11999999999999922,-1.14,134931.1,231079.738,10.46,98145.03,,,,,,,,,,,,,,,,,,,,
1207,002562.SZ,20180111,10.38,10.59,10.33,10.51,10.4,0.10999999999999943,1.06,61168.23,106579.587,10.46,104694.16,,,,,,,,,,,,,,,,,,,,
1208,002562.SZ,20180110,10.5,10.63,10.35,10.4,10.54,-0.1399999999999988,-1.33,82208.23,143204.48,10.39,106797.32,,,,,,,,,,,,,,,,,,,,
1209,002562.SZ,20180109,10.48,10.65,10.33,10.54,10.44,0.09999999999999964,0.96,92397.12,162291.585,10.33,109925.52,,,,,,,,,,,,,,,,,,,,
1210,002562.SZ,20180108,10.4,10.66,10.37,10.44,10.43,0.009999999999999787,0.1,120020.45,209797.164,10.22,111831.89,,,,,,,,,,,,,,,,,,,,
1211,002562.SZ,20180105,10.17,10.48,10.1,10.43,10.15,0.27999999999999936,2.76,167676.78,287689.04,,,,,,,,,,,,,,,,,,,,,,
1212,002562.SZ,20180104,10.06,10.15,9.97,10.15,10.08,0.07000000000000028,0.69,71684.0,120254.928,,,,,,,,,,,,,,,,,,,,,,
1213,002562.SZ,20180103,9.96,10.17,9.93,10.08,10.0,0.08000000000000007,0.8,97849.26,163738.589,,,,,,,,,,,,,,,,,,,,,,
1214,002562.SZ,20180102,9.84,10.05,9.58,10.0,9.83,0.16999999999999993,1.73,101928.96,167652.645,,,,,,,,,,,,,,,,,,,,,,
