,ts_code,trade_date,open,high,low,close,pre_close,change,pct_chg,vol,amount,ma5,ma_v_5,ma13,ma_v_13,ma34,ma_v_34,ma144,ma_v_144,ma169,ma_v_169,ma75,ma_v_75,ma10,ma_v_10,ma20,ma_v_20,ma30,ma_v_30,ma60,ma_v_60,ma120,ma_v_120
0,002599.SZ,20250801,9.45,9.5,9.16,9.24,9.45,-0.20999999999999908,-2.22,313288.0,290457.988,9.36,511365.23,9.12,426222.86,8.62,280136.72,9.08,425828.01,8.93,435893.36,8.72,290742.84,9.21,462046.05,8.89,366757.21,8.7,300348.13,8.78,307365.5,9.4,406629.18
1,002599.SZ,20250731,9.08,9.8,9.03,9.45,9.07,0.379999999999999,4.19,560916.37,529686.579,9.37,554952.19,9.09,438605.4,8.59,274048.62,9.07,427794.39,8.92,435580.16,8.71,288945.19,9.17,457834.94,8.85,357203.76,8.65,294430.96,8.79,306561.62,9.39,413011.97
2,002599.SZ,20250730,9.31,9.33,8.98,9.07,9.3,-0.23000000000000043,-2.47,308457.21,281731.67,9.25,475103.08,9.02,416627.26,8.56,263105.19,9.06,429591.97,8.91,434060.19,8.7,284137.29,9.11,429057.48,8.79,333774.26,8.61,280264.64,8.78,304265.36,9.38,419398.61
3,002599.SZ,20250729,9.65,9.7,9.24,9.3,9.74,-0.4399999999999995,-4.52,526912.49,494071.988,9.19,465848.27,8.98,417633.99,8.54,257272.92,9.05,428793.38,8.89,434331.54,8.69,284733.53,9.08,435823.56,8.76,328042.8,8.57,274759.38,8.77,303437.41,9.38,422115.68
4,002599.SZ,20250728,9.4,10.19,9.25,9.74,9.3,0.4399999999999995,4.73,847252.07,813862.844,9.14,442244.4,8.91,407409.42,8.52,245772.76,9.04,426943.04,8.88,433308.26,8.67,283349.98,9.03,430558.42,8.72,319912.83,8.54,260502.48,8.76,299266.19,9.36,424957.27
5,002599.SZ,20250725,8.83,9.39,8.81,9.3,8.82,0.4800000000000004,5.44,531222.79,485376.313,9.07,412726.87,8.81,353834.46,8.48,227161.14,9.02,422439.45,8.87,432281.93,8.64,277386.92,8.92,373353.26,8.65,284234.64,8.49,235803.83,8.74,287761.83,9.35,423123.36
6,002599.SZ,20250724,8.71,8.88,8.71,8.82,8.78,0.040000000000000924,0.46,161670.85,142494.656,8.97,360717.7,8.73,321218.01,8.47,219488.65,9.01,420469.95,8.86,433050.71,8.63,271329.22,8.84,352385.45,8.6,267206.7,8.45,224391.06,8.72,281688.7,9.33,424511.2
7,002599.SZ,20250723,8.93,9.0,8.77,8.78,9.05,-0.27000000000000135,-2.98,262183.16,231843.459,8.97,383011.88,8.69,314263.42,8.46,218208.66,9.01,420724.35,8.86,435133.92,8.64,271336.41,8.8,375617.67,8.57,266887.91,8.44,222674.03,8.71,282718.58,9.32,430493.88
8,002599.SZ,20250722,9.25,9.3,9.01,9.05,9.38,-0.33000000000000007,-3.52,408893.13,371785.446,8.96,405798.86,8.65,303496.95,8.45,216278.75,9.0,421179.54,8.85,435514.04,8.65,269969.85,8.76,364477.11,8.55,260942.36,8.43,218464.83,8.7,282627.46,9.31,433181.6
9,002599.SZ,20250721,9.09,9.69,9.0,9.38,8.82,0.5600000000000005,6.35,699664.4,653343.162,8.92,418872.44,8.6,279145.65,8.43,208544.99,8.99,420434.53,8.84,435053.16,8.66,266837.57,8.69,334308.7,8.51,249249.09,8.42,211983.63,8.69,280703.3,9.3,433475.27
10,002599.SZ,20250718,9.01,9.08,8.78,8.82,8.81,0.009999999999999787,0.11,271176.96,240986.656,8.77,333979.65,8.52,240235.16,8.41,194557.09,8.99,418329.32,8.84,432903.13,8.66,260995.36,8.58,271468.38,8.44,219499.17,8.39,197673.42,8.67,271739.63,9.28,430017.4
11,002599.SZ,20250717,8.69,8.89,8.62,8.81,8.76,0.05000000000000071,0.57,273141.77,239087.46,8.7,344053.21,8.5,247399.48,8.4,198141.59,8.99,419736.62,8.83,433457.82,8.67,259124.98,8.52,256572.58,8.39,212728.97,8.38,192572.56,8.67,270116.18,9.27,430271.36
12,002599.SZ,20250716,8.81,9.14,8.71,8.76,8.85,-0.08999999999999986,-1.02,376118.02,334683.879,8.63,368223.45,8.47,236672.28,8.41,199051.16,8.99,421366.66,8.83,434780.19,8.69,257789.02,8.48,238491.04,8.35,205868.22,8.37,190020.05,8.66,267680.83,9.26,432203.29
13,002599.SZ,20250715,8.63,8.99,8.48,8.85,8.62,0.23000000000000043,2.67,474261.03,414988.07,8.55,323155.37,8.43,222406.59,8.43,201629.95,8.99,423326.99,8.82,436459.84,8.7,255995.31,8.44,220262.03,8.32,194227.28,8.36,182347.61,8.65,264186.71,9.25,434482.01
14,002599.SZ,20250714,8.48,8.64,8.34,8.62,8.47,0.14999999999999858,1.77,275200.46,234839.803,8.45,249744.96,8.38,197870.74,8.45,201343.62,8.99,424999.6,8.82,436941.08,8.72,252608.49,8.41,209267.24,8.29,175474.52,8.35,174008.11,8.64,260738.83,9.24,436017.77
15,002599.SZ,20250711,8.36,8.64,8.23,8.47,8.46,0.009999999999999787,0.12,321544.76,270672.051,8.38,208957.11,8.36,187722.42,8.48,214308.55,8.99,432061.61,8.81,440434.13,8.74,254865.73,8.38,195116.02,8.27,167029.11,8.35,177936.43,8.64,258589.24,9.22,435514.56
16,002599.SZ,20250710,8.77,8.99,8.39,8.46,8.36,0.10000000000000142,1.2,393993.0,340463.425,8.34,169091.96,8.35,176451.87,8.51,219829.55,9.0,434648.35,8.81,440545.32,8.77,255368.87,8.37,182027.95,8.26,160393.86,8.38,177353.84,8.64,256204.56,9.21,434472.92
17,002599.SZ,20250709,8.37,8.48,8.35,8.36,8.35,0.009999999999999787,0.12,150777.6,126996.136,8.32,108758.62,8.31,154195.95,8.54,229081.55,8.99,437570.09,8.8,440616.57,8.81,254172.79,8.34,158158.15,8.26,146202.21,8.4,179680.63,8.64,252976.75,9.2,433403.94
18,002599.SZ,20250708,8.26,8.35,8.22,8.35,8.26,0.08999999999999986,1.09,107209.0,89168.852,8.33,117368.7,8.27,153041.75,8.57,230682.36,9.0,442824.65,8.8,443162.56,8.84,255794.32,8.34,157407.61,8.27,145458.68,8.45,190138.91,8.64,256350.04,9.18,433427.7
19,002599.SZ,20250707,8.29,8.3,8.22,8.26,8.26,0.0,0.0,71261.2,58859.861,8.37,168789.52,8.25,155250.81,8.59,235553.27,8.99,444569.21,8.79,445834.74,8.89,258561.04,8.33,164189.48,8.28,150821.09,8.49,210432.22,8.63,261615.66,9.17,434024.6
20,002599.SZ,20250704,8.37,8.37,8.23,8.26,8.37,-0.10999999999999943,-1.31,122219.0,101330.668,8.39,181274.93,8.24,160792.2,8.62,243415.3,8.99,446587.04,8.79,447519.36,8.93,261793.48,8.31,167529.96,8.3,160775.94,8.53,225032.14,8.62,267095.02,9.15,435632.58
21,002599.SZ,20250703,8.41,8.45,8.33,8.37,8.41,-0.040000000000000924,-0.48,92326.29,77320.703,8.39,194963.93,8.24,159021.95,8.66,254512.25,8.98,447569.65,8.78,448817.05,8.97,265206.16,8.27,168885.36,8.31,160572.54,8.57,244576.86,8.62,266339.62,9.14,436537.81
22,002599.SZ,20250702,8.49,8.51,8.3,8.41,8.56,-0.15000000000000036,-1.75,193828.0,162388.195,8.37,207557.67,8.23,160096.26,8.69,264340.82,8.98,449711.32,8.77,451705.57,9.01,269540.3,8.23,173245.41,8.32,165784.55,8.6,248339.49,8.64,267504.35,9.14,439353.43
23,002599.SZ,20250701,8.35,8.7,8.33,8.56,8.33,0.23000000000000043,2.76,364313.11,310352.877,8.35,197446.51,8.21,159712.55,8.71,266602.05,8.97,450113.2,8.77,455782.9,9.06,273323.02,8.21,168192.53,8.33,163390.4,8.63,250972.56,8.66,266935.4,9.13,442115.33
24,002599.SZ,20250630,8.29,8.35,8.26,8.33,8.29,0.040000000000000924,0.48,133688.23,111194.669,8.29,159589.43,8.2,140162.31,8.73,267118.14,8.96,450448.07,8.76,456019.64,9.1,278224.99,8.17,141681.79,8.32,156378.54,8.65,250114.45,8.67,263763.05,9.13,443428.36
25,002599.SZ,20250627,8.24,8.45,8.22,8.29,8.25,0.03999999999999915,0.48,190664.03,158783.306,8.22,153784.99,8.22,140332.99,8.76,279859.26,8.95,454336.52,8.74,457627.99,9.16,286459.58,8.16,138942.21,8.34,169346.63,8.69,262308.7,8.7,265893.23,9.13,447284.68
26,002599.SZ,20250626,8.32,8.37,8.25,8.25,8.32,-0.07000000000000028,-0.84,155295.0,129016.87,8.15,142806.78,8.24,142163.22,8.79,294404.32,8.95,454820.5,8.73,458974.41,9.22,297770.01,8.15,138759.78,8.39,175016.78,8.73,270169.81,8.72,264897.13,9.13,452527.21
27,002599.SZ,20250625,8.3,8.35,8.21,8.32,8.28,0.040000000000000924,0.48,143272.2,118731.771,8.1,138933.14,8.28,151014.25,8.83,297632.57,8.94,455853.47,8.72,461452.85,9.27,307474.07,8.18,134246.28,8.44,190441.87,8.76,274016.98,8.75,265191.3,9.12,452845.25
28,002599.SZ,20250624,8.03,8.28,8.02,8.28,7.98,0.29999999999999893,3.76,175027.7,143742.66,8.06,138938.54,8.29,149081.85,8.84,305864.0,8.93,457319.04,8.7,464740.04,9.31,315134.62,8.2,133509.76,8.5,206504.56,8.79,281969.91,8.78,266829.93,9.11,453821.85
29,002599.SZ,20250623,7.8,7.99,7.77,7.98,7.9,0.08000000000000007,1.01,104666.0,83035.908,8.05,123774.15,8.31,150738.67,8.86,308327.3,8.93,458561.75,8.69,466962.41,9.35,322047.66,8.23,137452.7,8.57,233553.59,8.83,295031.87,8.8,267583.63,9.11,454019.41
30,002599.SZ,20250620,8.0,8.07,7.84,7.9,8.01,-0.10999999999999943,-1.37,135773.0,107944.879,8.1,124099.43,8.35,153913.98,8.88,313385.35,8.93,462514.09,8.68,470101.62,9.39,329502.11,8.3,154021.93,8.64,253783.23,8.87,314382.87,8.84,273247.4,9.11,455210.65
31,002599.SZ,20250619,8.13,8.22,7.99,8.01,8.15,-0.14000000000000057,-1.72,135926.8,110129.254,8.16,134712.78,8.39,160706.52,8.89,314009.39,8.93,466162.52,8.66,470616.37,9.43,338551.96,8.36,152259.73,8.73,282422.61,8.92,318692.28,8.89,276972.53,9.11,455731.74
32,002599.SZ,20250618,8.2,8.21,7.99,8.15,8.21,-0.0600000000000005,-0.73,143299.2,115753.083,8.26,129559.42,8.44,180485.23,8.89,314918.46,8.93,468786.18,8.65,471651.44,9.49,352220.0,8.41,158323.69,8.78,285886.53,8.95,328266.08,8.94,279778.54,9.11,457330.11
33,002599.SZ,20250617,8.24,8.29,8.16,8.21,8.24,-0.02999999999999936,-0.36,99205.73,81468.414,8.34,128080.98,8.52,192851.98,8.89,317276.23,8.92,470057.87,8.63,473800.96,9.56,370628.49,8.44,158588.27,8.84,292362.57,8.97,332115.44,8.99,281930.09,9.11,458649.38
34,002599.SZ,20250616,8.1,8.33,8.09,8.24,8.2,0.040000000000000924,0.49,106292.44,87572.241,8.41,151131.26,8.6,220897.45,8.89,321908.88,8.92,471667.58,8.62,475614.48,9.63,393720.35,8.47,171075.3,8.89,304330.79,8.98,338029.91,9.05,285521.87,9.11,461126.95
35,002599.SZ,20250613,8.5,8.5,8.16,8.2,8.5,-0.3000000000000007,-3.53,188839.74,155965.141,8.51,183944.43,8.71,248453.88,8.9,327413.32,8.92,473264.92,8.6,476293.33,9.7,401475.56,8.51,199751.06,8.96,323991.94,8.98,339719.84,9.1,288978.57,9.11,464189.75
36,002599.SZ,20250612,8.55,8.57,8.48,8.5,8.55,-0.05000000000000071,-0.58,110160.0,93836.325,8.55,169806.69,8.83,289005.29,8.91,326619.33,8.91,474487.7,8.58,476033.47,9.75,424541.46,8.62,211273.78,9.01,335874.83,8.98,338986.35,9.16,292134.07,9.12,466848.32
37,002599.SZ,20250611,8.49,8.64,8.49,8.55,8.54,0.010000000000001563,0.12,135907.0,116472.853,8.56,187087.97,8.89,319705.2,8.91,328490.22,8.91,477171.46,8.56,476320.73,9.78,424133.01,8.69,246637.46,9.05,343902.33,8.97,342763.13,9.2,297254.52,9.12,471417.03
38,002599.SZ,20250610,8.74,8.74,8.36,8.54,8.74,-0.20000000000000107,-2.29,214457.1,183248.661,8.55,189095.57,8.97,363755.48,8.9,328228.85,8.91,480810.85,8.54,476216.27,9.8,427783.99,8.8,279499.37,9.09,356199.98,8.96,346790.09,9.26,302948.28,9.13,476243.78
39,002599.SZ,20250609,8.56,8.86,8.52,8.74,8.44,0.3000000000000007,3.55,270358.3,235603.818,8.54,191019.35,9.02,363043.79,8.89,326817.5,8.91,483179.83,8.52,475347.26,9.81,435803.95,8.92,329654.47,9.13,373821.45,8.96,349422.97,9.32,311573.34,9.13,485224.38
40,002599.SZ,20250606,8.54,8.55,8.42,8.44,8.54,-0.09999999999999964,-1.17,118151.03,99869.288,8.51,215557.69,9.06,363233.17,8.87,326730.15,8.9,487312.94,8.49,474141.36,9.83,447069.43,8.97,353544.52,9.15,394563.34,8.95,345805.83,9.38,319588.74,9.13,488755.02
41,002599.SZ,20250605,8.49,8.58,8.35,8.54,8.49,0.049999999999998934,0.59,196566.4,166711.868,8.68,252740.88,9.12,380188.47,8.88,327555.85,8.9,488855.89,8.47,473911.62,9.84,455805.97,9.09,412585.49,9.21,401908.55,8.95,347659.8,9.45,334935.33,9.13,494559.79
42,002599.SZ,20250604,8.52,8.55,8.46,8.49,8.49,0.0,0.0,145945.0,124042.837,8.82,306186.96,9.2,403492.25,8.88,327023.43,8.89,490310.53,8.45,473054.37,9.85,465053.64,9.15,413449.36,9.21,413237.27,8.94,345341.61,9.51,346377.55,9.13,500483.69
43,002599.SZ,20250603,8.4,8.63,8.32,8.49,8.61,-0.11999999999999922,-1.39,224076.0,190054.211,9.05,369903.17,9.27,425073.21,8.87,328622.81,8.88,493332.09,8.42,472517.55,9.86,477558.63,9.23,426136.87,9.24,418879.02,8.93,346025.81,9.56,355908.69,9.13,502254.37
44,002599.SZ,20250530,9.13,9.18,8.6,8.61,9.26,-0.6500000000000004,-7.02,393050.0,348040.41,9.3,468289.59,9.33,428660.44,8.87,332419.85,8.87,495656.62,8.4,471489.65,9.87,489093.16,9.31,437586.27,9.24,421507.21,8.92,347469.55,9.61,363732.52,9.12,503402.31
45,002599.SZ,20250529,9.1,9.29,8.96,9.26,9.25,0.009999999999999787,0.11,304067.0,279336.475,9.44,491531.35,9.37,427799.68,8.85,333305.04,8.86,495399.06,8.38,469492.3,9.88,495560.67,9.4,448232.82,9.22,409704.23,8.92,339242.05,9.64,368244.17,9.11,502324.51
46,002599.SZ,20250528,9.63,9.64,9.18,9.25,9.63,-0.3800000000000008,-3.95,463796.8,431962.131,9.51,572430.09,9.39,448016.56,8.8,336127.26,8.85,495659.22,8.35,468172.56,9.87,505896.07,9.41,460475.87,9.16,402842.63,8.9,335055.29,9.68,376751.59,9.09,503130.0
47,002599.SZ,20250527,9.83,9.9,9.58,9.63,9.76,-0.129999999999999,-1.33,464526.03,451144.483,9.49,520711.76,9.38,465047.27,8.78,324747.79,8.84,496469.55,8.33,465851.41,9.86,517409.63,9.41,441167.19,9.11,390825.96,8.87,326272.86,9.73,388372.13,9.08,501362.52
48,002599.SZ,20250526,9.33,9.93,9.08,9.76,9.28,0.4800000000000004,5.17,716008.14,685463.092,9.42,482370.58,9.37,449703.37,8.77,315856.15,8.82,499374.91,8.3,463556.85,9.84,519676.02,9.37,432900.6,9.04,380435.45,8.83,322561.16,9.79,406028.97,9.06,500929.26
49,002599.SZ,20250523,9.41,9.66,9.23,9.28,9.64,-0.3600000000000012,-3.73,509258.8,479839.066,9.32,406882.95,9.29,427175.12,8.76,299493.89,8.8,497210.41,8.27,459760.32,9.81,521701.3,9.34,417988.43,8.98,359307.21,8.77,312799.11,9.85,424613.76,9.04,500742.74
50,002599.SZ,20250522,9.06,9.97,9.05,9.64,9.13,0.5099999999999998,5.59,708560.69,677756.05,9.37,404934.29,9.26,407907.52,8.77,289632.51,8.77,496489.86,8.24,457158.45,9.8,523273.61,9.32,435582.15,8.94,341936.49,8.71,309157.9,9.92,427591.66,9.02,498668.55
51,002599.SZ,20250521,9.23,9.23,9.07,9.13,9.28,-0.14999999999999858,-1.62,205205.14,187469.372,9.31,348521.65,9.18,374682.82,8.77,276483.64,8.75,494473.53,8.21,453492.45,9.77,523129.65,9.32,391231.62,8.88,315196.95,8.67,288102.38,9.96,447762.02,9.0,495297.57
52,002599.SZ,20250520,9.19,9.33,9.06,9.28,9.25,0.02999999999999936,0.32,272820.14,251613.538,9.33,361622.63,9.11,370974.0,8.79,274298.14,8.73,497035.67,8.19,453019.24,9.75,532121.48,9.27,413025.19,8.83,311287.73,8.68,286669.21,9.99,445667.38,8.99,496540.15
53,002599.SZ,20250519,9.43,9.43,9.12,9.25,9.55,-0.3000000000000007,-3.14,338570.0,313214.191,9.33,383430.62,9.02,362821.3,8.81,271360.63,8.71,499993.9,8.16,452458.05,9.72,536280.01,9.24,411621.17,8.78,305970.27,8.69,282898.25,10.0,447949.22,8.97,497216.46
54,002599.SZ,20250516,9.28,9.67,9.1,9.55,9.34,0.21000000000000085,2.25,499515.5,471770.106,9.36,429093.91,8.95,353966.95,8.83,268508.28,8.68,501466.4,8.14,450945.75,9.7,537687.53,9.17,405428.14,8.73,302411.19,8.7,277411.65,10.0,455905.61,8.96,500010.07
55,002599.SZ,20250515,9.23,9.45,9.04,9.34,9.25,0.08999999999999986,0.97,426497.48,396680.799,9.28,466230.01,8.84,335290.05,8.84,260294.57,8.66,502408.6,8.11,448510.21,9.67,534823.58,9.04,371175.63,8.68,284746.67,8.7,269477.77,10.01,466168.17,8.95,501357.0
56,002599.SZ,20250514,9.28,9.28,9.1,9.25,9.25,0.0,0.0,270710.01,249242.479,9.32,433941.59,8.78,325055.12,8.86,260823.85,8.63,500993.8,8.08,446479.28,9.65,533158.98,8.91,345209.39,8.64,272345.0,8.71,259624.45,10.01,471949.74,8.94,502083.96
57,002599.SZ,20250513,9.58,9.58,9.23,9.25,9.41,-0.16000000000000014,-1.7,381860.1,357538.368,9.21,464427.75,8.71,316680.83,8.91,263428.87,8.6,501272.57,8.05,445491.81,9.63,536282.49,8.81,340484.74,8.6,268825.69,8.74,256365.62,10.01,482273.61,8.92,502548.24
58,002599.SZ,20250512,9.32,9.47,9.21,9.41,9.14,0.2699999999999996,2.95,566886.45,531310.442,9.15,439811.73,8.66,300673.9,8.97,261147.31,8.58,502138.6,8.02,444543.99,9.61,539851.88,8.71,327970.31,8.55,267391.45,8.76,251689.94,10.01,493972.92,8.91,502124.44
59,002599.SZ,20250509,9.48,9.57,9.04,9.14,9.57,-0.4299999999999997,-4.49,685196.0,629975.623,8.98,381762.38,8.57,266838.07,9.02,252485.71,8.55,501019.18,8.0,443409.39,9.58,541074.09,8.62,300625.99,8.48,260204.45,8.78,240135.38,10.0,502677.57,8.9,500202.96
60,002599.SZ,20250508,8.68,9.57,8.68,9.57,8.7,0.870000000000001,10.0,265055.4,247408.88,8.79,276121.26,8.49,226936.15,9.09,241589.15,8.53,497795.72,7.97,441732.71,9.55,534802.34,8.55,248290.82,8.41,245945.77,8.81,232111.94,10.01,505892.87,8.89,497534.0
61,002599.SZ,20250507,8.83,8.87,8.6,8.7,8.91,-0.21000000000000085,-2.36,423140.8,369542.193,8.5,256477.18,8.39,227115.61,9.15,243019.7,8.5,496961.48,7.95,442305.3,9.51,533888.91,8.44,239162.28,8.35,236537.75,8.85,235252.78,10.0,519462.31,8.87,499463.71
62,002599.SZ,20250506,8.7,8.91,8.64,8.91,8.57,0.33999999999999986,3.97,258780.0,228789.599,8.42,216541.72,8.38,205814.4,9.23,241697.03,8.47,495125.12,7.93,440207.67,9.49,531789.91,8.39,209550.27,8.38,223491.22,8.94,231291.0,9.99,534531.86,8.87,501437.37
63,002599.SZ,20250430,8.38,8.63,8.29,8.57,8.22,0.34999999999999964,4.26,276639.7,237002.512,8.27,216128.88,8.35,199636.24,9.3,246361.93,8.44,494149.24,7.9,439209.15,9.45,530387.89,8.32,200319.38,8.42,218536.78,9.02,231744.73,9.98,540793.94,8.86,503910.78
64,002599.SZ,20250429,8.11,8.31,8.0,8.22,8.11,0.11000000000000121,1.36,156990.4,129400.759,8.27,219489.61,8.34,193765.8,9.4,252270.54,8.42,492697.54,7.88,438218.38,9.43,529083.86,8.29,199394.25,8.46,213403.4,9.11,233013.84,9.96,550648.35,8.86,508818.17
65,002599.SZ,20250428,8.19,8.46,8.06,8.11,8.27,-0.16000000000000014,-1.93,166835.0,136433.028,8.3,220460.39,8.35,208856.94,9.51,269181.44,8.39,492069.57,7.86,437634.69,9.4,530513.57,8.32,198317.71,8.53,218628.83,9.22,238237.29,9.96,558484.89,8.85,510346.05
66,002599.SZ,20250425,8.16,8.48,8.12,8.27,8.18,0.08999999999999986,1.1,223463.5,185594.981,8.38,221847.39,8.34,228573.21,9.65,286371.07,8.37,491461.86,7.84,437074.74,9.39,531367.05,8.37,199480.61,8.61,216831.98,9.33,245281.79,9.95,567333.7,8.85,512339.38
67,002599.SZ,20250424,8.61,8.65,8.15,8.18,8.55,-0.370000000000001,-4.33,256715.8,213189.894,8.37,202558.83,8.29,242154.67,9.77,310355.86,8.34,490268.99,7.82,436233.67,9.38,534123.55,8.38,197166.66,8.7,214306.06,9.44,251745.9,9.94,578269.17,8.84,515319.26
68,002599.SZ,20250423,8.2,8.61,8.2,8.55,8.38,0.16999999999999993,2.03,293443.34,249447.743,8.38,184509.87,8.31,228322.3,9.89,328778.91,8.32,488869.73,7.8,435359.74,9.38,537704.09,8.4,206812.59,8.79,213549.76,9.56,259106.46,9.93,583735.74,8.84,517836.7
69,002599.SZ,20250422,8.51,8.56,8.36,8.38,8.51,-0.129999999999999,-1.53,161844.3,136798.153,8.32,179298.88,8.37,218227.43,9.98,341260.38,8.29,487181.66,7.78,434839.12,9.37,540749.86,8.34,219782.91,8.86,209890.08,9.67,273723.71,9.91,586247.25,8.82,518357.69
70,002599.SZ,20250421,8.21,8.51,8.13,8.51,8.25,0.2599999999999998,3.15,173770.0,145981.844,8.35,176175.02,8.46,218061.82,10.06,356897.49,8.27,486443.14,7.76,436032.52,9.37,546544.57,8.27,243600.73,8.94,224022.5,9.82,293371.64,9.89,588295.18,8.81,519855.06
71,002599.SZ,20250418,8.2,8.33,8.12,8.25,8.21,0.03999999999999915,0.49,127020.7,104650.432,8.36,177113.82,8.54,218077.36,10.13,371308.64,8.24,485799.11,7.74,436841.26,9.36,555157.87,8.26,233913.23,9.06,233298.03,9.95,322210.86,9.88,590426.55,8.8,523244.35
72,002599.SZ,20250417,8.27,8.38,8.21,8.21,8.27,-0.05999999999999872,-0.73,166471.01,138483.412,8.4,191774.48,8.64,228421.85,10.21,391528.98,8.22,485413.72,7.72,437713.28,9.36,556043.73,8.36,237432.16,9.21,242161.36,10.08,347413.48,9.87,596725.75,8.79,529543.33
73,002599.SZ,20250416,8.44,8.75,8.08,8.27,8.52,-0.25,-2.93,267388.4,224211.941,8.42,229115.3,8.76,225685.46,10.33,420780.69,8.19,484790.62,7.7,437367.84,9.35,557296.97,8.5,236754.19,9.36,247457.41,10.19,365791.56,9.86,604777.31,8.78,531525.41
74,002599.SZ,20250415,8.58,8.82,8.4,8.52,8.57,-0.05000000000000071,-0.58,146225.0,125218.603,8.36,260266.94,8.89,218420.58,10.49,457737.98,8.17,483450.39,7.68,436328.56,9.34,556381.59,8.63,227412.56,9.53,249823.63,10.29,379995.48,9.84,611296.71,8.76,532676.34
75,002599.SZ,20250414,8.65,8.7,8.53,8.57,8.41,0.16000000000000014,1.9,178464.0,154168.924,8.18,311026.43,9.01,225756.35,10.62,507293.0,8.14,482917.87,7.65,436119.28,9.33,557733.45,8.74,238939.96,9.67,258197.09,10.37,397246.29,9.81,612439.87,8.74,534942.87
76,002599.SZ,20250411,8.24,8.54,8.17,8.41,8.32,0.08999999999999986,1.08,200324.0,169265.649,8.15,290712.63,9.11,228970.63,10.76,522277.38,8.12,482296.64,7.63,435343.18,9.32,557997.99,8.86,234183.36,9.82,268182.39,10.45,418447.9,9.78,612741.27,8.72,538240.27
77,002599.SZ,20250410,8.18,8.63,8.18,8.32,7.98,0.33999999999999986,4.26,353175.11,298623.359,8.33,283089.83,9.24,247752.84,10.87,572820.26,8.09,481775.17,7.61,434421.52,9.31,559696.74,9.01,231445.46,9.96,279035.53,10.58,450471.41,9.76,613831.14,8.7,542394.29
78,002599.SZ,20250409,7.48,8.04,6.88,7.98,7.64,0.34000000000000075,4.45,423146.6,318700.344,8.59,244393.09,9.43,248222.5,10.96,564771.78,8.07,480558.53,7.59,432651.95,9.31,559009.23,9.18,220286.94,10.14,285253.4,10.76,489496.78,9.73,610505.35,8.68,544039.58
79,002599.SZ,20250408,7.79,8.33,7.56,7.64,8.4,-0.7600000000000007,-9.05,400022.43,310148.394,8.9,194558.17,9.68,239079.47,11.02,564377.19,8.05,478196.34,7.57,430436.47,9.32,558654.13,9.37,199997.25,10.34,300694.12,10.93,536428.4,9.7,606433.54,8.67,545806.63
80,002599.SZ,20250407,8.58,8.73,8.4,8.4,9.33,-0.9299999999999997,-9.97,76895.0,65364.936,9.29,166853.49,9.96,229261.75,11.06,576610.45,8.02,476028.89,7.55,428580.67,9.33,559638.2,9.62,204444.28,10.6,318257.1,11.12,546025.43,9.68,604170.15,8.65,544329.49
81,002599.SZ,20250403,9.46,9.65,9.24,9.33,9.61,-0.27999999999999936,-2.91,162210.03,153144.85,9.57,177654.09,10.2,247555.42,11.1,607150.88,8.0,476073.16,7.53,428514.07,9.34,565384.51,9.86,232682.84,10.79,366359.68,11.25,607421.66,9.66,606736.0,8.62,546279.14
82,002599.SZ,20250402,9.48,9.74,9.48,9.61,9.53,0.08000000000000007,0.84,159691.37,154279.306,9.68,179801.08,10.37,259208.04,11.1,625126.81,7.97,475667.73,7.5,427872.34,9.34,572000.45,10.05,246890.57,10.94,402404.15,11.3,604665.55,9.63,611202.51,8.59,549148.79
83,002599.SZ,20250401,9.76,9.8,9.51,9.53,9.59,-0.0600000000000005,-0.63,173972.04,167433.105,9.77,196180.79,10.51,276014.1,11.1,646610.65,7.93,476098.19,7.47,427430.33,9.33,579406.12,10.22,258160.63,11.04,430310.25,11.32,613000.18,9.61,617295.25,8.56,551198.78
84,002599.SZ,20250331,9.6,9.7,9.23,9.59,9.77,-0.17999999999999972,-1.84,261499.0,246857.282,9.83,205436.32,10.65,294738.3,11.09,673370.86,7.9,477495.18,7.44,426973.04,9.32,594314.89,10.42,272234.7,11.12,456286.94,11.31,634399.57,9.59,623093.66,8.52,551590.83
85,002599.SZ,20250328,9.89,9.95,9.76,9.77,9.9,-0.13000000000000078,-1.31,130898.0,128863.477,9.95,242035.07,10.82,311356.27,11.07,697713.99,7.87,478469.76,7.42,425878.12,9.31,600082.04,10.6,277454.21,11.18,476399.45,11.32,662858.58,9.56,628676.13,8.49,550619.38
86,002599.SZ,20250327,9.99,10.08,9.84,9.9,10.08,-0.17999999999999972,-1.79,172944.99,172402.013,10.15,287711.6,11.0,357591.88,11.07,719690.92,7.84,480073.41,7.39,425550.36,9.29,609199.71,10.77,302181.42,11.25,510580.17,11.3,684275.04,9.53,640157.3,8.45,550851.11
87,002599.SZ,20250326,9.95,10.16,9.87,10.08,9.83,0.25,2.54,241589.93,243633.258,10.42,313980.06,11.22,402079.36,11.03,746346.13,7.8,479349.07,7.36,425360.68,9.27,618992.9,10.91,326625.6,11.37,559984.38,11.28,708181.6,9.5,640499.21,8.4,550395.34
88,002599.SZ,20250325,10.2,10.25,9.8,9.83,10.16,-0.33000000000000007,-3.25,220249.66,219935.329,10.66,320140.47,11.39,463414.47,10.98,778279.17,7.76,478296.57,7.33,424418.17,9.24,620550.72,11.09,350219.86,11.55,624101.7,11.26,736255.91,9.45,640813.77,8.36,548945.39
89,002599.SZ,20250324,10.59,10.66,9.88,10.16,10.77,-0.6099999999999994,-5.66,444492.75,452935.224,11.0,339033.09,11.58,514402.92,10.94,790463.16,7.73,477525.39,7.3,423695.63,9.21,622438.44,11.31,401390.99,11.71,704643.98,11.23,765219.77,9.42,640455.2,8.32,547664.65
90,002599.SZ,20250321,11.17,11.18,10.68,10.77,11.25,-0.4800000000000004,-4.27,359280.65,390023.117,11.26,312873.36,11.68,535427.58,10.86,802916.44,7.69,474843.83,7.26,421638.52,9.18,620028.07,11.58,432069.93,11.87,716816.0,11.21,779673.79,9.38,637173.9,8.27,544621.59
91,002599.SZ,20250320,11.32,11.5,11.22,11.25,11.28,-0.02999999999999936,-0.27,304287.3,346263.459,11.4,316651.25,11.72,561137.22,10.78,810795.9,7.65,472850.24,7.23,420324.19,9.13,620580.67,11.73,500036.51,11.94,794791.06,11.14,803671.84,9.33,634490.96,8.22,542058.34
92,002599.SZ,20250319,11.46,11.51,11.2,11.28,11.56,-0.28000000000000114,-2.42,272392.0,309185.742,11.41,339271.13,11.68,588788.13,10.67,822368.73,7.6,471301.87,7.19,419638.04,9.08,619879.49,11.83,557917.72,11.93,783553.04,11.05,837772.72,9.27,634881.68,8.17,539982.8
93,002599.SZ,20250318,11.43,11.66,11.3,11.56,11.43,0.13000000000000078,1.14,314712.75,361777.62,11.53,380299.24,11.68,630489.7,10.56,840227.55,7.56,470167.35,7.16,419878.19,9.03,621748.06,11.86,602459.86,11.87,790419.96,10.95,849843.16,9.22,635368.68,8.11,538132.54
94,002599.SZ,20250317,11.48,11.57,11.29,11.43,11.49,-0.0600000000000005,-0.52,313694.1,358802.672,11.63,463748.88,11.73,695590.97,10.44,848168.65,7.51,469408.64,7.12,420905.15,8.97,626800.23,11.82,640339.18,11.75,815482.0,10.81,868282.87,9.17,636732.02,8.05,535972.41
95,002599.SZ,20250314,11.18,11.64,11.08,11.49,11.3,0.1899999999999995,1.68,378170.09,431212.021,11.89,551266.5,11.89,788686.52,10.33,852005.11,7.47,469754.72,7.08,419715.69,8.92,626089.06,11.76,675344.69,11.67,855560.76,10.7,878732.48,9.13,639400.93,8.0,534033.55
96,002599.SZ,20250313,11.79,11.83,11.18,11.3,11.85,-0.5499999999999989,-4.64,417386.73,474437.091,12.06,683421.77,12.02,900450.0,10.21,849256.58,7.42,469284.42,7.04,418034.32,8.86,625100.7,11.73,718978.92,11.56,875321.85,10.56,889385.6,9.09,641562.56,7.94,531478.16
97,002599.SZ,20250312,12.06,12.16,11.77,11.85,12.06,-0.21000000000000085,-1.74,477532.55,570643.722,12.25,776564.31,12.18,921261.27,10.1,845852.63,7.38,468291.39,7.01,416123.0,8.81,624259.73,11.82,793343.17,11.47,898959.6,10.45,904792.44,9.05,645579.55,7.89,528639.48
98,002599.SZ,20250311,12.2,12.2,11.77,12.06,12.77,-0.7099999999999991,-5.56,731960.94,879032.047,12.19,824620.48,12.2,1032126.6,9.97,846659.69,7.33,465725.83,6.97,413791.16,8.75,622612.34,12.0,897983.54,11.34,929273.93,10.3,908365.02,8.99,649539.28,7.83,525280.0
99,002599.SZ,20250310,12.57,13.2,12.57,12.77,12.33,0.4399999999999995,3.57,751282.2,965489.982,12.02,816929.47,12.13,981939.35,9.84,844236.26,7.28,461279.93,6.93,409968.15,8.69,621836.89,12.1,1007896.98,11.19,947134.15,10.15,898770.79,8.95,658875.42,7.77,519759.84
100,002599.SZ,20250307,12.85,13.48,11.92,12.33,12.26,0.07000000000000028,0.57,1038946.45,1331446.662,11.63,799422.88,11.92,955666.14,9.68,841508.91,7.23,456832.52,6.88,406070.73,8.63,620635.09,12.16,1001562.08,11.03,953475.73,9.97,883218.71,8.88,657921.3,7.7,514240.88
101,002599.SZ,20250306,11.59,12.52,11.38,12.26,11.55,0.7099999999999991,6.15,883099.42,1054914.574,11.4,754536.06,11.68,938512.84,9.51,817269.75,7.17,449946.11,6.84,400416.9,8.57,613632.25,12.15,1089545.62,10.84,955489.51,9.81,858642.24,8.81,654184.26,7.64,506626.6
102,002599.SZ,20250305,11.19,11.86,10.98,11.55,11.2,0.3500000000000014,3.13,717813.39,816015.14,11.4,810122.02,11.49,956372.07,9.36,797077.07,7.12,444122.95,6.79,395834.39,8.51,606209.9,12.03,1009188.35,10.66,977700.22,9.65,846038.01,8.75,654589.84,7.58,500750.6
103,002599.SZ,20250304,10.67,11.48,10.67,11.2,10.81,0.3899999999999988,3.61,693505.91,781725.929,11.8,971346.59,11.32,960647.33,9.22,783780.08,7.07,439513.95,6.75,392113.2,8.46,601052.45,11.88,978380.06,10.49,973534.8,9.52,843763.05,8.69,648600.05,7.52,495460.41
104,002599.SZ,20250303,11.34,11.43,10.64,10.81,11.18,-0.3699999999999992,-3.31,663749.22,726590.385,12.18,1198864.49,11.18,975773.17,9.08,767901.32,7.03,435036.34,6.72,388616.96,8.41,596289.82,11.68,990624.82,10.3,982254.72,9.39,842597.93,8.63,643072.1,7.47,490413.78
105,002599.SZ,20250228,12.01,12.68,11.11,11.18,12.24,-1.0600000000000005,-8.66,814512.38,966036.099,12.7,1203701.28,11.06,1008086.24,8.95,753639.23,6.98,431026.92,6.69,385203.78,8.37,592305.44,11.59,1035776.84,10.17,980426.38,9.25,827633.46,8.57,636404.85,7.42,485576.44
106,002599.SZ,20250227,12.97,13.42,12.23,12.24,13.59,-1.3499999999999996,-9.93,1161029.2,1479341.167,12.9,1424555.17,10.9,1029213.39,8.82,737454.12,6.94,425826.42,6.65,381219.83,8.33,588066.88,11.39,1031664.78,9.98,974588.94,9.11,807034.64,8.51,629508.41,7.36,479654.07
107,002599.SZ,20250226,12.97,13.97,12.55,13.59,13.08,0.5099999999999998,3.9,1523936.26,2026302.813,12.67,1208254.69,10.69,1007450.66,8.67,710095.79,6.89,418137.03,6.61,375117.46,8.28,581386.23,11.11,1004576.04,9.76,960517.07,8.93,777190.87,8.43,614352.91,7.3,471826.15
108,002599.SZ,20250225,13.07,14.57,12.06,13.08,13.4,-0.3200000000000003,-2.39,1831095.39,2386519.04,11.96,985413.52,10.31,973241.88,8.49,677927.1,6.83,408144.36,6.56,367220.18,8.21,568474.94,10.68,960564.33,9.44,913555.76,8.7,731513.93,8.32,595829.54,7.23,462252.84
109,002599.SZ,20250224,12.53,13.4,12.53,13.4,12.18,1.2200000000000006,10.02,687933.15,906015.226,11.18,782385.14,9.96,934489.43,8.34,639520.06,6.77,396099.88,6.52,356937.75,8.13,555600.69,10.28,886371.33,9.17,844207.69,8.48,676438.68,8.23,576871.71,7.16,450342.36
110,002599.SZ,20250221,12.18,12.18,11.48,12.18,11.08,1.0999999999999996,9.93,1918781.86,2296230.983,10.47,867852.4,9.56,930379.58,8.19,634636.04,6.71,391853.52,6.47,353656.68,8.06,550966.06,9.89,905389.37,8.87,824047.02,8.25,662314.87,8.13,569745.44,7.09,447624.78
111,002599.SZ,20250220,11.08,11.08,11.08,11.08,10.07,1.0099999999999998,10.03,79526.77,88274.715,9.88,638774.38,9.2,849542.84,8.07,595743.84,6.66,379052.99,6.43,342952.77,8.0,530796.08,9.54,821433.4,8.64,743190.55,8.08,606050.34,8.05,542833.12,7.03,432206.94
112,002599.SZ,20250219,9.08,10.07,9.08,10.07,9.15,0.9199999999999999,10.05,409730.42,407128.077,9.55,800897.39,8.97,891670.2,7.98,617515.64,6.62,379479.12,6.39,343143.95,7.95,537483.06,9.28,946212.08,8.46,764462.85,7.96,617739.48,7.98,547412.92,6.98,432294.46
113,002599.SZ,20250218,9.73,9.81,9.12,9.15,9.89,-0.7400000000000002,-7.48,815953.52,771117.476,9.39,935715.13,8.76,913826.6,7.92,611154.73,6.58,377205.34,6.36,342327.34,7.92,539470.76,9.1,968689.55,8.34,776454.54,7.89,621590.32,7.94,546483.71,6.94,429790.04
114,002599.SZ,20250217,9.53,10.16,9.39,9.89,9.23,0.6600000000000001,7.15,1115269.42,1087234.207,9.38,990357.51,8.66,918721.85,7.86,594816.81,6.55,372220.52,6.34,339285.29,7.89,533337.54,8.93,973884.62,8.25,768584.49,7.86,611787.76,7.92,544114.52,6.9,423476.66
115,002599.SZ,20250214,8.98,9.54,8.78,9.23,9.42,-0.1899999999999995,-2.02,773391.79,708704.754,9.31,942926.35,8.46,877909.59,7.8,567859.91,6.51,365148.11,6.31,333625.11,7.85,523021.0,8.75,925075.92,8.09,723561.77,7.8,594493.68,7.88,536545.82,6.86,414784.44
116,002599.SZ,20250213,9.56,9.96,9.3,9.42,9.28,0.14000000000000057,1.51,890141.81,853708.322,9.19,1004092.42,8.34,852582.06,7.75,552395.89,6.48,360729.82,6.29,330072.55,7.83,520448.92,8.56,917513.1,7.97,694719.58,7.76,596039.55,7.86,532218.18,6.82,409017.19
117,002599.SZ,20250212,9.38,9.97,9.22,9.28,9.09,0.1899999999999995,2.09,1083819.12,1031405.645,9.02,1091526.77,8.18,806011.14,7.71,532047.71,6.45,355856.11,6.27,325975.99,7.8,520352.32,8.4,916458.1,7.84,663498.29,7.71,572816.81,7.83,522822.87,6.78,402507.85
118,002599.SZ,20250211,9.52,9.63,9.08,9.09,9.52,-0.4299999999999997,-4.52,1089165.41,1014225.076,8.8,1001663.97,8.05,745844.47,7.66,509809.81,6.42,350503.05,6.25,321016.67,7.76,511292.35,8.21,866547.19,7.71,616988.73,7.64,545371.64,7.81,510275.96,6.74,395188.19
119,002599.SZ,20250210,8.5,9.52,8.39,9.52,8.65,0.8699999999999992,10.06,878113.62,788372.218,8.48,957411.74,7.93,700906.57,7.64,486646.48,6.4,346330.16,6.23,315161.83,7.72,502176.81,8.06,802044.05,7.58,571472.36,7.6,515690.63,7.79,497728.34,6.71,389141.22
120,002599.SZ,20250207,8.42,8.82,8.34,8.65,8.54,0.11000000000000121,1.29,1079222.12,930072.943,8.2,907225.49,7.78,683325.86,7.61,472481.78,6.37,341014.61,6.2,310613.88,7.67,496044.75,7.85,742704.67,7.43,540777.61,7.54,494674.01,7.76,489175.13,6.67,384410.67
121,002599.SZ,20250206,8.37,8.81,8.06,8.54,8.22,0.3199999999999985,3.89,1327313.56,1130808.722,7.94,830933.79,7.68,650966.65,7.61,454676.07,6.34,334172.92,6.18,304897.13,7.64,489310.48,7.74,664947.7,7.36,498358.81,7.52,465310.07,7.75,479465.11,6.64,377703.74
122,002599.SZ,20250205,7.73,8.22,7.73,8.22,7.47,0.7500000000000009,10.04,634505.12,518666.627,7.79,741389.44,7.54,565389.84,7.63,430574.74,6.32,325610.84,6.16,297736.42,7.61,480930.38,7.64,582713.61,7.3,453503.18,7.49,431990.63,7.74,468342.88,6.61,367543.56
123,002599.SZ,20250127,7.9,7.9,7.38,7.47,8.1,-0.6299999999999999,-7.78,867904.26,664699.56,7.62,731430.42,7.44,531700.83,7.65,431277.7,6.3,321784.08,6.15,295248.77,7.58,479811.77,7.58,584219.54,7.29,448040.71,7.5,420894.2,7.74,467027.62,6.58,363020.61
124,002599.SZ,20250124,7.34,8.1,7.33,8.1,7.36,0.7399999999999993,10.05,627182.4,506272.306,7.64,646676.36,7.39,485378.66,7.69,426783.94,6.28,316353.3,6.14,291238.09,7.56,476708.95,7.57,563284.35,7.33,430739.32,7.53,405181.18,7.75,466987.99,6.56,356711.87
125,002599.SZ,20250123,7.7,7.7,7.34,7.36,7.8,-0.4399999999999995,-5.64,697763.62,526778.79,7.51,578183.84,7.28,448951.4,7.72,446341.21,6.26,312641.05,6.12,288461.39,7.52,471316.73,7.43,522047.61,7.33,429202.56,7.55,400069.37,7.75,462207.22,6.53,351879.54
126,002599.SZ,20250122,7.18,8.1,7.11,7.8,7.36,0.4399999999999995,5.98,879591.8,673460.276,7.54,498961.61,7.2,409034.04,7.76,446231.55,6.24,308374.98,6.12,286096.14,7.5,466157.92,7.38,471926.05,7.37,435302.78,7.61,393739.52,7.74,457345.05,6.51,346436.21
127,002599.SZ,20250121,7.59,7.64,6.99,7.36,7.56,-0.1999999999999993,-2.65,584710.0,423185.364,7.49,424037.78,7.11,361697.64,7.77,444323.66,6.22,303021.25,6.1,282442.47,7.47,461184.28,7.29,410538.47,7.37,400996.17,7.65,386366.66,7.74,452369.36,6.48,339557.26
128,002599.SZ,20250120,7.62,7.94,7.36,7.56,7.45,0.10999999999999943,1.48,444134.0,336996.734,7.54,437008.66,7.1,334477.33,7.81,453815.55,6.2,299578.35,6.09,281454.75,7.45,458797.34,7.21,367430.28,7.36,384783.87,7.69,390713.54,7.75,451937.66,6.46,335090.76
129,002599.SZ,20250117,7.52,7.78,7.42,7.45,7.51,-0.05999999999999961,-0.8,284719.8,216056.77,7.5,479892.34,7.09,333405.57,7.82,451294.73,6.19,297206.87,6.09,283137.31,7.42,455822.47,7.09,340900.67,7.38,372513.92,7.74,418980.06,7.74,450468.13,6.43,332109.58
130,002599.SZ,20250116,7.61,7.73,7.46,7.51,7.55,-0.040000000000000036,-0.53,301652.46,229153.842,7.35,465911.38,7.13,351908.33,7.83,453562.64,6.17,295833.27,6.08,281989.96,7.38,453958.52,7.01,338850.55,7.39,370658.68,7.79,432623.9,7.73,451414.95,6.41,330283.92
131,002599.SZ,20250115,7.6,7.81,7.5,7.55,7.61,-0.0600000000000005,-0.79,504972.66,388185.795,7.23,444890.49,7.19,368848.64,7.82,452446.82,6.16,294719.2,6.06,281026.94,7.35,452052.57,6.98,331769.91,7.4,365491.25,7.81,449726.28,7.73,456062.16,6.39,328218.12
132,002599.SZ,20250114,7.25,7.66,7.13,7.61,7.36,0.25,3.4,649564.4,483836.078,7.09,397039.16,7.23,375885.14,7.82,449380.74,6.14,292113.33,6.05,278741.47,7.31,446896.31,6.96,324292.74,7.42,356629.14,7.85,463141.66,7.72,462360.9,6.37,324718.28
133,002599.SZ,20250113,6.62,7.36,6.47,7.36,6.7,0.6600000000000001,9.85,658552.4,475891.452,6.88,297851.89,7.27,388977.73,7.81,437678.82,6.13,288917.02,6.04,275615.63,7.28,439136.72,7.01,311861.88,7.46,339231.52,7.86,453437.05,7.71,458273.51,6.34,320111.0
134,002599.SZ,20250110,6.94,7.1,6.67,6.7,6.94,-0.2400000000000002,-3.46,214815.0,149068.505,6.69,201908.99,7.31,353201.36,7.8,430442.99,6.11,284992.11,6.03,272628.45,7.24,431243.51,7.09,298194.29,7.51,326129.59,7.87,443546.26,7.68,454055.97,6.32,315260.21
135,002599.SZ,20250109,6.76,6.96,6.72,6.94,6.82,0.1200000000000001,1.76,196548.0,136016.648,6.67,211789.73,7.35,356712.82,7.82,444525.65,6.1,284426.96,6.03,272232.81,7.21,429436.98,7.23,336357.51,7.62,339080.25,7.89,445176.25,7.67,457445.87,6.31,314099.3
136,002599.SZ,20250108,6.64,6.9,6.48,6.82,6.6,0.22000000000000064,3.33,265716.0,179028.366,6.72,218649.33,7.42,356881.05,7.84,446402.39,6.09,283824.68,6.02,272108.22,7.18,427505.55,7.35,398679.51,7.72,354646.26,7.91,451982.18,7.66,463739.28,6.29,313635.47
137,002599.SZ,20250107,6.41,6.61,6.4,6.6,6.38,0.21999999999999975,3.45,153628.04,99914.084,6.84,251546.33,7.49,355488.67,7.86,447529.64,6.08,282756.07,6.01,271634.68,7.15,424698.96,7.45,391453.87,7.83,374280.75,7.92,451514.95,7.65,470957.45,6.27,312107.05
138,002599.SZ,20250106,6.58,6.6,6.26,6.38,6.59,-0.20999999999999996,-3.19,178837.9,114917.887,7.13,325871.88,7.58,358925.27,7.87,453432.18,6.07,283576.19,6.01,272337.75,7.13,423322.06,7.51,402137.46,7.94,402355.17,7.94,460145.16,7.64,477573.8,6.26,311644.66
139,002599.SZ,20250103,7.29,7.33,6.57,6.59,7.22,-0.6299999999999999,-8.73,264218.69,180721.382,7.5,394479.59,7.69,370378.55,7.9,458583.36,6.06,284430.41,6.0,272349.17,7.11,421677.53,7.66,404127.17,8.07,458019.76,7.98,477304.74,7.63,485179.71,6.25,310961.36
140,002599.SZ,20250102,7.24,7.45,6.98,7.22,7.41,-0.1900000000000004,-2.56,230846.0,168327.227,7.79,460925.29,7.83,373254.96,7.94,470629.94,6.06,283697.64,6.0,271749.22,7.08,419235.02,7.78,402466.8,8.19,479510.57,8.01,477176.02,7.61,484488.83,6.23,309902.52
141,002599.SZ,20241231,8.03,8.08,7.38,7.41,8.06,-0.6500000000000004,-8.06,430201.0,328372.588,7.97,578709.69,7.92,385998.63,7.96,483285.86,6.04,283295.99,5.99,271432.53,7.05,417110.72,7.83,399212.59,8.23,508704.46,8.01,479615.9,7.58,485822.28,6.21,309548.2
142,002599.SZ,20241230,8.08,8.54,7.83,8.06,8.21,-0.15000000000000036,-1.83,525255.79,434593.581,8.07,531361.41,8.03,389354.56,7.98,485742.7,6.03,281682.25,5.98,269807.68,7.02,412397.98,7.87,388965.54,8.29,532566.12,8.0,477086.35,7.55,487095.07,6.19,308571.34
143,002599.SZ,20241227,7.92,8.32,7.78,8.21,8.07,0.14000000000000057,1.73,521876.46,421205.878,7.9,478403.05,8.1,388017.06,7.96,479894.67,6.01,279740.86,5.96,267575.25,6.97,406386.5,7.9,366601.16,8.29,524224.63,7.98,471377.1,7.51,485102.3,6.17,308263.12
144,002599.SZ,20241226,7.85,8.56,7.85,8.07,8.1,-0.02999999999999936,-0.37,596447.19,491093.1,7.82,413774.76,8.16,398519.31,7.95,474280.8,5.99,276809.06,5.94,265260.65,6.93,400355.37,7.93,354064.89,8.26,516222.24,7.97,476441.29,7.46,480088.01,6.15,304853.11
145,002599.SZ,20241225,8.56,8.56,8.0,8.1,7.91,0.1899999999999995,2.4,819767.99,678772.166,7.76,344008.32,8.21,407647.73,7.95,466629.65,5.97,273427.55,5.93,262952.97,6.89,393589.5,8.0,341802.99,8.22,499585.62,7.97,478597.96,7.41,472562.62,6.12,300666.2
146,002599.SZ,20241224,7.91,7.91,7.87,7.91,7.19,0.7199999999999998,10.01,193459.6,153411.807,7.69,219715.5,8.29,443983.23,7.94,453251.79,5.96,268520.08,5.91,259465.74,6.84,384329.04,8.1,310613.01,8.19,478633.52,7.96,468396.81,7.36,461544.92,6.1,294621.25
147,002599.SZ,20241223,7.77,7.87,7.19,7.19,7.84,-0.6499999999999995,-8.29,260464.0,193213.685,7.67,246569.68,8.36,482489.03,7.94,462168.3,5.94,267990.17,5.89,259630.82,6.8,384122.62,8.19,357107.63,8.15,481545.49,7.95,472828.92,7.31,460291.48,6.07,293704.52
148,002599.SZ,20241220,7.81,7.93,7.72,7.84,7.77,0.07000000000000028,0.9,198735.0,156418.559,7.91,254799.28,8.43,525124.4,7.97,473918.78,5.93,267668.15,5.88,259232.39,6.77,381756.31,8.36,402572.89,8.16,489149.0,7.97,475180.28,7.27,457077.0,6.05,292249.59
149,002599.SZ,20241219,7.65,7.83,7.52,7.77,7.76,0.009999999999999787,0.13,247615.0,190199.859,8.03,294355.02,8.5,579639.72,7.98,484414.5,5.91,267608.18,5.87,259095.6,6.73,380278.65,8.48,511912.34,8.13,513893.53,7.97,479766.05,7.22,454874.11,6.03,291365.28
150,002599.SZ,20241218,7.79,7.85,7.53,7.76,7.78,-0.020000000000000462,-0.26,198303.9,153470.638,8.24,339597.66,8.51,588163.65,7.98,502588.37,5.9,266985.29,5.86,258687.86,6.68,378087.37,8.59,556554.34,8.12,514530.63,7.98,483676.24,7.17,452069.28,6.0,289997.23
151,002599.SZ,20241217,8.41,8.42,7.75,7.78,8.42,-0.6399999999999997,-7.6,327730.5,262584.682,8.5,401510.52,8.5,600742.48,7.99,506765.78,5.89,267677.88,5.85,258545.48,6.64,376827.69,8.62,618196.33,8.1,519817.55,7.98,493620.15,7.11,449625.73,5.98,289250.16
152,002599.SZ,20241216,8.43,8.63,8.23,8.42,8.43,-0.009999999999999787,-0.12,301612.0,254782.109,8.72,467645.58,8.46,595818.19,7.97,509068.81,5.87,267222.27,5.84,257515.61,6.6,375413.66,8.72,676166.7,8.07,521146.76,8.0,504695.14,7.06,445083.92,5.96,287260.17
153,002599.SZ,20241213,8.66,8.78,8.38,8.43,8.8,-0.370000000000001,-4.2,396513.7,341105.465,8.8,550346.49,8.4,603442.34,7.94,517287.58,5.85,268029.02,5.83,256550.71,6.55,376394.02,8.67,681848.1,8.02,523765.06,7.99,513161.05,7.0,440896.4,5.93,285602.08
154,002599.SZ,20241212,9.03,9.29,8.68,8.8,9.07,-0.2699999999999996,-2.98,473828.2,423684.456,8.93,729469.66,8.3,592302.75,7.93,522060.95,5.84,270334.39,5.82,255049.22,6.51,376465.01,8.58,678379.6,8.0,537629.49,7.97,528794.81,6.94,435212.8,5.91,283022.15
155,002599.SZ,20241211,8.9,9.08,8.63,9.07,8.89,0.17999999999999972,2.02,507868.18,450088.273,8.95,773511.02,8.18,587587.83,7.88,518594.3,5.82,267674.59,5.8,253307.85,6.46,374971.61,8.44,657368.26,7.95,546995.44,7.94,524345.07,6.87,428666.17,5.88,280250.46
156,002599.SZ,20241210,8.98,9.31,8.74,8.89,8.8,0.08999999999999986,1.02,658405.8,594905.482,8.75,834882.14,8.05,601876.85,7.82,513701.97,5.79,265112.33,5.79,251752.52,6.4,369115.25,8.29,646654.03,7.9,547288.72,7.88,520950.59,6.8,421393.76,5.85,277099.29
157,002599.SZ,20241209,8.85,9.33,8.58,8.8,9.09,-0.28999999999999915,-3.19,715116.58,637050.597,8.71,884687.82,7.94,571257.71,7.77,511410.18,5.77,261364.56,5.78,250110.4,6.35,361536.9,8.11,605983.35,7.82,530689.57,7.83,518372.06,6.73,411699.42,5.82,273190.04
158,002599.SZ,20241206,9.2,9.78,8.78,9.09,8.89,0.1999999999999993,2.25,1292129.55,1208897.348,8.53,813349.71,7.83,539636.63,7.72,516344.91,5.75,257240.82,5.77,246960.56,6.3,353458.01,7.96,575725.12,7.78,511483.97,7.8,513161.78,6.67,401020.72,5.79,268008.78
159,002599.SZ,20241205,8.12,8.89,8.12,8.89,8.08,0.8100000000000005,10.02,694035.01,596369.993,8.24,627289.54,7.69,467497.01,7.65,490232.89,5.72,249335.2,5.75,240911.32,6.24,337007.59,7.79,515874.72,7.72,463692.91,7.73,481956.2,6.6,380644.26,5.76,258352.98
160,002599.SZ,20241204,8.58,8.68,7.98,8.08,8.7,-0.6199999999999992,-7.13,814723.78,676404.963,7.93,541225.5,7.56,441338.79,7.57,481746.56,5.7,245542.95,5.74,238789.91,6.18,328716.5,7.64,472506.91,7.67,447237.19,7.67,470206.0,6.53,370560.46,5.73,253484.52
161,002599.SZ,20241203,7.83,8.7,7.83,8.7,7.91,0.7899999999999991,9.99,907434.17,767950.257,7.83,458425.92,7.56,430498.67,7.51,470084.37,5.69,241103.84,5.73,236871.97,6.14,318937.81,7.58,421438.78,7.66,431332.06,7.64,462398.04,6.47,359068.95,5.7,247627.12
162,002599.SZ,20241202,7.68,8.0,7.67,7.91,7.62,0.29000000000000004,3.81,358426.05,283767.563,7.51,327278.89,7.5,411553.52,7.43,460281.96,5.67,236091.72,5.72,234082.24,6.09,308292.3,7.43,366126.82,7.64,418959.36,7.59,461580.14,6.41,346911.35,5.67,242329.54
163,002599.SZ,20241129,7.44,7.78,7.38,7.62,7.34,0.28000000000000025,3.81,361828.69,275113.717,7.39,338100.52,7.51,423500.26,7.38,470293.14,5.65,235494.63,5.71,233368.71,6.05,306252.75,7.36,365682.02,7.65,428817.52,7.55,463109.98,6.36,342320.77,5.65,241858.04
164,002599.SZ,20241128,7.45,7.8,7.33,7.34,7.58,-0.2400000000000002,-3.17,263714.8,198024.752,7.34,404459.89,7.49,420776.74,7.33,475845.51,5.64,234237.27,5.71,232768.44,6.01,306275.42,7.41,396879.38,7.66,454002.42,7.5,464565.68,6.31,337755.46,5.63,240165.3
165,002599.SZ,20241127,7.04,7.58,6.79,7.58,7.09,0.4900000000000002,6.91,400725.89,291640.643,7.36,403788.33,7.54,425952.88,7.29,486771.32,5.63,233536.66,5.71,233652.08,5.98,306898.52,7.46,436622.62,7.69,457833.47,7.45,469715.49,6.26,334748.03,5.62,239409.41
166,002599.SZ,20241126,7.34,7.44,7.08,7.09,7.3,-0.20999999999999996,-2.88,251699.0,182149.081,7.33,384451.64,7.56,420997.68,7.22,481537.21,5.61,231985.27,5.71,234616.18,5.95,305214.04,7.5,447923.4,7.67,458098.86,7.41,475496.37,6.21,329799.73,5.6,237718.55
167,002599.SZ,20241125,7.41,7.64,7.09,7.3,7.37,-0.07000000000000028,-0.95,412534.23,302529.22,7.35,404974.76,7.62,429707.04,7.17,483277.03,5.6,231317.92,5.71,235571.97,5.92,303299.28,7.54,455395.79,7.69,474566.41,7.38,490399.95,6.17,329299.39,5.59,237668.52
168,002599.SZ,20241122,7.49,8.21,7.29,7.37,7.46,-0.08999999999999986,-1.21,693625.54,542498.421,7.34,393263.53,7.67,436175.25,7.13,486042.75,5.59,229480.71,5.71,236021.19,5.88,299022.18,7.6,447242.83,7.72,481880.12,7.33,495002.45,6.13,328676.13,5.57,235061.55
169,002599.SZ,20241121,7.38,7.66,7.36,7.46,7.42,0.040000000000000036,0.54,260357.0,195488.922,7.49,389298.88,7.73,433587.15,7.08,477574.04,5.57,225571.56,5.71,236071.7,5.85,291251.91,7.65,411511.11,7.7,464996.94,7.28,493054.68,6.09,323813.0,5.56,230193.91
170,002599.SZ,20241120,7.18,7.56,7.16,7.42,7.18,0.2400000000000002,3.34,304042.43,224592.368,7.56,469456.91,7.79,456297.33,7.02,476417.03,5.56,225197.21,5.71,240450.89,5.81,288411.19,7.69,421967.47,7.69,469055.54,7.21,491801.65,6.06,325504.11,5.54,228966.71
171,002599.SZ,20241119,7.17,7.29,6.89,7.18,7.28,-0.10000000000000053,-1.37,354314.58,251263.165,7.68,511395.16,7.82,499488.42,6.95,471737.08,5.54,224685.98,5.71,242123.46,5.78,284951.48,7.74,441225.33,7.68,482877.67,7.14,492028.66,6.01,321580.75,5.52,227409.3
172,002599.SZ,20241118,8.08,8.19,7.28,7.28,8.09,-0.8099999999999996,-10.01,353978.09,263192.82,7.73,505816.82,7.88,498413.14,6.88,465983.89,5.53,223762.68,5.7,243119.34,5.74,280948.86,7.85,471791.89,7.67,509306.81,7.1,497103.8,5.98,317176.01,5.51,226240.78
173,002599.SZ,20241115,7.85,8.54,7.85,8.09,7.85,0.2400000000000002,3.06,673802.29,556388.878,7.86,501222.13,7.87,502417.41,6.81,459050.8,5.52,222645.66,5.69,242937.61,5.71,276878.88,7.94,491953.02,7.64,511823.96,7.05,498827.51,5.93,313096.36,5.5,224875.12
174,002599.SZ,20241114,8.08,8.62,7.85,7.85,7.99,-0.14000000000000057,-1.75,661147.14,541656.434,7.81,433723.33,7.82,495282.62,6.71,441221.17,5.5,219186.05,5.68,241135.77,5.66,269046.75,7.91,511125.45,7.55,498408.83,6.95,483734.73,5.88,302838.79,5.48,220576.1
175,002599.SZ,20241113,7.44,8.01,7.31,7.99,7.43,0.5600000000000005,7.54,513733.7,396608.104,7.82,374478.03,7.82,487410.41,6.62,423733.37,5.49,215835.77,5.67,239710.77,5.62,261106.66,7.92,479044.33,7.45,486261.93,6.86,466527.28,5.83,293023.06,5.46,217550.18
176,002599.SZ,20241112,7.91,7.91,7.37,7.43,7.93,-0.5,-6.31,326422.9,249436.818,7.81,371055.51,7.75,475274.12,6.52,410956.64,5.48,213478.19,5.66,238201.65,5.58,254973.63,7.84,468274.33,7.36,489282.86,6.76,454693.03,5.77,285816.2,5.44,215453.42
177,002599.SZ,20241111,7.84,8.06,7.67,7.93,7.84,0.08999999999999986,1.15,331004.6,260512.607,7.97,437766.96,7.73,476436.13,6.44,402876.29,5.47,212278.61,5.65,237368.22,5.54,251754.55,7.84,493737.04,7.3,507902.03,6.67,447754.04,5.73,282192.83,5.43,216214.77
178,002599.SZ,20241108,7.92,8.06,7.78,7.84,7.9,-0.0600000000000005,-0.76,336308.33,267050.872,8.03,482683.91,7.68,495626.93,6.34,394765.04,5.45,210942.07,5.63,236820.77,5.5,248630.37,7.83,516517.41,7.2,518882.26,6.57,438973.71,5.68,280100.42,5.41,219527.11
179,002599.SZ,20241107,7.94,7.94,7.58,7.9,7.93,-0.02999999999999936,-0.38,364920.63,283649.844,8.01,588527.57,7.62,537672.24,6.25,386354.81,5.45,209598.0,5.62,237036.75,5.46,245165.68,7.76,518482.78,7.1,533826.47,6.46,429982.16,5.63,280554.1,5.4,217481.36
180,002599.SZ,20241106,8.08,8.25,7.81,7.93,8.23,-0.3000000000000007,-3.65,496621.07,399342.486,8.02,583610.62,7.53,540703.04,6.16,377254.15,5.44,208310.61,5.6,236389.12,5.42,241306.82,7.68,516143.61,6.98,526718.73,6.36,420462.31,5.58,279646.2,5.38,215597.87
181,002599.SZ,20241105,8.29,8.74,8.12,8.23,8.24,-0.009999999999999787,-0.12,659980.15,551316.48,7.87,565493.15,7.39,533693.71,6.07,365030.88,5.43,206563.36,5.59,234887.14,5.38,236563.73,7.61,524530.01,6.85,517430.32,6.24,405631.31,5.53,275942.36,5.36,212448.76
182,002599.SZ,20241104,7.69,8.33,7.56,8.24,7.76,0.4800000000000004,6.19,555589.39,443046.096,7.72,549707.12,7.21,515095.94,5.97,347723.35,5.42,204625.22,5.57,232274.53,5.33,228861.4,7.49,546821.72,6.73,509759.75,6.12,385472.7,5.48,266744.23,5.34,207959.74
183,002599.SZ,20241101,8.32,8.46,7.68,7.76,7.92,-0.16000000000000014,-2.02,865526.62,701101.6,7.64,550350.9,7.05,516523.85,5.87,333639.69,5.41,202036.36,5.56,230237.75,5.29,222762.08,7.34,531694.89,6.6,502264.76,6.01,368631.75,5.42,259013.59,5.31,204610.83
184,002599.SZ,20241031,7.53,7.92,7.53,7.92,7.2,0.7199999999999998,10.0,340335.87,266728.993,7.51,448437.98,6.93,503699.21,5.78,310371.11,5.4,197899.43,5.54,226697.5,5.25,212512.96,7.18,485692.21,6.48,470039.36,5.91,341630.79,5.37,246435.74,5.3,198631.03
185,002599.SZ,20241030,7.35,7.46,7.0,7.2,7.48,-0.28000000000000025,-3.74,406033.7,292215.496,7.35,448676.6,6.78,519874.09,5.69,302406.58,5.39,197865.96,5.52,226044.32,5.21,209803.91,6.98,493479.54,6.33,460268.76,5.8,332987.26,5.32,241551.86,5.28,197257.34
186,002599.SZ,20241029,8.18,8.18,7.37,7.48,7.82,-0.33999999999999986,-4.35,581050.0,444300.508,7.35,483566.87,6.68,537501.68,5.62,293082.27,5.39,198453.17,5.51,224926.08,5.18,206901.17,6.88,510291.39,6.22,447902.38,5.73,321836.94,5.28,235527.36,5.27,195421.12
187,002599.SZ,20241028,7.36,7.82,7.27,7.82,7.11,0.71,9.99,558808.32,427911.255,7.27,543936.33,6.52,509941.38,5.54,279675.88,5.38,197445.66,5.49,222670.69,5.15,203326.88,6.75,522067.02,6.09,424762.54,5.64,305026.77,5.23,226745.16,5.26,192849.42
188,002599.SZ,20241025,7.1,7.31,7.03,7.11,7.12,-0.009999999999999787,-0.14,355962.0,255418.437,7.05,513038.88,6.33,490867.87,5.45,268475.01,5.38,195216.71,5.47,220566.83,5.12,202386.35,6.57,521247.11,5.93,400201.87,5.54,288879.66,5.17,218243.86,5.24,189699.09
189,002599.SZ,20241024,7.24,7.38,7.06,7.12,7.24,-0.1200000000000001,-1.66,341528.98,246058.31,6.86,522946.44,6.24,502453.01,5.38,260446.45,5.38,194552.98,5.45,219912.78,5.09,199142.53,6.44,549170.16,5.81,385731.86,5.46,279332.33,5.13,213751.04,5.22,188089.63
190,002599.SZ,20241023,6.94,7.52,6.89,7.24,7.06,0.1800000000000006,2.55,580485.07,422047.412,6.62,538282.47,6.13,507388.44,5.31,252987.07,5.38,195049.65,5.43,218938.39,5.06,195842.39,6.27,537293.86,5.69,372621.66,5.39,270914.93,5.09,209152.89,5.21,186721.27
191,002599.SZ,20241022,6.91,7.34,6.6,7.06,6.74,0.3199999999999994,4.75,882897.28,628198.056,6.4,537015.9,5.97,479737.18,5.23,238363.06,5.38,194932.79,5.42,216502.02,5.03,189360.9,6.08,510330.62,5.56,346181.95,5.3,255739.86,5.05,200374.08,5.2,183180.57
192,002599.SZ,20241021,6.21,6.74,6.21,6.74,6.13,0.6100000000000003,9.95,404321.09,265602.366,6.24,500197.71,5.82,422970.0,5.16,215449.26,5.38,191671.21,5.4,212122.87,5.0,178701.63,5.97,472697.77,5.44,304798.19,5.23,232242.56,5.01,187075.66,5.18,177056.23
193,002599.SZ,20241018,5.89,6.27,5.86,6.13,5.95,0.17999999999999972,3.03,405499.79,246099.014,6.08,529455.34,5.68,404076.53,5.1,210077.42,5.38,192255.45,5.39,210670.42,4.98,174455.65,5.86,472834.62,5.34,287100.17,5.16,221531.56,4.98,181948.49,5.17,174776.12
194,002599.SZ,20241017,6.07,6.18,5.9,5.95,6.12,-0.16999999999999993,-2.78,418209.14,253691.145,6.02,575393.87,5.58,381980.64,5.06,209184.45,5.39,194315.6,5.39,208904.1,4.97,170283.89,5.77,454386.52,5.27,269600.08,5.11,210945.23,4.96,176464.44,5.16,173117.37
195,002599.SZ,20241016,6.19,6.54,5.96,6.12,6.25,-0.1299999999999999,-2.08,574152.2,362510.216,5.91,536305.24,5.49,355010.31,5.04,208702.94,5.4,198358.87,5.39,207310.17,4.95,165820.42,5.68,427057.99,5.21,252741.12,5.07,199780.56,4.94,170752.72,5.16,171552.51
196,002599.SZ,20241015,5.95,6.51,5.88,6.25,5.97,0.28000000000000025,4.69,698806.35,434265.046,5.76,483645.35,5.38,315964.89,5.01,202457.98,5.41,198446.06,5.38,204827.87,4.93,159613.8,5.56,385513.38,5.15,227609.71,5.02,184103.09,4.92,163531.67,5.15,168612.56
197,002599.SZ,20241014,5.83,5.98,5.51,5.97,5.79,0.17999999999999972,3.11,550609.2,319246.817,5.7,445197.83,5.26,268312.48,4.97,183923.7,5.41,197222.52,5.38,201905.24,4.92,151482.14,5.42,327458.07,5.08,196506.65,4.96,168198.83,4.9,153256.65,5.14,164398.58
198,002599.SZ,20241011,5.44,5.98,5.28,5.79,5.44,0.34999999999999964,6.43,635192.47,363061.492,5.64,416213.91,5.15,229934.16,4.94,170377.25,5.41,195643.75,5.38,199623.1,4.91,145509.23,5.3,279156.62,5.02,172695.94,4.93,162349.81,4.88,145715.51,5.14,161273.65
199,002599.SZ,20241010,5.35,5.58,5.24,5.44,5.35,0.09000000000000075,1.68,222766.0,120743.924,5.53,333379.16,5.07,185321.04,4.91,154906.86,5.41,193797.22,5.38,196943.49,4.9,138198.96,5.19,222293.56,4.97,144413.41,4.91,154571.32,4.86,136743.0,5.14,157469.6
200,002599.SZ,20241009,5.89,5.9,5.35,5.35,5.95,-0.6000000000000005,-10.08,310852.73,173226.404,5.44,317810.74,5.01,172059.1,4.89,150071.04,5.42,195169.13,5.38,196989.25,4.9,137111.75,5.12,207949.46,4.95,137725.46,4.9,159206.57,4.85,135316.2,5.15,157065.24
201,002599.SZ,20241008,6.22,6.22,5.62,5.95,5.66,0.29000000000000004,5.12,506568.77,301540.484,5.36,287381.4,4.96,152416.43,4.87,143051.94,5.42,194806.91,5.39,196292.76,4.9,134696.76,5.04,182033.29,4.92,128444.47,4.88,151132.85,4.85,133274.12,5.16,155755.49
202,002599.SZ,20240930,5.41,5.72,5.3,5.66,5.24,0.41999999999999993,8.02,405689.6,225321.098,5.14,209718.3,4.88,119682.68,4.83,130544.69,5.42,192577.78,5.39,194889.39,4.89,130466.45,4.91,136898.61,4.86,112014.96,4.85,137248.22,4.83,130047.61,5.16,152688.6
203,002599.SZ,20240927,5.09,5.32,5.08,5.24,5.02,0.22000000000000064,4.38,221018.7,115109.322,4.96,142099.34,4.82,93977.63,4.81,121819.14,5.41,191416.63,5.39,193593.82,4.89,126302.12,4.81,101365.72,4.81,95880.03,4.82,127365.21,4.83,131423.93,5.16,150497.54
204,002599.SZ,20240926,4.94,5.02,4.92,5.02,4.92,0.09999999999999964,2.03,144923.9,72302.902,4.85,111207.96,4.78,82879.65,4.8,121361.52,5.41,192470.74,5.4,193927.39,4.89,125134.32,4.77,84813.65,4.78,89224.59,4.8,121942.85,4.83,129618.2,5.18,150151.86
205,002599.SZ,20240925,4.91,5.02,4.86,4.92,4.85,0.07000000000000028,1.44,158706.03,78822.026,4.79,98088.18,4.77,77454.35,4.8,127791.09,5.42,193238.42,5.42,195227.12,4.89,124666.27,4.75,78424.26,4.76,86141.85,4.79,119518.84,4.83,128769.79,5.19,150985.97
206,002599.SZ,20240924,4.78,4.87,4.7,4.85,4.75,0.09999999999999964,2.11,118253.25,56903.458,4.73,76685.17,4.76,70595.58,4.81,132254.05,5.42,193822.32,5.43,198403.94,4.9,124041.34,4.74,69706.06,4.75,83397.95,4.78,116939.37,4.83,127697.58,5.2,152837.48
207,002599.SZ,20240923,4.69,4.79,4.66,4.75,4.71,0.040000000000000036,0.85,67594.8,32105.92,4.68,64078.92,4.76,68345.86,4.81,136846.33,5.43,194518.12,5.44,198680.47,4.9,126087.62,4.74,65555.23,4.74,88569.21,4.78,116631.63,4.83,127117.56,5.22,153375.33
208,002599.SZ,20240920,4.76,4.77,4.65,4.71,4.72,-0.009999999999999787,-0.21,66561.8,31334.371,4.67,60632.1,4.77,72779.57,4.81,138037.42,5.43,195516.58,5.45,199750.0,4.91,129210.97,4.75,66235.25,4.74,103946.41,4.79,121227.12,4.84,127422.18,5.23,155060.44
209,002599.SZ,20240919,4.63,4.76,4.62,4.72,4.6,0.1200000000000001,2.61,79325.0,37444.895,4.68,58419.34,4.78,81350.08,4.81,138778.29,5.43,196910.08,5.47,201692.34,4.92,130439.48,4.76,66533.27,4.77,120710.21,4.8,131126.03,4.84,127856.45,5.25,157301.72
210,002599.SZ,20240918,4.64,4.68,4.54,4.6,4.64,-0.040000000000000036,-0.86,51691.0,23819.406,4.71,58760.34,4.77,81632.08,4.82,139705.65,5.43,197956.07,5.48,203559.37,4.93,131688.59,4.77,67501.46,4.79,134835.13,4.81,138830.1,4.84,127925.18,5.27,160728.95
211,002599.SZ,20240913,4.7,4.73,4.62,4.64,4.7,-0.0600000000000005,-1.28,55222.0,25758.637,4.76,62726.94,4.77,84418.16,4.82,139576.6,5.43,199104.41,5.5,207214.59,4.94,133637.01,4.79,74855.66,4.8,135682.63,4.82,146253.42,4.85,128874.59,5.29,163931.27
212,002599.SZ,20240912,4.74,4.8,4.69,4.7,4.75,-0.04999999999999982,-1.05,50360.7,23909.328,4.79,67031.54,4.77,86575.62,4.82,139263.12,5.43,200109.04,5.51,209706.58,4.95,136176.65,4.81,87131.31,4.81,137423.03,4.83,148015.75,4.86,129436.42,5.31,165453.08
213,002599.SZ,20240911,4.83,4.84,4.74,4.75,4.86,-0.11000000000000032,-2.26,55498.0,26569.973,4.82,71838.4,4.77,90688.49,4.82,139373.63,5.43,201170.81,5.52,210725.95,4.96,136834.47,4.81,90394.34,4.82,140364.96,4.83,149395.44,4.86,130307.76,5.33,167203.27
214,002599.SZ,20240910,4.9,4.9,4.72,4.86,4.87,-0.009999999999999787,-0.21,81030.0,38866.237,4.83,74647.2,4.76,103471.6,4.81,139174.57,5.42,202489.77,5.53,210950.02,4.97,137554.62,4.8,93635.54,4.82,140507.46,4.84,151240.68,4.87,130831.49,5.35,170182.87
215,002599.SZ,20240909,4.83,4.88,4.72,4.87,4.77,0.10000000000000053,2.1,71524.0,34432.439,4.84,76242.58,4.76,126095.36,4.8,139332.3,5.42,203155.23,5.54,211075.12,4.98,137982.12,4.77,93859.44,4.81,140066.13,4.83,150116.45,4.88,131834.75,5.37,174204.77
216,002599.SZ,20240906,4.88,4.89,4.75,4.77,4.86,-0.09000000000000075,-1.85,76745.0,36887.82,4.82,86984.38,4.78,151504.11,4.8,139159.25,5.42,203830.32,5.55,211369.18,4.99,138590.51,4.75,97089.84,4.8,140556.03,4.82,149217.78,4.89,132804.82,5.39,177052.31
217,002599.SZ,20240905,4.83,4.91,4.82,4.86,4.81,0.05000000000000071,1.04,74395.0,36265.305,4.83,107231.07,4.82,173433.22,4.8,138483.12,5.42,204289.19,5.56,211453.68,5.0,140421.82,4.74,111583.19,4.8,142169.83,4.82,148463.55,4.9,134680.67,5.41,180483.2
218,002599.SZ,20240904,4.86,4.87,4.76,4.81,4.88,-0.07000000000000028,-1.43,69542.0,33534.643,4.8,108950.27,4.82,172990.6,4.8,138794.79,5.42,204875.73,5.57,211687.97,5.01,141964.54,4.74,141657.57,4.81,148723.06,4.81,147608.05,4.91,134996.83,5.43,185714.59
219,002599.SZ,20240903,4.8,4.9,4.78,4.88,4.78,0.09999999999999964,2.09,89006.9,43298.594,4.76,112623.87,4.82,174566.6,4.8,139593.29,5.42,205135.8,5.58,211941.45,5.02,143142.9,4.77,174887.15,4.82,163422.42,4.8,148169.74,4.92,136061.69,5.45,193472.07
220,002599.SZ,20240902,4.97,4.98,4.77,4.78,4.84,-0.05999999999999961,-1.24,125233.0,60941.942,4.7,111476.29,4.82,176119.86,4.8,139224.17,5.43,205551.27,5.59,212397.29,5.04,145929.97,4.81,202168.8,4.83,174494.42,4.8,147390.85,4.92,136408.58,5.47,197619.57
221,002599.SZ,20240830,4.67,4.92,4.65,4.84,4.67,0.16999999999999993,3.64,177978.46,85997.101,4.67,107195.29,4.81,170974.86,4.8,137761.61,5.44,205755.51,5.61,212399.8,5.05,147755.15,4.81,196509.6,4.84,181952.3,4.8,145008.31,4.93,136185.29,5.49,200931.11
222,002599.SZ,20240829,4.62,4.69,4.55,4.67,4.63,0.040000000000000036,0.86,82991.0,38541.864,4.64,115935.3,4.8,162838.32,4.8,136670.75,5.44,205942.35,5.62,212409.44,5.06,150952.57,4.82,187714.75,4.83,178457.97,4.8,141908.75,4.93,137747.73,5.49,202141.84
223,002599.SZ,20240828,4.55,4.67,4.5,4.63,4.59,0.040000000000000036,0.87,87910.0,40478.209,4.68,174364.87,4.8,162709.94,4.81,136650.58,5.45,206511.35,5.63,212679.24,5.08,159559.17,4.83,190335.58,4.85,178895.99,4.8,142365.42,4.95,141395.31,5.51,204527.69
224,002599.SZ,20240827,4.67,4.67,4.55,4.59,4.64,-0.04999999999999982,-1.08,83269.0,38444.184,4.79,237150.42,4.82,164333.86,4.81,136951.48,5.46,207167.09,5.65,213272.78,5.1,159597.95,4.84,187379.38,4.86,180043.26,4.81,141983.65,4.96,142575.15,5.52,207297.78
225,002599.SZ,20240826,4.68,4.73,4.59,4.64,4.68,-0.040000000000000036,-0.85,103828.0,48448.75,4.91,292861.3,4.84,173733.14,4.82,137350.7,5.46,208189.54,5.66,213550.38,5.11,160339.72,4.85,186272.82,4.86,178244.96,4.82,141724.88,4.98,144070.8,5.53,208759.64
226,002599.SZ,20240823,4.65,4.79,4.57,4.68,4.86,-0.1800000000000006,-3.7,221678.49,103650.912,4.95,285823.9,4.87,193710.15,4.83,138330.98,5.48,208809.8,5.68,213933.04,5.12,160538.39,4.86,184022.22,4.86,175281.76,4.83,142960.25,4.99,145637.38,5.53,209440.86
227,002599.SZ,20240822,5.6,5.61,4.86,4.86,5.17,-0.3099999999999996,-6.0,375138.84,193667.656,4.99,259494.2,4.91,200538.5,4.83,137350.08,5.49,209141.19,5.7,213709.74,5.14,159199.98,4.87,172756.47,4.86,166903.73,4.83,138314.48,5.0,146037.65,5.54,209580.91
228,002599.SZ,20240821,5.11,5.38,5.02,5.17,5.21,-0.040000000000000036,-0.77,401837.76,207943.169,4.98,206306.29,4.91,192788.63,4.84,135521.82,5.5,207832.85,5.71,213201.58,5.15,156247.72,4.88,155788.54,4.84,150583.29,4.83,129081.2,5.01,141446.96,5.54,209561.5
229,002599.SZ,20240820,4.97,5.29,4.86,5.21,4.85,0.3600000000000003,7.42,361823.4,183681.6,4.89,137608.33,4.88,170192.8,4.85,138063.91,5.51,206968.65,5.73,212145.12,5.16,152862.56,4.87,151957.69,4.82,134811.04,4.82,118914.68,5.02,136574.82,5.55,208341.77
230,002599.SZ,20240819,4.87,4.91,4.83,4.85,4.86,-0.010000000000000675,-0.21,68641.0,33425.276,4.79,79684.33,4.86,149418.03,4.85,130736.02,5.53,206987.77,5.74,211090.77,5.16,150378.15,4.85,146820.05,4.79,120001.87,4.81,111425.83,5.02,132429.31,5.55,207349.8
231,002599.SZ,20240816,4.79,4.92,4.79,4.86,4.83,0.03000000000000025,0.62,90030.0,43767.61,4.76,82220.53,4.86,152665.28,4.85,131482.44,5.54,211341.58,5.75,212046.45,5.18,151938.78,4.86,167395.0,4.79,119257.66,4.81,115415.39,5.03,133237.84,5.56,208598.2
232,002599.SZ,20240815,4.71,4.87,4.64,4.83,4.7,0.1299999999999999,2.77,109199.27,52430.675,4.75,86018.73,4.84,149378.59,4.86,131610.18,5.56,211862.12,5.77,212668.93,5.19,154370.99,4.85,169201.2,4.79,119005.75,4.82,122846.99,5.04,135305.56,5.56,209609.39
233,002599.SZ,20240814,4.72,4.74,4.66,4.7,4.71,-0.009999999999999787,-0.21,58348.0,27512.614,4.77,105270.8,4.83,144406.65,4.86,130852.91,5.57,212828.4,5.78,213258.64,5.2,155325.25,4.86,167456.41,4.79,118380.34,4.84,135482.64,5.06,136653.89,5.56,210926.28
234,002599.SZ,20240813,4.72,4.74,4.62,4.71,4.72,-0.009999999999999787,-0.21,72203.4,33743.021,4.84,166307.04,4.82,144081.26,4.87,131662.45,5.58,215164.99,5.8,214619.12,5.21,156718.3,4.87,172707.14,4.79,119285.78,4.85,137293.55,5.08,138313.41,5.56,212356.28
235,002599.SZ,20240812,4.75,4.8,4.68,4.72,4.8,-0.08000000000000007,-1.67,81322.0,38403.485,4.92,213955.76,4.81,142275.62,4.88,132262.87,5.6,217405.62,5.82,216431.53,5.22,158119.94,4.87,170217.1,4.8,119450.91,4.87,138020.74,5.1,142077.31,5.56,213563.34
236,002599.SZ,20240809,4.9,4.93,4.79,4.8,4.91,-0.11000000000000032,-2.24,109021.0,52819.59,4.95,252569.47,4.8,142665.68,4.89,132325.43,5.62,221489.66,5.83,217232.52,5.23,159110.32,4.86,166541.3,4.81,122429.26,4.88,138455.78,5.11,145090.63,5.56,214551.4
237,002599.SZ,20240808,4.92,4.97,4.85,4.91,5.07,-0.16000000000000014,-3.16,205459.6,100839.295,4.95,252383.67,4.8,139328.68,4.89,132314.68,5.63,224040.68,5.85,218101.49,5.24,159629.72,4.85,161051.0,4.81,121093.48,4.88,137603.48,5.13,150236.7,5.55,215336.69
238,002599.SZ,20240807,5.1,5.4,5.06,5.07,5.1,-0.02999999999999936,-0.59,363529.2,189949.682,4.95,229642.02,4.79,127659.23,4.89,128887.4,5.65,224159.95,5.86,217938.1,5.24,158633.03,4.81,145378.04,4.81,115727.53,4.89,133617.24,5.15,158953.8,5.55,215669.76
239,002599.SZ,20240806,4.89,5.14,4.84,5.1,4.89,0.20999999999999996,4.29,310447.0,155876.085,4.9,179107.24,4.77,106233.28,4.9,121214.21,5.66,222283.81,5.88,216928.37,5.25,156538.64,4.76,117664.4,4.79,102393.18,4.88,124586.86,5.17,154408.62,5.54,214114.16
240,002599.SZ,20240805,4.98,5.18,4.87,4.89,4.8,0.08999999999999986,1.87,274390.54,137404.911,4.82,126478.44,4.75,89790.51,4.91,114639.95,5.67,220837.45,5.89,216824.1,5.25,155471.7,4.73,93183.7,4.78,93728.72,4.88,117020.26,5.17,151549.53,5.54,212933.25
241,002599.SZ,20240802,4.87,4.95,4.78,4.8,4.88,-0.08000000000000007,-1.64,108092.0,52771.922,4.77,80513.14,4.74,74564.84,4.92,110723.32,5.68,219773.78,5.91,216978.8,5.25,154764.6,4.72,71120.33,4.78,89425.59,4.87,111495.76,5.18,148955.16,5.54,211836.83
242,002599.SZ,20240801,4.85,4.9,4.81,4.88,4.85,0.03000000000000025,0.62,91751.34,44681.647,4.74,69718.34,4.75,72058.22,4.93,111359.69,5.69,219655.26,5.93,218955.65,5.26,155898.42,4.73,68810.31,4.8,99669.88,4.88,110857.09,5.2,149175.26,5.54,212259.88
243,002599.SZ,20240731,4.67,4.87,4.67,4.85,4.67,0.17999999999999972,3.85,110855.34,53407.675,4.68,61114.07,4.75,75838.04,4.95,114228.64,5.7,219809.69,5.95,222244.9,5.28,157016.63,4.72,69304.27,4.83,119495.76,4.9,111220.08,5.21,150208.06,5.54,212386.88
244,002599.SZ,20240730,4.66,4.7,4.61,4.67,4.66,0.009999999999999787,0.21,47303.0,22142.61,4.63,56221.56,4.75,73641.9,4.96,113714.22,5.71,219820.28,5.97,228368.55,5.29,157921.33,4.71,65864.42,4.84,119586.76,4.91,110422.3,5.22,150826.31,5.55,212703.38
245,002599.SZ,20240729,4.65,4.68,4.58,4.66,4.63,0.03000000000000025,0.65,44564.0,20721.703,4.64,59888.96,4.76,77552.48,4.98,116247.46,5.73,220644.87,5.99,234751.99,5.31,159613.85,4.73,68684.72,4.86,121922.56,4.94,113553.04,5.24,152962.81,5.56,213597.89
246,002599.SZ,20240726,4.56,4.66,4.55,4.63,4.57,0.05999999999999961,1.31,54118.0,25126.145,4.68,61727.52,4.77,81573.88,5.0,118166.77,5.74,221208.01,6.0,236744.7,5.33,161068.76,4.76,78317.22,4.88,124413.03,4.96,116391.86,5.26,155314.88,5.57,214933.87
247,002599.SZ,20240725,4.59,4.62,4.51,4.57,4.6,-0.02999999999999936,-0.65,48730.0,22275.232,4.72,67902.28,4.79,87961.55,5.01,119864.35,5.76,222079.48,6.02,240312.46,5.35,162194.43,4.77,81135.96,4.9,125879.73,4.98,120897.78,5.29,158953.68,5.57,215857.28
248,002599.SZ,20240724,4.69,4.72,4.59,4.6,4.75,-0.15000000000000036,-3.16,86392.8,40044.907,4.76,77494.48,4.82,98699.86,5.03,126423.01,5.78,222634.04,6.04,246925.49,5.38,163448.19,4.8,86077.03,4.92,127736.84,5.01,122385.61,5.3,161154.33,5.58,216970.68
249,002599.SZ,20240723,4.84,4.89,4.74,4.75,4.84,-0.08999999999999986,-1.86,65640.0,31711.682,4.79,75507.28,4.86,116129.48,5.06,132759.88,5.79,223341.16,6.06,249402.05,5.4,164690.11,4.82,87121.97,4.94,128048.09,5.03,123953.63,5.32,162428.23,5.59,218171.58
250,002599.SZ,20240722,4.8,4.88,4.77,4.84,4.83,0.009999999999999787,0.21,53756.8,25944.28,4.82,77480.48,4.92,148639.39,5.08,135496.94,5.81,223789.38,6.07,251709.84,5.43,167081.81,4.84,94273.74,4.95,128938.54,5.05,125426.31,5.33,164289.66,5.61,219234.13
251,002599.SZ,20240719,4.8,4.95,4.79,4.83,4.79,0.040000000000000036,0.84,84991.8,41459.579,4.84,94906.92,4.94,153171.58,5.1,139004.32,5.83,224586.19,6.09,255711.39,5.45,171443.55,4.84,107730.86,4.95,131683.47,5.06,127362.28,5.34,165987.06,5.62,221031.15
252,002599.SZ,20240718,4.73,4.81,4.57,4.79,4.76,0.03000000000000025,0.63,96691.0,45441.648,4.83,94369.65,4.95,153865.98,5.11,142322.88,5.85,225273.33,6.1,257775.58,5.48,172747.59,4.88,130529.46,4.96,131880.48,5.07,133586.7,5.34,167036.79,5.63,221879.03
253,002599.SZ,20240717,4.85,4.89,4.75,4.76,4.87,-0.11000000000000032,-2.26,76456.8,36784.885,4.85,94659.58,4.97,153687.7,5.14,146705.35,5.87,226610.62,6.12,260176.98,5.5,175055.81,4.94,169687.24,4.98,132177.98,5.09,140425.21,5.35,167603.74,5.65,223384.87
254,002599.SZ,20240716,4.91,4.92,4.83,4.87,4.94,-0.07000000000000028,-1.42,75506.0,36802.677,4.85,98736.65,4.99,154225.79,5.16,147388.91,5.89,227630.34,6.13,262693.19,5.52,178509.94,4.98,173309.1,5.01,132701.24,5.11,143166.65,5.37,169770.3,5.67,225785.88
255,002599.SZ,20240715,4.79,5.01,4.75,4.94,4.8,0.14000000000000057,2.92,140888.98,69256.632,4.86,111067.0,5.0,155023.2,5.17,148389.0,5.9,228381.25,6.14,265764.14,5.55,184044.41,5.0,175160.4,5.04,135987.2,5.13,146416.71,5.38,172352.3,5.69,230953.23
256,002599.SZ,20240712,4.84,4.9,4.77,4.8,4.86,-0.0600000000000005,-1.23,82305.46,39874.488,4.85,120554.79,5.01,151310.03,5.19,147571.45,5.92,229001.12,6.15,268515.72,5.58,187978.82,5.01,170508.84,5.06,135429.18,5.15,148314.51,5.38,173693.45,5.71,231154.06
257,002599.SZ,20240711,4.83,4.89,4.81,4.86,4.78,0.08000000000000007,1.67,98140.64,47692.391,4.93,166689.27,5.01,151397.99,5.21,148596.38,5.94,229785.32,6.16,269563.69,5.61,190052.61,5.03,170623.49,5.09,140778.69,5.18,153760.82,5.39,175540.5,5.72,232537.71
258,002599.SZ,20240710,4.89,4.91,4.77,4.78,4.92,-0.13999999999999968,-2.85,96842.18,46938.002,5.04,244714.91,5.01,152206.83,5.23,152006.75,5.95,230554.2,6.17,270139.87,5.64,192215.85,5.04,169396.66,5.11,140539.9,5.19,153812.73,5.41,176831.78,5.74,235010.02
259,002599.SZ,20240709,4.8,4.94,4.68,4.92,4.87,0.04999999999999982,1.03,137157.74,66464.95,5.11,247881.54,5.03,151598.36,5.26,154749.6,5.97,231883.56,6.18,270763.0,5.67,196431.95,5.06,168974.21,5.13,142369.46,5.22,154234.96,5.43,178196.2,5.76,237493.44
260,002599.SZ,20240708,5.11,5.13,4.84,4.87,5.2,-0.33000000000000007,-6.35,188327.95,93552.627,5.13,239253.8,5.06,148943.22,5.28,155360.24,5.99,233559.56,6.19,271564.95,5.71,202118.62,5.06,163603.34,5.15,141002.59,5.24,153432.78,5.44,178814.27,5.78,241928.99
261,002599.SZ,20240705,5.19,5.26,5.09,5.2,5.45,-0.25,-4.59,312977.86,161937.296,5.17,220462.88,5.09,141142.76,5.31,158586.98,6.01,233756.5,6.2,272593.89,5.74,205117.3,5.06,155636.09,5.16,137177.99,5.26,151060.28,5.47,178236.85,5.8,244329.34
262,002599.SZ,20240704,5.12,5.59,5.02,5.45,5.09,0.3600000000000003,7.07,488268.81,260704.149,5.13,174557.7,5.11,127931.02,5.33,157091.2,6.02,233359.97,6.21,272492.64,5.77,207456.95,5.05,133231.51,5.16,135115.32,5.27,147764.12,5.48,175329.6,5.81,243576.47
263,002599.SZ,20240703,5.04,5.14,4.99,5.09,5.06,0.03000000000000025,0.59,112675.34,57153.433,5.04,94078.4,5.1,100351.0,5.34,155018.15,6.04,231204.26,6.22,271255.14,5.79,210308.87,5.02,94668.73,5.16,125794.19,5.28,137825.13,5.5,169571.16,5.82,240285.61
264,002599.SZ,20240702,5.01,5.11,4.99,5.06,5.05,0.009999999999999787,0.2,94019.03,47672.304,5.02,90066.88,5.12,106244.86,5.37,173130.23,6.06,231761.27,6.22,271932.27,5.82,222145.71,5.05,92093.39,5.18,128095.42,5.3,139333.27,5.52,170685.51,5.83,240198.07
265,002599.SZ,20240701,4.99,5.05,4.88,5.05,4.99,0.05999999999999961,1.2,94373.34,46874.913,4.98,87952.88,5.14,106194.55,5.4,173036.08,6.07,233141.87,6.23,273182.48,5.85,228714.89,5.08,96814.01,5.2,132044.87,5.33,146133.87,5.55,173202.16,5.84,240424.76
266,002599.SZ,20240628,5.0,5.07,4.98,4.99,4.99,0.0,0.0,83452.0,42045.78,4.95,90809.31,5.16,109199.17,5.41,174345.74,6.09,234573.55,6.24,274293.37,5.87,234424.82,5.1,100349.53,5.22,137217.34,5.35,151725.48,5.58,177977.39,5.85,240396.85
267,002599.SZ,20240627,5.0,5.1,4.98,4.99,5.02,-0.02999999999999936,-0.6,85872.3,43386.25,4.96,91905.31,5.17,111227.5,5.42,175383.27,6.11,237064.71,6.25,276303.71,5.88,237622.34,5.15,110933.88,5.25,145329.49,5.38,162869.91,5.61,179633.1,5.87,240651.34
268,002599.SZ,20240626,4.84,5.02,4.79,5.02,4.87,0.14999999999999947,3.08,92617.74,45779.294,5.01,95259.05,5.19,113224.71,5.44,176425.21,6.13,240965.84,6.26,278386.52,5.89,241401.27,5.17,111683.15,5.27,146020.76,5.41,184290.37,5.63,182698.69,5.88,240872.24
269,002599.SZ,20240625,4.87,5.0,4.82,4.87,4.86,0.009999999999999787,0.21,83449.0,41094.355,5.07,94119.9,5.2,127002.14,5.46,178222.31,6.16,248279.27,6.28,281457.95,5.91,245770.65,5.2,115764.71,5.29,146865.33,5.45,184230.38,5.66,186747.0,5.89,241484.12
270,002599.SZ,20240624,5.08,5.08,4.84,4.86,5.08,-0.21999999999999975,-4.33,108655.52,53692.732,5.18,105675.14,5.25,143801.93,5.49,180119.42,6.18,255519.93,6.29,285318.58,5.92,248107.22,5.24,118401.85,5.33,148347.5,5.47,186078.81,5.69,193532.71,5.91,241835.85
271,002599.SZ,20240621,5.18,5.23,5.05,5.08,5.21,-0.1299999999999999,-2.5,88932.0,45648.215,5.26,109889.74,5.29,147651.5,5.52,182085.23,6.2,257413.52,6.31,290708.65,5.93,249132.81,5.27,118719.9,5.36,148772.38,5.49,186414.56,5.73,198987.94,5.93,242427.13
272,002599.SZ,20240620,5.32,5.36,5.15,5.21,5.35,-0.13999999999999968,-2.62,102641.0,53823.394,5.33,129962.46,5.32,154118.89,5.54,184930.99,6.21,261358.92,6.32,294893.7,5.93,251126.84,5.27,136999.13,5.38,155030.43,5.51,187493.42,5.76,201469.74,5.94,242757.59
273,002599.SZ,20240619,5.39,5.42,5.32,5.35,5.41,-0.0600000000000005,-1.11,86922.0,46708.787,5.34,128107.26,5.34,161440.56,5.56,189925.26,6.23,268745.66,6.33,296962.86,5.93,254729.1,5.31,156919.66,5.41,159403.33,5.52,189196.03,5.8,204098.78,5.96,243470.73
274,002599.SZ,20240618,5.25,5.44,5.2,5.41,5.27,0.14000000000000057,2.66,141225.2,75842.51,5.33,137409.52,5.36,173653.87,5.57,192685.45,6.25,271648.51,6.34,297684.17,5.94,256976.41,5.31,164097.46,5.43,162953.21,5.54,191230.32,5.83,209534.24,5.98,243831.24
275,002599.SZ,20240617,5.3,5.37,5.25,5.27,5.41,-0.14000000000000057,-2.59,129728.52,68807.348,5.3,131128.55,5.36,170459.44,5.57,193320.8,6.26,273832.06,6.34,298342.42,5.94,258330.57,5.32,167275.74,5.45,170793.8,5.55,192372.58,5.86,216574.79,5.99,244058.51
276,002599.SZ,20240614,5.38,5.55,5.26,5.41,5.25,0.16000000000000014,3.05,189295.56,102598.155,5.27,127550.05,5.37,168904.1,5.58,194720.72,6.27,278000.74,6.35,300613.5,5.94,259513.5,5.34,174085.15,5.48,177413.46,5.57,194237.9,5.89,221299.8,6.01,244510.27
277,002599.SZ,20240613,5.32,5.36,5.22,5.25,5.31,-0.05999999999999961,-1.13,93365.0,49304.699,5.22,144035.8,5.38,163042.33,5.58,193729.7,6.29,279698.97,6.35,301739.25,5.94,259807.87,5.36,179725.1,5.49,188837.93,5.59,197009.58,5.92,226285.73,6.03,245343.32
278,002599.SZ,20240612,5.21,5.38,5.18,5.31,5.24,0.0699999999999994,1.34,133433.34,70861.782,5.28,185732.06,5.4,164872.18,5.57,195335.9,6.3,282540.37,6.36,302037.3,5.93,262126.01,5.37,180358.37,5.54,220593.97,5.6,199923.04,5.96,236432.36,6.05,246426.08
279,002599.SZ,20240611,5.14,5.26,4.96,5.24,5.16,0.08000000000000007,1.55,109820.34,56359.796,5.29,190785.39,5.42,171076.77,5.57,195255.75,6.31,285097.76,6.36,302133.66,5.93,263412.87,5.38,177965.94,5.57,218463.21,5.6,200902.82,5.99,250882.45,6.07,246844.45
280,002599.SZ,20240607,5.24,5.24,5.07,5.16,5.14,0.020000000000000462,0.39,111836.0,57853.472,5.35,203422.92,5.46,177252.05,5.58,198097.79,6.33,288463.56,6.37,301943.46,5.92,264842.61,5.41,178293.16,5.58,219917.29,5.61,203153.01,6.02,258830.57,6.08,247847.2
281,002599.SZ,20240606,5.42,5.51,5.1,5.14,5.53,-0.39000000000000057,-7.05,271724.3,143646.034,5.41,220620.26,5.5,180796.94,5.59,201585.74,6.34,291894.6,6.37,301785.7,5.91,266016.65,5.44,178824.86,5.6,220261.89,5.62,204611.83,6.04,265676.93,6.1,248542.15
282,002599.SZ,20240605,5.41,5.87,5.34,5.53,5.4,0.1299999999999999,2.41,301846.3,169713.409,5.5,215414.4,5.56,182821.0,5.59,200104.37,6.35,291809.1,6.38,301046.82,5.9,265103.74,5.49,173061.73,5.62,212740.57,5.62,200486.89,6.05,266535.96,6.12,248018.27
283,002599.SZ,20240604,5.47,5.48,5.27,5.4,5.53,-0.1299999999999999,-2.35,158700.0,85108.008,5.47,174984.68,5.58,179765.25,5.59,196906.79,6.35,291070.69,6.38,299915.59,5.88,264351.5,5.51,161887.01,5.63,205334.22,5.62,194782.28,6.06,267660.06,6.14,247905.14
284,002599.SZ,20240603,5.42,5.57,5.36,5.53,5.44,0.08999999999999986,1.65,173008.0,94663.481,5.47,165146.5,5.6,199694.87,5.61,197404.37,6.36,291372.44,6.39,299997.82,5.86,264593.59,5.54,161808.97,5.65,204796.76,5.62,196373.95,6.07,272020.41,6.16,249736.81
285,002599.SZ,20240531,5.5,5.56,5.4,5.44,5.61,-0.16999999999999993,-3.03,197822.7,108294.4,5.48,153163.4,5.65,242423.94,5.62,197571.99,6.37,292064.65,6.39,300760.88,5.85,264536.65,5.58,174311.87,5.66,204921.01,5.62,198287.88,6.08,273448.48,6.17,250100.81
286,002599.SZ,20240530,5.34,5.75,5.27,5.61,5.36,0.25,4.66,245695.0,135689.969,5.48,137029.46,5.69,234192.81,5.63,196878.44,6.38,293206.29,6.4,301680.13,5.85,263803.29,5.61,180741.76,5.68,204314.27,5.6,199072.39,6.08,273244.34,6.19,250584.6
287,002599.SZ,20240529,5.41,5.45,5.33,5.36,5.4,-0.040000000000000036,-0.74,99697.7,53954.215,5.47,130709.07,5.68,225977.96,5.65,194172.2,6.38,293554.71,6.4,300807.54,5.84,262645.45,5.63,197950.76,5.7,205651.82,5.6,197320.17,6.08,273124.17,6.2,250019.21
288,002599.SZ,20240528,5.55,5.55,5.39,5.4,5.57,-0.16999999999999993,-3.05,109509.1,60045.744,5.56,148789.33,5.69,227441.83,5.67,195314.71,6.39,294800.78,6.41,301210.62,5.84,262742.71,5.7,260829.58,5.71,209705.38,5.62,199850.84,6.08,277676.04,6.22,250795.76
289,002599.SZ,20240527,5.57,5.6,5.43,5.57,5.47,0.10000000000000053,1.83,113092.5,62783.489,5.62,158471.43,5.71,228348.67,5.7,196292.74,6.39,295617.44,6.42,301318.73,5.84,263267.06,5.76,258960.47,5.71,212371.26,5.64,202157.44,6.08,280108.72,6.24,252323.39
290,002599.SZ,20240524,5.53,5.6,5.46,5.47,5.55,-0.08000000000000007,-1.44,117153.0,64922.67,5.68,195460.34,5.71,231473.81,5.73,198246.97,6.4,296952.26,6.42,302034.02,5.84,263821.08,5.75,261541.42,5.71,215582.94,5.65,204195.76,6.08,282270.3,6.26,253885.42
291,002599.SZ,20240523,5.76,5.77,5.52,5.55,5.79,-0.2400000000000002,-4.15,214093.03,120726.343,5.74,224454.06,5.74,233842.86,5.77,202007.71,6.41,298097.82,6.43,301852.88,5.85,264990.8,5.75,261698.92,5.71,217505.32,5.67,205413.42,6.08,283958.56,6.28,256593.97
292,002599.SZ,20240522,5.74,5.96,5.73,5.79,5.73,0.05999999999999961,1.05,190099.04,111341.173,5.78,265192.45,5.76,230873.63,5.8,206913.41,6.42,299549.94,6.44,301198.27,5.85,264335.25,5.76,252419.42,5.69,214199.47,5.7,202895.08,6.07,283913.23,6.3,260206.82
293,002599.SZ,20240521,5.85,5.86,5.71,5.73,5.88,-0.14999999999999947,-2.55,157919.6,91374.851,5.84,372869.82,5.76,230534.31,5.84,206698.58,6.43,301270.56,6.44,300683.16,5.84,264231.77,5.74,248781.44,5.67,211229.92,5.72,201317.18,6.06,285198.67,6.32,268170.59
294,002599.SZ,20240520,5.72,5.94,5.68,5.88,5.75,0.1299999999999999,2.26,298037.03,173684.034,5.9,359449.5,5.78,239344.04,5.85,209989.41,6.44,304421.74,6.45,300246.59,5.85,265199.52,5.75,247784.55,5.66,213656.44,5.75,202037.75,6.05,286399.15,6.34,276238.8
295,002599.SZ,20240517,5.76,5.82,5.66,5.75,5.77,-0.019999999999999574,-0.35,262121.61,150735.079,5.82,327622.5,5.76,230323.4,5.87,211091.75,6.45,307462.42,6.45,299194.83,5.85,263800.97,5.75,235530.15,5.64,210275.88,5.78,200270.45,6.03,285049.38,6.35,276932.92
296,002599.SZ,20240516,5.96,6.01,5.72,5.77,6.08,-0.3100000000000005,-5.1,417784.97,244016.511,5.76,298943.77,5.73,222685.34,5.9,217811.45,6.46,312722.53,6.46,298677.54,5.86,263898.01,5.76,227886.79,5.6,208237.7,5.81,204229.29,6.0,284012.17,6.37,280224.15
297,002599.SZ,20240515,6.49,6.49,6.03,6.08,6.01,0.07000000000000028,1.16,728485.91,457915.962,5.73,239646.38,5.72,204188.49,5.95,218346.29,6.47,315350.45,6.46,297340.0,5.87,260817.37,5.77,213352.89,5.59,197004.88,5.84,196396.28,5.97,280436.69,6.38,286462.05
298,002599.SZ,20240514,6.01,6.01,6.01,6.01,5.47,0.54,9.87,90817.99,54944.884,5.64,124693.06,5.66,160120.4,5.98,203915.52,6.47,313432.69,6.47,294220.83,5.88,254802.79,5.72,158581.17,5.58,169361.47,5.85,181107.01,5.94,272385.72,6.4,284599.1
299,002599.SZ,20240513,5.47,5.56,5.27,5.47,5.47,0.0,0.0,138902.0,76042.185,5.61,136119.6,5.6,164517.17,6.01,208902.74,6.48,314252.17,6.47,295527.18,5.9,258452.91,5.67,165782.05,5.58,173755.93,5.87,189263.63,5.91,273819.7,6.41,287639.41
300,002599.SZ,20240510,5.64,5.69,5.45,5.47,5.64,-0.16999999999999993,-3.01,118728.0,65758.598,5.68,143437.8,5.59,163886.86,6.06,216965.9,6.48,315040.83,6.48,295650.23,5.92,265875.41,5.68,169624.45,5.6,175522.93,5.91,200986.61,5.9,274316.96,6.42,292565.38
301,002599.SZ,20240509,5.62,5.71,5.59,5.64,5.63,0.009999999999999787,0.18,121298.0,68760.473,5.75,156829.8,5.59,170634.71,6.11,230052.09,6.49,317782.59,6.48,295648.09,5.94,266492.21,5.66,173311.72,5.64,177270.67,5.97,211561.33,5.89,274718.51,6.44,295191.32
302,002599.SZ,20240508,5.84,5.84,5.61,5.63,5.85,-0.21999999999999975,-3.76,153719.3,87720.047,5.81,187059.4,5.58,179029.17,6.16,238638.29,6.5,319575.99,6.49,295992.71,5.95,268186.15,5.62,175979.52,5.67,178132.92,6.02,215446.05,5.88,275344.49,6.45,298368.23
303,002599.SZ,20240507,5.84,5.9,5.8,5.85,5.82,0.02999999999999936,0.52,147950.68,86879.382,5.81,192469.29,5.53,184232.15,6.21,248483.36,6.5,319506.66,6.5,296001.79,5.97,271400.79,5.59,173678.39,5.71,177585.05,6.07,219001.53,5.88,274565.71,6.46,301268.05
304,002599.SZ,20240506,5.95,6.0,5.79,5.82,5.83,-0.009999999999999787,-0.17,175493.0,103394.409,5.72,195444.51,5.51,187707.37,6.26,264783.7,6.5,319518.94,6.5,296197.98,5.98,274692.82,5.56,179528.32,5.74,179164.35,6.11,227838.16,5.87,274580.44,6.47,304989.26
305,002599.SZ,20240430,5.92,5.99,5.75,5.83,5.93,-0.09999999999999964,-1.69,185688.0,109317.966,5.67,195811.11,5.52,187716.96,6.3,289046.82,6.5,318839.65,6.51,295994.74,6.0,281278.57,5.52,185021.62,5.79,182640.6,6.16,240777.0,5.87,274232.96,6.48,308576.03
306,002599.SZ,20240429,5.78,6.05,5.78,5.93,5.6,0.33000000000000007,5.89,272446.0,162404.736,5.58,189793.64,5.53,187179.97,6.34,300841.51,6.5,318141.65,6.52,295929.69,6.02,285154.31,5.44,188588.62,5.83,192400.55,6.22,248361.69,5.87,274552.86,6.49,309190.4
307,002599.SZ,20240426,5.41,5.62,5.38,5.6,5.43,0.16999999999999993,3.13,180768.75,100654.119,5.43,164899.64,5.53,179625.82,6.35,308199.5,6.5,317269.47,6.52,295505.77,6.03,284490.15,5.4,180656.88,5.88,187917.98,6.26,255561.88,5.86,272760.88,6.49,308549.32
308,002599.SZ,20240425,5.62,5.62,5.41,5.43,5.57,-0.14000000000000057,-2.51,162826.8,89354.151,5.38,154887.5,5.57,177542.28,6.36,312390.59,6.51,316782.67,6.53,296126.13,6.04,283324.78,5.44,180141.77,5.91,192369.93,6.32,272941.67,5.87,272787.03,6.5,308727.5
309,002599.SZ,20240424,5.36,5.58,5.32,5.57,5.35,0.22000000000000064,4.11,177326.0,97859.667,5.4,163612.14,5.63,175674.29,6.38,318463.11,6.52,316850.51,6.54,297304.49,6.06,282516.04,5.49,181729.81,5.97,201004.42,6.38,300862.08,5.87,273914.93,6.51,309643.0
310,002599.SZ,20240423,5.27,5.48,5.27,5.35,5.21,0.13999999999999968,2.69,155600.66,83863.091,5.37,174232.14,5.7,173015.52,6.39,325610.03,6.52,317716.06,6.55,298041.48,6.07,281767.97,5.52,181421.41,6.03,216667.69,6.43,314508.13,5.88,274178.6,6.51,311183.77
311,002599.SZ,20240422,5.34,5.37,5.06,5.21,5.34,-0.1299999999999999,-2.43,147976.0,77837.105,5.3,187383.61,5.8,174856.75,6.4,328642.13,6.53,319088.11,6.56,299507.62,6.09,280906.96,5.61,181229.61,6.12,230686.13,6.47,326742.02,5.9,276075.24,6.52,312352.66
312,002599.SZ,20240419,5.53,5.54,5.33,5.34,5.52,-0.17999999999999972,-3.26,130708.03,70998.133,5.37,196414.11,5.91,182321.52,6.41,329747.97,6.54,318742.63,6.58,302684.45,6.1,280453.81,5.71,180286.31,6.22,235179.32,6.49,332585.02,5.92,276721.26,6.53,313445.63
313,002599.SZ,20240418,5.42,5.67,5.32,5.52,5.43,0.08999999999999986,1.66,206450.0,114567.203,5.5,205396.04,6.02,201566.06,6.42,332917.86,6.54,319000.34,6.59,303534.89,6.12,280209.45,5.82,181491.71,6.31,241663.1,6.51,340537.84,5.95,279166.0,6.54,314248.97
314,002599.SZ,20240417,4.96,5.45,4.93,5.43,5.01,0.41999999999999993,8.38,230426.0,122818.795,5.59,199847.48,6.12,199746.41,6.41,337810.8,6.55,318454.02,6.6,304290.03,6.14,279670.69,5.93,178800.37,6.39,251993.08,6.53,347666.88,5.98,281801.45,6.55,315072.76
315,002599.SZ,20240416,5.57,5.57,5.01,5.01,5.57,-0.5600000000000005,-10.05,221358.0,113583.722,5.68,188610.68,6.18,202775.78,6.42,338547.4,6.56,318478.68,6.61,304367.17,6.16,278273.77,6.06,180259.57,6.48,268654.68,6.54,348609.08,6.0,289554.17,6.56,315503.49
316,002599.SZ,20240415,5.89,5.96,5.46,5.57,5.97,-0.39999999999999947,-6.7,193128.53,109566.369,5.91,175075.62,6.3,211557.21,6.43,339177.67,6.57,317542.45,6.62,303965.6,6.18,277717.12,6.23,196212.47,6.6,278248.23,6.56,347416.29,6.04,288614.67,6.57,317185.5
317,002599.SZ,20240412,5.92,6.09,5.86,5.97,5.95,0.019999999999999574,0.34,175617.69,106037.53,6.04,164158.51,6.4,234438.97,6.43,339922.37,6.58,316919.78,6.63,303872.41,6.2,276856.57,6.35,195179.08,6.68,293014.39,6.56,348928.16,6.05,289534.93,6.59,319225.0
318,002599.SZ,20240411,5.87,6.21,5.79,5.95,5.89,0.0600000000000005,1.02,178707.2,107672.504,6.14,157587.38,6.49,254466.03,6.4,340974.0,6.58,316415.8,6.64,303741.5,6.22,277024.57,6.37,204598.1,6.76,319341.62,6.53,355501.24,6.07,293188.25,6.6,322858.93
319,002599.SZ,20240410,6.16,6.16,5.79,5.89,6.17,-0.28000000000000025,-4.54,174242.0,103873.669,6.27,157753.26,6.59,259014.69,6.37,343577.48,6.59,315759.09,6.64,303671.45,6.23,276377.58,6.44,220279.03,6.83,360428.21,6.52,358060.0,6.09,296790.69,6.61,327502.16
320,002599.SZ,20240409,6.26,6.35,6.09,6.17,6.23,-0.0600000000000005,-0.96,153682.68,95424.975,6.44,171908.46,6.68,265640.97,6.34,345215.91,6.59,315384.41,6.65,303807.7,6.25,276300.99,6.54,251913.98,6.88,381051.49,6.51,360344.85,6.11,305043.72,6.62,334546.62
321,002599.SZ,20240408,6.42,6.42,6.22,6.23,6.44,-0.20999999999999996,-3.26,138543.0,87946.362,6.54,217349.33,6.75,285592.26,6.3,347079.68,6.6,315530.37,6.66,305115.74,6.27,276704.42,6.64,280142.65,6.9,399498.23,6.49,362503.7,6.12,310421.82,6.63,339900.98
322,002599.SZ,20240403,6.63,6.63,6.42,6.44,6.63,-0.1899999999999995,-2.87,142762.0,93208.115,6.66,226199.65,6.84,318293.43,6.25,348883.97,6.6,315899.79,6.67,306891.18,6.29,278713.99,6.73,290072.32,6.88,408734.38,6.45,364931.38,6.13,311823.33,6.64,342515.86
323,002599.SZ,20240402,6.72,6.77,6.55,6.63,6.73,-0.10000000000000053,-1.49,179536.63,120347.87,6.61,251608.81,6.91,339098.57,6.18,350663.21,6.6,316306.63,6.67,309462.55,6.31,279787.78,6.8,301834.5,6.86,420060.9,6.4,369080.16,6.14,311000.07,6.64,343066.37
324,002599.SZ,20240401,6.68,6.82,6.63,6.73,6.68,0.05000000000000071,0.75,245018.0,165677.17,6.62,282804.79,6.95,362861.27,6.11,352601.19,6.6,317223.66,6.68,310524.07,6.31,279842.47,6.85,325185.78,6.83,432100.13,6.34,370760.55,6.14,309710.64,6.63,343674.14
325,002599.SZ,20240329,6.76,6.92,6.5,6.68,6.82,-0.14000000000000057,-2.05,380887.0,256950.506,6.65,331919.49,7.01,398026.23,6.03,350596.45,6.6,316631.17,6.69,312151.63,6.32,279644.23,6.91,357049.8,6.78,432783.83,6.27,369828.31,6.13,307647.35,6.63,345911.83
326,002599.SZ,20240328,6.23,6.82,6.23,6.82,6.2,0.6200000000000001,10.0,182794.6,121997.569,6.74,342935.98,7.06,445684.07,5.98,344356.75,6.6,314808.11,6.7,311454.42,6.33,277168.81,6.98,360283.98,6.72,423018.2,6.2,363795.04,6.13,302816.32,6.63,345900.67
327,002599.SZ,20240327,6.62,6.68,6.16,6.2,6.66,-0.45999999999999996,-6.91,269807.84,172844.004,6.8,353945.0,7.07,476754.3,5.92,343181.06,6.6,314785.49,6.71,311519.74,6.34,277516.33,7.01,390849.69,6.66,425802.7,6.11,364477.09,6.12,301669.58,6.62,345575.18
328,002599.SZ,20240326,6.81,6.92,6.52,6.66,6.87,-0.20999999999999996,-3.06,335516.5,225937.471,6.99,352060.18,7.09,496201.2,5.88,339917.8,6.6,313989.98,6.72,311196.56,6.36,277762.49,7.14,434085.15,6.61,430952.81,6.04,363664.43,6.13,299045.79,6.62,344574.44
329,002599.SZ,20240325,7.04,7.43,6.83,6.87,7.15,-0.28000000000000025,-3.92,490591.53,347506.01,7.08,367566.77,7.03,495258.85,5.84,333196.49,6.6,312917.7,6.73,311043.76,6.37,278335.62,7.2,500577.4,6.56,426950.49,5.96,358375.78,6.13,296221.23,6.62,342425.77
330,002599.SZ,20240322,7.12,7.36,7.12,7.15,7.14,0.010000000000000675,0.14,435969.44,317771.801,7.17,382180.1,6.97,485928.14,5.8,323144.83,6.61,310490.98,6.73,309335.24,6.38,274683.57,7.22,510189.0,6.49,414560.28,5.89,347647.3,6.13,290138.99,6.61,339047.3
331,002599.SZ,20240321,7.29,7.3,7.07,7.14,7.15,-0.010000000000000675,-0.14,237839.69,171799.46,7.22,377631.98,6.88,484724.44,5.76,314870.55,6.6,308676.57,6.74,307924.84,6.38,272282.34,7.15,518853.81,6.41,403684.22,5.82,337875.69,6.13,285866.32,6.6,336637.99
332,002599.SZ,20240320,7.06,7.21,7.03,7.15,7.11,0.040000000000000036,0.56,260383.74,186551.889,7.23,427754.39,6.77,486328.46,5.72,313901.21,6.6,308419.38,6.74,307436.64,6.38,271482.45,7.02,527396.44,6.31,402360.9,5.74,335242.93,6.13,284045.45,6.59,335578.24
333,002599.SZ,20240319,7.24,7.33,7.04,7.11,7.31,-0.1999999999999993,-2.74,413049.46,297644.127,7.29,516110.13,6.65,480573.9,5.68,311093.67,6.6,308594.55,6.75,306822.74,6.39,270582.45,6.92,538287.3,6.2,402702.99,5.68,330129.88,6.12,282842.68,6.59,334846.67
334,002599.SZ,20240318,7.16,7.42,6.79,7.31,7.4,-0.09000000000000075,-1.22,563658.16,401325.54,7.33,633588.03,6.53,467145.83,5.64,304308.02,6.6,308239.84,6.76,305986.51,6.4,268979.46,6.8,539014.48,6.09,393547.93,5.62,321322.73,6.13,278128.24,6.58,333920.97
335,002599.SZ,20240315,7.05,7.41,6.91,7.4,7.16,0.2400000000000002,3.35,413228.85,297835.842,7.28,638197.91,6.37,452465.2,5.59,294509.28,6.6,306421.92,6.76,303818.5,6.4,265471.16,6.65,508517.87,5.96,376217.57,5.57,307688.92,6.13,271542.23,6.57,332166.95
336,002599.SZ,20240314,7.29,7.64,6.92,7.16,7.45,-0.29000000000000004,-3.89,488451.72,355458.69,7.08,660075.64,6.24,440329.92,5.56,288036.25,6.6,306353.5,6.77,302767.48,6.4,265857.17,6.47,485752.43,5.81,365550.58,5.52,300744.03,6.13,267720.75,6.56,329541.94
337,002599.SZ,20240313,7.12,7.73,7.08,7.45,7.31,0.14000000000000057,1.92,702162.44,519930.239,6.81,627038.49,6.11,421432.66,5.54,281593.53,6.61,307717.46,6.78,301692.6,6.42,267979.61,6.3,460755.7,5.65,351290.79,5.47,289959.88,6.14,264400.91,6.56,326869.99
338,002599.SZ,20240312,7.06,7.75,6.76,7.31,7.06,0.25,3.54,1000438.99,722036.365,6.55,560464.48,5.96,384223.87,5.51,266433.97,6.61,304747.1,6.79,299859.68,6.43,273894.13,6.07,427820.47,5.49,328454.07,5.41,272632.38,6.14,256419.8,6.55,322083.47
339,002599.SZ,20240311,6.86,7.06,6.62,7.06,6.41,0.6499999999999995,10.14,586707.54,412407.131,6.28,444440.94,5.79,323526.51,5.5,245167.9,6.61,300119.54,6.8,297572.62,6.44,275569.67,5.92,353323.59,5.34,287274.97,5.36,246967.78,6.14,242806.45,6.54,315696.29
340,002599.SZ,20240308,5.81,6.41,5.77,6.41,5.83,0.5800000000000001,9.95,522617.49,326275.876,6.02,378837.83,5.63,298950.97,5.5,238634.65,6.61,297735.89,6.81,295979.75,6.44,272831.33,5.76,318931.56,5.22,266376.45,5.33,233849.06,6.15,236863.82,6.54,311528.23
341,002599.SZ,20240307,6.1,6.24,5.79,5.83,6.14,-0.3099999999999996,-5.05,323266.0,194164.882,5.86,311429.22,5.51,276437.96,5.52,243722.05,6.61,295172.52,6.83,296704.41,6.46,274624.02,5.67,288514.62,5.15,247386.63,5.33,225408.45,6.16,231407.37,6.54,308035.28
342,002599.SZ,20240306,5.78,6.15,5.78,6.14,5.95,0.1899999999999995,3.19,369292.36,222301.242,5.79,294472.91,5.42,268267.57,5.56,239066.81,6.62,294159.43,6.85,297981.54,6.49,285864.9,5.6,277325.36,5.1,239166.18,5.36,220857.49,6.19,229500.59,6.55,306200.11
343,002599.SZ,20240305,5.92,6.23,5.74,5.95,5.79,0.16000000000000014,2.76,420321.29,252086.482,5.6,295176.45,5.29,255236.54,5.57,235509.5,6.62,292660.82,6.86,298440.88,6.51,287673.43,5.48,267118.67,5.06,226051.17,5.39,217794.17,6.21,228150.22,6.55,303823.84
344,002599.SZ,20240304,5.61,5.89,5.6,5.79,5.58,0.20999999999999996,3.76,258692.0,149345.501,5.56,262206.24,5.14,238539.21,5.6,234759.39,6.63,290900.74,6.88,299425.01,6.52,288144.56,5.37,248081.38,5.04,212476.85,5.42,215936.03,6.24,227453.21,6.56,301323.56
345,002599.SZ,20240301,5.51,5.65,5.45,5.58,5.49,0.08999999999999986,1.64,185574.45,103370.646,5.51,259025.3,5.02,237518.91,5.63,238764.12,6.64,290474.18,6.9,302436.51,6.54,294428.91,5.26,243917.27,5.04,207274.45,5.47,230499.27,6.26,226753.14,6.57,300623.64
346,002599.SZ,20240229,5.07,5.52,5.07,5.49,5.19,0.2999999999999998,5.78,238484.45,128854.877,5.48,265600.03,4.92,236848.33,5.68,252994.99,6.65,291787.85,6.93,304940.91,6.57,297739.13,5.15,245348.73,5.05,208239.83,5.52,229813.05,6.29,227924.85,6.58,300675.02
347,002599.SZ,20240228,5.82,5.89,5.19,5.19,5.77,-0.5799999999999992,-10.05,372810.08,209052.009,5.41,260177.82,4.87,231483.15,5.73,259991.59,6.67,293177.48,6.95,307332.91,6.59,301259.7,5.0,241825.88,5.06,204561.97,5.55,230141.7,6.33,226914.24,6.59,300365.54
348,002599.SZ,20240227,5.5,5.82,5.43,5.77,5.5,0.2699999999999996,4.91,255470.2,145238.396,5.36,239060.89,4.85,213791.69,5.77,255574.64,6.68,294597.71,6.98,310076.84,6.62,302978.19,4.9,229087.68,5.08,195038.34,5.61,230875.27,6.37,223915.47,6.6,299855.37
349,002599.SZ,20240226,5.44,5.63,5.33,5.5,5.43,0.07000000000000028,1.29,242787.3,133838.39,5.18,233956.53,4.78,206359.91,5.8,250806.87,6.7,295316.21,7.01,313803.48,6.63,307498.54,4.76,221226.35,5.08,193789.88,5.65,235521.37,6.4,224538.06,6.61,299057.27
350,002599.SZ,20240223,5.17,5.45,5.16,5.43,5.15,0.27999999999999936,5.44,218448.12,116078.166,5.02,228809.24,4.76,195914.12,5.83,246671.09,6.72,297241.83,7.04,319129.44,6.65,312340.11,4.68,213821.33,5.12,191307.81,5.71,249742.58,6.43,225500.54,6.62,298020.43
351,002599.SZ,20240222,4.92,5.21,4.92,5.15,4.96,0.1900000000000004,3.83,211373.4,108072.763,4.82,225097.42,4.77,190559.27,5.86,243811.47,6.74,297551.62,7.07,322160.63,6.67,312886.3,4.63,206258.64,5.17,193855.37,5.76,258339.95,6.47,229229.39,6.63,297696.18
352,002599.SZ,20240221,4.82,5.17,4.76,4.96,4.87,0.08999999999999986,1.85,267225.43,133853.471,4.59,223473.94,4.82,186195.47,5.9,240271.81,6.76,297429.81,7.09,326451.89,6.68,312674.87,4.61,201007.0,5.24,192623.56,5.82,258715.29,6.52,236500.41,6.64,297228.51
353,002599.SZ,20240220,4.69,4.93,4.61,4.87,4.69,0.17999999999999972,3.84,229948.39,111849.6,4.44,219114.47,4.89,181399.82,5.94,235764.89,6.78,297068.46,7.11,328623.14,6.7,311807.21,4.64,184983.66,5.34,193131.92,5.87,252919.97,6.58,251142.52,6.66,296510.87
354,002599.SZ,20240219,4.63,4.84,4.55,4.69,4.42,0.27000000000000046,6.11,217050.88,102462.509,4.33,208496.18,4.95,176398.19,6.0,232307.02,6.8,297622.24,7.13,332920.86,6.72,312377.05,4.7,176872.33,5.45,199863.35,5.93,248660.73,6.63,266078.45,6.67,295770.84
355,002599.SZ,20240208,4.08,4.43,3.99,4.42,4.03,0.3899999999999997,9.68,199889.0,85209.653,4.35,198833.42,5.02,173727.93,6.06,230806.78,6.83,297516.7,7.15,334753.32,6.75,314312.63,4.81,170631.64,5.57,223790.26,5.99,245466.4,6.68,268816.46,6.69,295417.86
356,002599.SZ,20240207,4.26,4.32,3.96,4.03,4.21,-0.17999999999999972,-4.28,203256.0,84583.024,4.44,187419.86,5.12,176082.69,6.13,228623.49,6.85,297500.88,7.17,336990.02,6.78,315592.34,4.95,171130.95,5.71,222045.21,6.06,241837.6,6.73,276436.14,6.71,295425.49
357,002599.SZ,20240206,4.08,4.41,3.88,4.21,4.3,-0.08999999999999986,-2.09,245428.1,100428.271,4.62,178540.06,5.29,175305.0,6.21,227927.99,6.88,297168.08,7.19,339490.99,6.81,316604.01,5.12,167298.07,5.83,224299.6,6.14,238862.07,6.79,292487.41,6.74,296111.77
358,002599.SZ,20240205,4.74,4.74,4.3,4.3,4.78,-0.4800000000000004,-10.04,176856.91,77354.686,4.83,150852.85,5.46,177148.93,6.3,224491.5,6.91,296551.47,7.21,340236.31,6.83,316359.76,5.26,160988.99,5.96,231769.07,6.22,234427.15,6.85,296812.47,6.76,297082.95
359,002599.SZ,20240202,4.98,5.08,4.47,4.78,4.9,-0.1200000000000001,-2.45,168737.08,81252.303,5.06,145248.47,5.65,177908.96,6.38,224825.65,6.93,297210.29,7.22,340487.26,6.86,318072.4,5.4,166353.4,6.1,242668.87,6.3,234066.69,6.9,301459.12,6.79,298124.79
360,002599.SZ,20240201,4.94,5.02,4.77,4.9,4.93,-0.02999999999999936,-0.61,142821.2,70584.625,5.27,142429.86,5.81,186267.08,6.45,223691.69,6.96,297408.39,7.24,341191.21,6.89,319584.1,5.55,168794.29,6.22,267703.21,6.37,232630.69,6.94,310813.81,6.81,300080.13
361,002599.SZ,20240131,5.29,5.37,4.93,4.93,5.24,-0.3100000000000005,-5.92,158857.0,81891.916,5.46,154842.03,5.98,203325.22,6.53,224446.89,6.98,298052.73,7.25,341846.4,6.91,323322.46,5.7,181452.09,6.33,284380.6,6.44,233856.95,6.98,315664.14,6.83,304597.13
362,002599.SZ,20240130,5.46,5.49,5.24,5.24,5.47,-0.22999999999999954,-4.2,106992.08,57493.746,5.61,156056.07,6.14,244612.31,6.6,225184.63,7.01,299080.09,7.26,342105.66,6.94,327042.61,5.88,184240.12,6.42,287569.43,6.51,232847.96,7.02,321391.97,6.86,305560.24
363,002599.SZ,20240129,5.81,5.85,5.47,5.47,5.82,-0.35000000000000053,-6.01,148835.0,83665.357,5.69,171125.13,6.29,249073.53,6.68,230545.48,7.03,301062.08,7.27,342384.58,6.97,333771.9,6.04,201280.18,6.49,286888.13,6.57,235555.49,7.05,327970.39,6.87,307452.56
364,002599.SZ,20240126,5.84,5.95,5.78,5.82,5.85,-0.02999999999999936,-0.51,154644.0,91136.284,5.74,187458.33,6.36,256728.05,6.74,232735.51,7.06,304291.88,7.28,342285.82,6.99,341599.37,6.2,222854.38,6.55,284554.93,6.63,234933.74,7.08,335398.08,6.89,308241.12
365,002599.SZ,20240125,5.67,5.86,5.58,5.85,5.66,0.1899999999999995,3.36,204882.08,117801.379,5.83,195158.73,6.44,275202.93,6.78,233588.27,7.08,305422.92,7.28,342129.51,7.01,353131.82,6.33,276948.89,6.58,282883.78,6.68,235395.54,7.09,342919.1,6.9,308231.52
366,002599.SZ,20240124,5.65,5.73,5.42,5.66,5.64,0.020000000000000462,0.35,164927.2,92742.046,5.94,208062.16,6.53,289816.08,6.83,234331.45,7.11,308479.88,7.29,342429.13,7.03,361016.14,6.46,272959.48,6.61,277190.93,6.74,234697.47,7.1,343827.93,6.9,308002.34
367,002599.SZ,20240123,5.72,5.79,5.55,5.64,5.74,-0.10000000000000053,-1.74,182337.38,103232.404,6.15,212424.16,6.66,328623.51,6.88,235222.72,7.13,311078.3,7.3,343424.39,7.05,364848.16,6.54,281301.14,6.65,274644.07,6.81,238841.93,7.12,344337.75,6.92,307907.06
368,002599.SZ,20240122,6.34,6.34,5.65,5.74,6.27,-0.5299999999999994,-8.45,230501.0,138583.879,6.4,231435.22,6.77,351241.33,6.93,236002.77,7.15,312915.69,7.31,343795.89,7.06,365201.3,6.66,302549.14,6.7,271146.23,6.87,240207.22,7.13,344667.98,6.93,307778.15
369,002599.SZ,20240119,6.41,6.66,6.27,6.27,6.41,-0.14000000000000057,-2.18,193145.99,124627.106,6.67,258250.43,6.85,350636.15,6.98,237701.85,7.17,315388.87,7.32,343469.07,7.07,365494.21,6.79,318984.35,6.75,267923.33,6.92,238645.12,7.14,345371.07,6.94,307501.21
370,002599.SZ,20240118,6.52,6.67,6.26,6.41,6.68,-0.2699999999999996,-4.04,269399.21,173444.533,6.82,358739.05,6.87,342960.76,7.02,243153.47,7.2,319378.39,7.33,344449.88,7.07,369766.14,6.89,366612.13,6.78,264548.88,6.96,239878.59,7.15,348188.95,6.95,309014.52
371,002599.SZ,20240117,6.93,6.93,6.66,6.68,6.89,-0.20999999999999996,-3.05,186737.22,126825.78,6.97,337856.81,6.89,330097.06,7.04,241603.14,7.22,321735.46,7.34,346185.73,7.07,371234.79,6.96,387309.1,6.8,260059.37,6.99,237406.29,7.15,348630.09,6.96,310424.46
372,002599.SZ,20240116,7.05,7.08,6.76,6.89,7.08,-0.1900000000000004,-2.68,277392.69,191766.523,6.93,350178.12,6.87,325057.35,7.06,243636.66,7.24,324902.1,7.34,348468.12,7.06,370661.43,6.96,390898.75,6.82,257151.88,7.01,238143.69,7.14,350169.99,6.96,313679.33
373,002599.SZ,20240115,7.01,7.27,7.01,7.08,7.06,0.020000000000000462,0.28,364577.06,259997.657,6.92,373663.05,6.84,310721.37,7.08,240708.87,7.26,328785.02,7.35,350836.19,7.05,368959.11,6.93,372496.08,6.83,252693.15,7.04,238506.26,7.13,349331.93,6.97,314358.84
374,002599.SZ,20240112,7.56,7.57,7.04,7.06,7.14,-0.08000000000000007,-1.12,695589.07,512085.075,6.91,379718.26,6.79,291445.44,7.1,235659.07,7.29,332400.96,7.36,354105.37,7.04,365133.77,6.89,346255.48,6.84,240973.42,7.05,238970.39,7.12,348344.07,6.99,315654.67
375,002599.SZ,20240111,6.47,7.14,6.47,7.14,6.49,0.6499999999999995,10.02,164988.0,117795.68,6.96,374485.2,6.75,246583.26,7.11,223813.08,7.31,335507.11,7.36,355483.23,7.03,356994.91,6.83,288818.67,6.86,214618.87,7.06,223007.02,7.11,341452.82,7.0,312050.24
376,002599.SZ,20240110,6.73,6.76,6.43,6.49,6.84,-0.34999999999999964,-5.12,248343.79,163686.718,6.94,436761.4,6.72,246664.41,7.13,227799.78,7.33,339435.79,7.37,359324.75,7.01,356753.11,6.76,281422.37,6.88,215566.47,7.06,226036.65,7.11,345756.33,7.0,312290.62
377,002599.SZ,20240109,7.0,7.19,6.56,6.84,7.01,-0.16999999999999993,-2.43,394817.35,274170.593,6.99,431619.38,6.76,237226.97,7.17,233500.82,7.35,344215.33,7.37,361337.41,7.01,354917.45,6.76,267986.99,6.94,217612.33,7.1,223686.79,7.12,348915.06,7.02,312014.34
378,002599.SZ,20240108,7.24,7.33,7.0,7.01,7.32,-0.3100000000000005,-4.23,394853.08,283410.844,6.94,371329.11,6.76,220672.48,7.2,240936.64,7.36,345877.48,7.37,363979.36,7.0,351954.5,6.73,239743.33,6.97,209036.26,7.13,216955.67,7.13,352529.6,7.03,311304.98
379,002599.SZ,20240105,6.89,7.55,6.86,7.32,7.05,0.27000000000000046,3.83,669423.79,488159.615,6.87,312792.69,6.77,200190.51,7.24,263021.89,7.37,349776.16,7.37,365635.39,6.99,350715.99,6.7,216862.32,6.98,198475.51,7.15,213554.75,7.13,358213.63,7.03,309696.64
380,002599.SZ,20240104,6.63,7.42,6.61,7.05,6.75,0.2999999999999998,4.44,476368.99,337634.537,6.71,203152.14,6.75,163174.68,7.26,276453.67,7.38,348785.27,7.36,365473.48,6.98,346499.36,6.67,162485.64,6.99,176511.82,7.16,201258.49,7.13,364049.53,7.04,305764.87
381,002599.SZ,20240103,6.61,6.88,6.56,6.75,6.58,0.16999999999999993,2.58,222633.69,151128.603,6.59,126083.34,6.77,136544.96,7.28,273658.46,7.39,349490.29,7.36,366547.34,6.97,341457.47,6.65,132809.64,7.01,162454.89,7.18,200118.83,7.14,369380.14,7.05,303089.57
382,002599.SZ,20240102,6.67,6.71,6.57,6.58,6.63,-0.04999999999999982,-0.75,93366.0,62172.202,6.52,104354.6,6.82,132380.67,7.3,286435.98,7.39,352290.89,7.35,367643.55,6.97,340726.59,6.69,123405.01,7.04,161766.15,7.22,214285.53,7.14,373208.39,7.06,302539.58
383,002599.SZ,20231229,6.52,6.66,6.5,6.63,6.52,0.11000000000000032,1.69,102171.0,67924.278,6.52,108157.54,6.89,139347.9,7.34,317993.81,7.39,354221.59,7.35,369040.05,6.96,341185.44,6.73,132890.21,7.09,171511.35,7.28,249365.06,7.14,375132.68,7.07,304025.93
384,002599.SZ,20231228,6.43,6.56,6.38,6.52,6.45,0.0699999999999994,1.09,121221.0,79204.358,6.54,120931.94,6.97,153739.43,7.37,329839.72,7.39,355034.76,7.35,369847.58,6.96,342942.85,6.8,135691.37,7.14,185327.85,7.33,283496.17,7.13,377637.64,7.09,304818.37
385,002599.SZ,20231227,6.42,6.48,6.36,6.45,6.41,0.040000000000000036,0.62,91025.0,58861.876,6.63,121819.14,7.05,161591.36,7.38,339676.04,7.4,356190.9,7.34,370034.48,6.96,342480.45,6.89,140419.07,7.17,190101.2,7.36,292166.53,7.13,384176.31,7.1,305771.58
386,002599.SZ,20231226,6.61,6.64,6.39,6.41,6.61,-0.20000000000000018,-3.03,113990.0,74182.962,6.72,139535.95,7.11,168715.44,7.41,358469.96,7.4,357319.54,7.34,370574.9,6.97,342646.3,7.0,149710.57,7.22,198343.8,7.4,311034.67,7.13,388985.03,7.12,307569.68
387,002599.SZ,20231225,6.7,6.77,6.58,6.61,6.72,-0.10999999999999943,-1.64,112380.7,74997.827,6.85,142455.43,7.19,177650.82,7.44,367877.35,7.4,357935.38,7.34,371194.15,6.97,342500.37,7.12,167237.67,7.27,201536.69,7.45,346112.75,7.12,389480.78,7.14,309889.75
388,002599.SZ,20231222,6.97,7.01,6.69,6.72,6.97,-0.25,-3.59,166043.0,114107.716,6.94,157622.89,7.25,184023.88,7.45,379352.24,7.4,358225.3,7.33,372449.23,6.97,342123.83,7.21,178329.2,7.32,205561.85,7.48,359197.79,7.12,390103.08,7.16,314069.3
389,002599.SZ,20231221,6.87,6.99,6.82,6.97,6.89,0.08000000000000007,1.16,125657.0,87453.683,7.06,150450.81,7.3,187317.41,7.47,389224.41,7.4,357989.89,7.33,374111.86,6.97,341513.76,7.26,180088.7,7.37,211900.96,7.49,368851.56,7.11,388630.3,7.18,315331.55
390,002599.SZ,20231220,7.06,7.11,6.89,6.89,7.08,-0.1900000000000004,-2.68,179609.03,125954.595,7.14,159019.0,7.35,199826.11,7.47,403013.8,7.4,358007.75,7.33,377042.95,6.97,342167.68,7.32,190538.0,7.41,220644.91,7.51,388996.93,7.09,387955.6,7.2,319660.12
391,002599.SZ,20231219,6.94,7.25,6.94,7.08,7.03,0.04999999999999982,0.71,128587.4,91545.704,7.27,159885.2,7.4,215125.49,7.47,415551.93,7.41,358534.89,7.33,377343.3,6.97,342329.43,7.37,192100.14,7.44,233773.42,7.52,397471.33,7.08,387409.66,7.22,322655.87
392,002599.SZ,20231218,7.28,7.3,6.99,7.03,7.32,-0.29000000000000004,-3.96,188218.0,134586.204,7.39,192019.9,7.41,221902.45,7.45,419399.72,7.41,359955.31,7.32,377864.87,6.96,343299.55,7.39,200127.3,7.49,259725.8,7.53,409935.99,7.06,387111.03,7.23,325308.65
393,002599.SZ,20231215,7.46,7.46,7.24,7.32,7.4,-0.08000000000000007,-1.08,130182.6,95916.875,7.49,199035.5,7.43,227106.99,7.43,419614.37,7.41,360350.46,7.32,378439.48,6.95,344944.51,7.45,210132.5,7.56,307602.48,7.53,420385.29,7.05,386850.66,7.25,328628.83
394,002599.SZ,20231214,7.53,7.6,7.37,7.4,7.54,-0.13999999999999968,-1.86,168497.99,126475.535,7.47,209726.59,7.45,230773.55,7.41,421731.09,7.41,360663.55,7.31,379649.16,6.95,345338.06,7.48,234964.34,7.59,357398.57,7.52,435862.41,7.03,389713.7,7.27,333940.95
395,002599.SZ,20231213,7.6,7.7,7.52,7.54,7.64,-0.09999999999999964,-1.31,183940.0,140286.612,7.49,222056.99,7.47,232649.38,7.38,424795.45,7.41,361985.82,7.31,380457.51,6.94,344669.63,7.46,239783.32,7.6,368040.25,7.5,450442.65,7.02,392791.68,7.29,337610.27
396,002599.SZ,20231212,7.52,7.71,7.47,7.64,7.54,0.09999999999999964,1.33,289260.93,221853.13,7.46,224315.07,7.47,241025.17,7.35,430038.95,7.41,364616.49,7.3,381947.41,6.93,344610.94,7.43,246977.02,7.61,391696.72,7.47,452958.4,7.0,391363.13,7.31,341433.55
397,002599.SZ,20231211,7.2,7.54,7.18,7.54,7.24,0.2999999999999998,4.14,223296.0,166312.398,7.39,208234.69,7.48,241892.48,7.32,430233.26,7.41,366583.16,7.29,383377.24,6.92,342824.17,7.42,235835.72,7.61,435550.29,7.43,449833.56,6.98,389339.08,7.33,345994.15
398,002599.SZ,20231208,7.51,7.56,7.24,7.24,7.51,-0.2699999999999996,-3.6,183638.03,135658.348,7.42,221229.49,7.49,258729.65,7.29,431875.48,7.42,369738.02,7.28,384542.44,6.9,342261.67,7.43,232794.5,7.62,449632.09,7.39,449128.74,6.96,387747.14,7.35,351510.62
399,002599.SZ,20231207,7.36,7.65,7.31,7.51,7.37,0.13999999999999968,1.9,230150.0,173648.678,7.48,260202.08,7.55,294421.72,7.25,433154.04,7.42,374831.3,7.28,385380.78,6.9,341695.09,7.47,243713.23,7.61,463232.98,7.37,452097.02,6.95,388586.12,7.38,359504.26
400,002599.SZ,20231206,7.26,7.41,7.14,7.37,7.31,0.0600000000000005,0.82,195230.4,142974.099,7.42,257509.65,7.61,364852.62,7.22,435364.49,7.43,379680.59,7.27,388362.22,6.89,340955.68,7.49,250751.83,7.6,488226.4,7.34,456499.31,6.93,386192.64,7.4,363675.67
401,002599.SZ,20231205,7.59,7.65,7.31,7.31,7.66,-0.35000000000000053,-4.57,208859.0,156312.546,7.41,269638.97,7.66,436458.31,7.2,437919.89,7.43,383979.02,7.27,391426.09,6.89,341030.0,7.52,275446.71,7.6,500156.93,7.31,459853.88,6.92,384663.19,7.42,369853.72
402,002599.SZ,20231204,7.65,7.77,7.57,7.66,7.55,0.11000000000000032,1.46,288270.0,222050.476,7.45,263436.76,7.68,449725.44,7.18,444223.99,7.43,386615.29,7.26,396683.33,6.89,342053.33,7.59,319324.3,7.59,514840.33,7.28,462196.3,6.91,382899.63,7.43,373397.95
403,002599.SZ,20231201,7.22,7.64,7.2,7.55,7.2,0.34999999999999964,4.86,378501.0,284667.075,7.45,244359.51,7.68,478094.63,7.17,448623.94,7.43,390455.82,7.26,401224.0,6.88,343036.0,7.66,405072.46,7.57,525511.68,7.23,460157.6,6.9,379497.46,7.44,378964.57
404,002599.SZ,20231130,7.29,7.38,7.13,7.2,7.32,-0.1200000000000001,-1.64,216687.86,157513.851,7.46,227224.37,7.69,538697.02,7.16,455482.42,7.42,392512.92,7.25,407495.4,6.88,342014.35,7.71,479832.8,7.55,536311.45,7.19,457717.74,6.88,375193.92,7.44,380199.85
405,002599.SZ,20231129,7.49,7.51,7.21,7.32,7.54,-0.21999999999999975,-2.92,255877.0,188733.4,7.57,243994.0,7.73,560869.65,7.16,470753.22,7.41,395466.89,7.25,408859.27,6.88,344503.55,7.75,496297.19,7.53,555772.32,7.17,459898.61,6.88,374494.13,7.45,383209.88
406,002599.SZ,20231128,7.66,7.67,7.49,7.54,7.65,-0.11000000000000032,-1.44,177847.95,135224.653,7.63,281254.44,7.71,576237.26,7.16,493215.0,7.41,398258.39,7.25,412240.6,6.88,350223.34,7.78,536416.43,7.49,555949.08,7.15,465476.0,6.87,373425.18,7.45,386293.57
407,002599.SZ,20231127,7.47,7.68,7.43,7.65,7.58,0.07000000000000028,0.92,192883.76,147473.242,7.73,375211.83,7.7,618711.91,7.16,511402.0,7.4,399855.93,7.24,415495.98,6.89,351511.12,7.79,635264.85,7.43,556832.48,7.14,474143.34,6.85,373816.83,7.44,387906.4
408,002599.SZ,20231124,7.68,7.86,7.49,7.58,7.74,-0.16000000000000014,-2.07,292825.3,226140.194,7.87,565785.41,7.67,637247.08,7.14,519032.73,7.38,400803.77,7.22,414637.7,6.88,353393.6,7.8,666469.67,7.37,557295.86,7.12,488103.52,6.83,375795.26,7.44,388126.27
409,002599.SZ,20231123,7.68,7.78,7.57,7.74,7.65,0.08999999999999986,1.18,300535.99,231885.413,7.96,732441.23,7.64,653377.98,7.1,516562.08,7.37,400427.52,7.21,413277.36,6.87,352735.42,7.75,682752.74,7.31,556288.91,7.12,502872.52,6.81,373576.49,7.43,388083.6
410,002599.SZ,20231122,7.96,7.96,7.65,7.65,8.03,-0.379999999999999,-4.73,442179.2,344978.104,7.93,748600.37,7.6,668851.9,7.06,515148.34,7.36,399401.62,7.19,411908.94,6.86,350774.84,7.72,725700.98,7.26,559373.05,7.1,526840.56,6.8,370540.32,7.42,387692.04
411,002599.SZ,20231121,8.2,8.26,7.95,8.03,8.35,-0.3200000000000003,-3.83,647634.9,525394.695,7.93,791578.41,7.56,680568.6,7.02,517247.22,7.35,397597.29,7.18,409849.8,6.85,347244.19,7.68,724867.16,7.2,552057.47,7.1,538641.46,6.79,366162.97,7.42,385696.14
412,002599.SZ,20231120,8.06,8.79,7.85,8.35,8.04,0.3100000000000005,3.86,1145751.67,945570.034,7.86,895317.87,7.46,677358.64,6.98,509362.31,7.33,394618.18,7.17,406421.74,6.84,340655.64,7.6,710356.37,7.12,533632.3,7.06,532131.25,6.76,357956.61,7.41,381583.59
413,002599.SZ,20231117,7.59,8.32,7.48,8.04,7.57,0.46999999999999886,6.21,1126104.39,908732.416,7.74,767153.93,7.32,609178.68,6.91,479891.23,7.32,388914.97,7.15,400158.73,6.82,327603.86,7.48,645950.9,7.01,487700.17,6.99,500900.3,6.74,341879.22,7.39,373136.86
414,002599.SZ,20231116,7.54,7.71,7.46,7.57,7.67,-0.09999999999999964,-1.3,381331.7,291790.179,7.54,633064.25,7.2,537594.96,6.86,451174.02,7.31,384199.16,7.13,394076.6,6.81,315219.38,7.38,592790.09,6.92,446660.21,6.93,471779.12,6.72,325463.23,7.38,364821.23
415,002599.SZ,20231115,7.61,7.85,7.55,7.67,7.67,0.0,0.0,657069.41,506992.51,7.51,702801.59,7.11,523811.85,6.81,442242.97,7.3,385863.61,7.12,392241.6,6.8,315131.52,7.31,615247.45,6.88,441699.33,6.89,476186.09,6.71,322019.27,7.38,363772.78
416,002599.SZ,20231114,7.95,8.15,7.57,7.67,7.74,-0.07000000000000028,-0.9,1166332.17,915535.265,7.42,658155.91,7.02,494243.92,6.76,425422.54,7.29,382900.4,7.11,389160.48,6.8,312218.49,7.19,575481.74,6.83,430005.78,6.86,466935.38,6.7,314414.84,7.38,361073.26
417,002599.SZ,20231113,7.17,7.74,7.17,7.74,7.04,0.7000000000000002,9.94,504931.98,382965.307,7.33,525394.87,6.94,432389.05,6.72,395437.86,7.28,376305.96,7.1,383282.62,6.8,304365.03,7.06,478400.12,6.81,393582.58,6.8,432848.81,6.69,299736.12,7.37,353396.49
418,002599.SZ,20231110,7.21,7.29,6.99,7.04,7.41,-0.3700000000000001,-4.99,455656.0,324681.51,7.21,524747.87,6.84,416307.17,6.68,383841.9,7.27,374780.92,7.09,381312.41,6.81,302418.39,6.94,448122.05,6.78,398920.44,6.75,421008.38,6.68,297353.43,7.37,350649.29
419,002599.SZ,20231109,7.27,7.98,7.26,7.41,7.26,0.15000000000000036,2.07,730018.39,556486.751,7.23,552515.93,6.79,402728.37,6.65,375516.61,7.27,373940.39,7.08,380110.19,6.83,303277.32,6.88,429825.08,6.8,412932.4,6.72,408409.04,6.68,294790.45,7.38,349843.02
420,002599.SZ,20231108,7.17,7.44,7.09,7.26,7.21,0.04999999999999982,0.69,433840.99,316009.884,7.11,527693.31,6.69,364043.03,6.62,362926.79,7.26,370989.62,7.07,376514.12,6.84,297051.18,6.8,393045.12,6.79,427410.36,6.67,386914.26,6.68,289346.44,7.38,348449.18
421,002599.SZ,20231107,7.03,7.34,7.02,7.21,7.15,0.05999999999999961,0.84,502527.0,363603.744,6.96,492807.57,6.62,354155.66,6.59,360554.31,7.25,371002.76,7.06,374646.46,6.85,293851.09,6.72,379247.78,6.81,445528.61,6.63,377347.99,6.69,293530.11,7.38,349604.35
422,002599.SZ,20231106,7.02,7.29,6.91,7.15,7.12,0.03000000000000025,0.42,501696.96,357203.115,6.8,431405.37,6.58,337200.81,6.57,348663.13,7.24,371199.81,7.05,372845.91,6.86,290019.93,6.64,356908.24,6.79,443018.69,6.6,364286.07,6.7,289728.52,7.39,351063.26
423,002599.SZ,20231103,6.76,7.35,6.75,7.12,6.8,0.3200000000000003,4.71,594496.3,422837.064,6.67,371496.24,6.55,331162.47,6.55,338843.16,7.24,370633.97,7.05,371139.27,6.87,287459.89,6.54,329449.44,6.75,428375.0,6.57,353316.04,6.7,286934.74,7.4,354524.7
424,002599.SZ,20231102,6.55,7.16,6.53,6.8,6.52,0.28000000000000025,4.29,605905.3,416005.424,6.53,307134.24,6.55,319114.15,6.53,325116.21,7.23,368764.68,7.04,370234.6,6.88,282224.63,6.46,300530.33,6.71,411273.63,6.54,343564.99,6.7,281084.16,7.41,357307.62
425,002599.SZ,20231101,6.38,6.61,6.33,6.52,6.4,0.11999999999999922,1.87,259412.28,170445.945,6.49,258396.94,6.59,319559.07,6.52,314177.14,7.23,369654.31,7.03,367341.84,6.89,276780.71,6.45,268151.2,6.69,406655.42,6.53,335140.7,6.7,273543.94,7.41,359043.45
426,002599.SZ,20231031,6.43,6.64,6.33,6.4,6.49,-0.08999999999999986,-1.39,195516.0,127154.938,6.48,265687.99,6.66,356211.6,6.52,309092.69,7.23,372804.39,7.03,366560.25,6.92,275392.99,6.48,284529.83,6.69,412662.2,6.52,329767.86,6.7,272176.75,7.42,361785.7
427,002599.SZ,20231030,6.34,6.53,6.31,6.49,6.42,0.07000000000000028,1.09,202151.3,130762.624,6.48,282411.11,6.72,419600.94,6.53,306385.27,7.23,379067.01,7.02,366033.29,6.94,274874.58,6.55,308765.04,6.67,410073.15,6.53,328844.59,6.72,271476.37,7.43,367167.29
428,002599.SZ,20231027,6.49,6.55,6.32,6.42,6.62,-0.20000000000000018,-3.02,272686.3,175812.031,6.41,287402.65,6.81,465297.46,6.54,303470.38,7.23,384994.03,7.02,365683.33,6.96,275802.26,6.63,349718.83,6.66,407451.54,6.52,326365.54,6.72,270888.33,7.43,371105.39
429,002599.SZ,20231026,6.39,6.79,6.35,6.62,6.48,0.13999999999999968,2.16,362218.81,239850.33,6.4,293926.43,6.84,479116.11,6.55,297924.9,7.24,393089.05,7.01,365165.46,6.99,274796.63,6.72,396039.72,6.64,397701.02,6.53,325075.23,6.74,269631.36,7.43,374183.5
430,002599.SZ,20231025,6.38,6.56,6.32,6.48,6.4,0.08000000000000007,1.25,295867.53,191467.224,6.41,277905.47,6.82,467316.43,6.55,290809.3,7.24,393679.06,7.01,364169.7,7.01,273108.47,6.78,461775.59,6.61,383848.83,6.53,315885.97,6.75,269840.08,7.42,376647.11
431,002599.SZ,20231024,6.14,6.52,6.12,6.4,6.14,0.2600000000000007,4.23,279131.6,179183.741,6.47,303371.67,6.81,463978.09,6.56,287245.56,7.24,397369.72,7.01,363604.74,7.04,273254.18,6.89,511809.43,6.59,376398.1,6.53,309472.51,6.77,272218.82,7.42,377580.67
432,002599.SZ,20231023,6.31,6.41,6.09,6.14,6.35,-0.20999999999999996,-3.31,227109.0,142216.74,6.61,335118.97,6.8,482009.58,6.57,284675.23,7.24,400486.91,7.0,363485.65,7.08,274764.42,6.95,529129.15,6.58,367974.99,6.55,303602.95,6.79,277188.68,7.42,377999.35
433,002599.SZ,20231020,6.73,6.86,6.33,6.35,6.7,-0.35000000000000053,-5.22,305305.2,200797.12,6.85,412035.02,6.84,493735.66,6.58,283917.52,7.23,399241.95,7.0,364359.06,7.11,279921.98,6.96,527300.55,6.59,365249.34,6.57,298837.32,6.82,279385.75,7.41,378095.48
434,002599.SZ,20231019,6.65,6.9,6.61,6.7,6.76,-0.05999999999999961,-0.89,282114.0,191382.144,7.04,498153.02,6.81,481307.18,6.58,284102.35,7.22,397558.78,7.0,364736.04,7.15,280084.75,6.96,522016.93,6.58,365082.32,6.58,292670.09,6.85,282965.27,7.41,376824.65
435,002599.SZ,20231018,7.03,7.11,6.72,6.76,7.12,-0.3600000000000003,-5.06,423198.53,289883.408,7.15,645645.71,6.77,471122.95,6.59,280501.91,7.21,396080.71,6.99,365794.69,7.19,284924.36,6.92,545159.63,6.57,368635.45,6.58,289089.65,6.88,282647.67,7.4,375993.34
436,002599.SZ,20231017,7.18,7.46,7.03,7.12,7.3,-0.17999999999999972,-2.47,437868.1,317206.156,7.32,720247.2,6.71,444544.29,6.59,271536.25,7.2,393795.89,6.99,367325.85,7.22,286469.71,6.91,540794.58,6.55,352386.87,6.58,281374.36,6.9,278824.92,7.4,374288.71
437,002599.SZ,20231016,7.21,7.42,7.05,7.3,7.34,-0.040000000000000036,-0.54,611689.28,443225.475,7.28,723139.34,6.63,417414.05,6.58,263938.3,7.19,391229.4,6.98,367270.54,7.24,286590.42,6.79,511381.27,6.52,338884.36,6.56,273490.32,6.92,275113.62,7.39,373343.89
438,002599.SZ,20231013,7.25,7.51,7.07,7.34,7.23,0.10999999999999943,1.52,735895.18,537686.598,7.07,642566.08,6.54,381657.41,6.56,250513.72,7.18,387587.83,6.97,364377.56,7.26,286256.42,6.69,465184.24,6.47,314688.9,6.53,263487.0,6.93,270080.37,7.38,371971.7
439,002599.SZ,20231012,7.86,7.87,7.14,7.23,7.61,-0.3799999999999999,-4.99,1019577.45,758424.264,6.87,545880.84,6.46,333563.12,6.54,234196.45,7.17,383159.56,6.96,361139.33,7.29,286679.64,6.55,399362.32,6.43,289592.98,6.51,244280.47,6.94,261179.65,7.38,371014.35
440,002599.SZ,20231011,6.98,7.61,6.94,7.61,6.91,0.7000000000000002,10.13,796205.99,579487.708,6.7,444673.55,6.38,268410.7,6.54,208360.2,7.15,376573.72,6.95,356851.89,7.33,281202.84,6.43,305922.08,6.4,242941.15,6.5,214240.08,6.95,247480.22,7.37,364437.6
441,002599.SZ,20231010,6.31,6.91,6.25,6.91,6.28,0.6299999999999999,10.03,452328.78,304095.444,6.49,361341.96,6.28,230392.14,6.51,190080.44,7.14,371991.45,6.93,353318.64,7.36,279156.53,6.28,240986.77,6.35,208304.04,6.47,193684.47,6.95,236799.0,7.36,359608.66
442,002599.SZ,20231009,6.33,6.35,6.19,6.28,6.33,-0.04999999999999982,-0.79,208823.0,131421.495,6.31,299623.21,6.24,222765.05,6.52,182682.65,7.13,370051.49,6.93,352199.83,7.4,284279.25,6.22,206820.84,6.35,190839.86,6.46,183781.97,6.98,231870.77,7.35,358216.97
443,002599.SZ,20230928,6.37,6.41,6.31,6.33,6.35,-0.019999999999999574,-0.31,252469.0,161277.785,6.3,287802.41,6.25,214257.66,6.55,184941.07,7.13,369795.54,6.92,351833.64,7.45,293298.58,6.22,203198.14,6.37,184605.7,6.48,182858.14,7.01,232919.18,7.35,359265.27
444,002599.SZ,20230927,6.59,6.59,6.32,6.35,6.6,-0.25,-3.79,513541.0,330734.596,6.23,252843.8,6.25,207746.05,6.57,188161.69,7.13,369795.62,6.91,350811.04,7.51,305170.66,6.21,208147.71,6.39,177996.67,6.5,179147.34,7.04,231999.1,7.35,359703.93
445,002599.SZ,20230926,5.98,6.6,5.96,6.6,6.0,0.5999999999999996,10.0,379548.03,244206.09,6.17,167170.6,6.26,178072.12,6.6,181936.29,7.13,367078.55,6.9,348274.93,7.56,308066.36,6.22,192111.26,6.41,161054.65,6.52,167852.44,7.08,227366.85,7.35,359055.54
446,002599.SZ,20230925,6.21,6.22,5.98,6.0,6.21,-0.20999999999999996,-3.38,143735.0,87527.03,6.07,120631.58,6.25,166874.33,6.62,182637.16,7.12,365263.68,6.89,346539.54,7.59,315493.67,6.19,163979.16,6.42,151664.26,6.54,161894.31,7.11,226154.32,7.35,360316.82
447,002599.SZ,20230922,5.97,6.21,5.96,6.21,6.0,0.20999999999999996,3.5,149719.0,92510.187,6.13,114018.46,6.3,162474.79,6.67,198552.64,7.12,365642.15,6.89,346092.18,7.63,322032.77,6.23,166387.46,6.44,154544.85,6.58,166623.44,7.16,230298.73,7.35,362620.82
448,002599.SZ,20230921,5.99,6.09,5.98,6.0,6.04,-0.040000000000000036,-0.66,77675.96,47181.062,6.14,118593.86,6.34,158916.7,6.72,202220.65,7.11,366083.51,6.88,345701.77,7.66,332786.7,6.26,164193.56,6.45,162638.38,6.61,173698.48,7.21,238035.51,7.35,364084.15
449,002599.SZ,20230920,6.13,6.18,6.02,6.04,6.12,-0.08000000000000007,-1.31,85175.0,52221.207,6.19,163451.62,6.4,160868.16,6.75,209761.65,7.11,368610.8,6.87,345705.54,7.69,338774.16,6.31,179823.63,6.49,166739.54,6.65,181171.87,7.26,242032.8,7.36,369553.62
450,002599.SZ,20230919,6.23,6.25,6.04,6.12,6.26,-0.13999999999999968,-2.24,146852.96,90601.518,6.27,217051.92,6.45,160788.54,6.78,214417.15,7.11,368832.01,6.87,345789.51,7.71,345343.71,6.37,179960.23,6.53,168399.08,6.69,191778.62,7.32,251364.63,7.36,374785.69
451,002599.SZ,20230918,6.29,6.35,6.21,6.26,6.27,-0.009999999999999787,-0.16,110669.4,70109.663,6.31,207326.73,6.5,158745.11,6.8,214612.42,7.11,368696.39,6.86,345506.73,7.73,351731.27,6.42,175621.32,6.57,170033.32,6.74,209712.23,7.37,257902.08,7.36,382706.36
452,002599.SZ,20230915,6.27,6.3,6.15,6.27,6.25,0.019999999999999574,0.32,172596.0,108366.611,6.34,218756.45,6.54,163670.59,6.82,216574.51,7.1,368667.16,6.86,345443.61,7.74,355207.51,6.48,174858.88,6.59,172262.54,6.8,215170.96,7.4,263506.27,7.37,390581.14
453,002599.SZ,20230914,6.54,6.54,6.18,6.25,6.43,-0.17999999999999972,-2.8,301964.75,190504.808,6.38,209793.25,6.58,165143.21,6.84,216012.67,7.1,368461.69,6.85,345083.34,7.75,355829.8,6.52,166013.27,6.61,172688.14,6.83,220553.43,7.45,270406.99,7.37,401129.24
454,002599.SZ,20230913,6.34,6.61,6.28,6.43,6.34,0.08999999999999986,1.42,353176.5,229217.387,6.43,196195.64,6.59,157403.38,6.86,212039.26,7.1,367650.59,6.85,344184.83,7.76,355639.66,6.57,147845.63,6.65,164647.15,6.85,218603.33,7.51,278168.19,7.38,402339.38
455,002599.SZ,20230912,6.42,6.43,6.32,6.34,6.43,-0.08999999999999986,-1.4,98227.0,62779.945,6.48,142868.54,6.59,154204.39,6.88,207453.71,7.09,366544.74,6.84,342912.88,7.76,354311.3,6.61,129998.05,6.67,155723.03,6.86,211947.18,7.56,282428.87,7.38,406290.59
456,002599.SZ,20230911,6.49,6.49,6.32,6.43,6.43,0.0,0.0,167818.0,107796.382,6.54,143915.9,6.63,158933.01,6.91,215586.52,7.09,367254.21,6.83,343226.17,7.77,355703.88,6.65,139349.35,6.71,160851.88,6.88,214585.64,7.62,291503.97,7.38,411538.76
457,002599.SZ,20230908,6.49,6.56,6.38,6.43,6.51,-0.08000000000000007,-1.23,127780.0,83035.455,6.61,130961.3,6.65,155129.0,6.95,223550.46,7.08,367887.45,,,7.77,355521.38,6.64,142702.24,6.75,166741.43,6.91,214108.15,7.68,302649.22,7.37,410538.9
458,002599.SZ,20230907,6.69,6.88,6.51,6.51,6.67,-0.16000000000000014,-2.4,233976.72,157991.313,6.66,122233.28,6.69,159110.37,6.98,236772.31,7.08,369602.28,,,7.78,355579.56,6.64,161083.21,6.78,178450.94,6.92,215411.11,7.75,315274.1,7.36,409998.47
459,002599.SZ,20230906,6.63,6.69,6.59,6.67,6.66,0.009999999999999787,0.15,86541.0,57817.011,6.71,99495.62,6.7,153054.76,7.03,240447.51,7.07,370540.04,,,7.78,354169.59,6.68,153655.44,6.82,181845.98,6.94,214187.49,7.82,330422.4,7.35,408625.93
460,002599.SZ,20230905,6.79,6.79,6.64,6.66,6.8,-0.13999999999999968,-2.06,103463.8,69618.929,6.75,117127.55,6.7,160329.14,7.08,253198.55,7.07,373140.64,,,7.79,356422.61,6.69,156837.93,6.86,197687.81,6.96,223794.2,7.87,341158.69,7.33,408689.62
461,002599.SZ,20230904,6.73,6.8,6.68,6.8,6.68,0.1200000000000001,1.8,103045.0,69807.281,6.75,134782.8,6.73,163227.69,7.13,257892.49,7.06,377158.0,,,7.8,359484.78,6.71,164445.33,6.9,226757.69,7.0,234965.14,7.92,355044.24,7.32,408396.54
462,002599.SZ,20230901,6.77,6.79,6.63,6.68,6.75,-0.07000000000000028,-1.04,84139.9,56621.043,6.68,154443.18,6.74,168739.15,7.16,260562.75,7.06,379418.24,,,7.81,361379.11,6.7,169666.2,6.96,235327.0,7.02,250774.4,7.94,363896.28,7.31,408265.36
463,002599.SZ,20230831,6.8,6.8,6.68,6.75,6.84,-0.08999999999999986,-1.32,120288.4,81378.351,6.62,199933.14,6.77,177713.32,7.2,264417.17,7.05,379686.55,,,7.82,362594.16,6.7,179363.01,6.98,247823.51,7.07,259934.19,7.98,378431.67,7.3,408382.73
464,002599.SZ,20230830,6.67,6.86,6.65,6.84,6.69,0.14999999999999947,2.24,174700.63,118701.633,6.65,207815.26,6.81,190430.29,7.24,269987.92,7.04,380161.18,,,7.83,365775.7,6.73,181448.67,6.99,253982.18,7.13,273260.46,8.0,385205.79,7.29,407973.8
465,002599.SZ,20230829,6.4,6.74,6.37,6.69,6.42,0.27000000000000046,4.21,191740.09,127969.031,6.63,196548.31,6.83,204835.64,7.27,270786.49,7.03,380996.59,,,7.84,370949.79,6.73,181448.01,6.99,252921.75,7.17,276205.7,8.02,391925.63,7.28,407654.29
466,002599.SZ,20230828,6.71,6.76,6.4,6.42,6.39,0.03000000000000025,0.47,201346.86,132109.238,6.67,194107.86,6.87,213307.76,7.3,270959.18,7.02,381047.6,,,7.85,376026.07,6.77,182354.41,7.0,252203.78,7.22,276275.48,8.03,399161.97,7.28,407497.9
467,002599.SZ,20230825,6.82,6.88,6.33,6.39,6.89,-0.5,-7.26,311589.73,203188.975,6.72,184889.23,6.95,228848.58,7.35,269605.84,7.01,381477.49,,,7.87,382376.05,6.86,190780.62,7.04,249811.11,7.27,276736.92,8.04,401995.98,7.27,407253.07
468,002599.SZ,20230824,6.75,7.01,6.67,6.89,6.76,0.1299999999999999,1.92,159699.0,110378.058,6.78,158792.88,7.04,257561.78,7.41,265048.35,7.01,380334.07,,,7.9,390449.12,6.92,195818.66,7.06,242575.06,7.33,276673.73,8.05,400457.28,7.27,406760.49
469,002599.SZ,20230823,6.83,6.86,6.68,6.76,6.88,-0.1200000000000001,-1.74,118365.86,80487.129,6.81,155082.08,7.12,266387.33,7.44,268343.3,6.99,379778.16,,,7.91,400699.1,6.96,210036.53,7.08,244453.51,7.36,278078.83,8.05,402590.7,7.26,406448.68
470,002599.SZ,20230822,6.67,6.89,6.65,6.88,6.67,0.20999999999999996,3.15,179537.86,122066.237,6.84,166347.71,7.15,282979.97,7.49,270663.83,6.98,379546.03,,,7.93,409976.95,7.02,238537.69,7.1,257272.33,7.4,280720.36,8.05,404843.76,7.25,406447.37
471,002599.SZ,20230821,6.68,6.91,6.65,6.67,6.72,-0.04999999999999982,-0.74,155253.69,105800.746,6.87,170600.95,7.15,287897.21,7.54,272312.91,6.97,378898.32,,,7.93,415429.55,7.1,289070.04,7.14,270225.05,7.44,279913.53,8.05,405229.31,7.24,406603.16
472,002599.SZ,20230818,6.95,7.06,6.7,6.72,7.02,-0.2999999999999998,-4.27,181108.0,125036.879,6.99,196672.01,7.16,287761.69,7.6,276770.04,6.96,378293.3,,,7.94,424576.92,7.22,300987.79,7.19,291328.49,7.49,279959.58,8.05,405210.58,7.24,407086.68
473,002599.SZ,20230817,6.86,7.03,6.79,7.02,6.89,0.1299999999999999,1.89,141144.98,98578.554,7.06,232844.44,7.18,287474.97,7.66,282984.49,6.94,377617.14,,,7.94,431158.46,7.27,316284.01,7.25,300219.78,7.53,282980.23,8.05,404394.51,7.23,409257.49
474,002599.SZ,20230816,7.1,7.1,6.84,6.89,7.07,-0.1800000000000006,-2.55,174694.0,121731.107,7.11,264990.98,7.18,288424.85,7.72,296889.81,6.93,377180.8,,,7.93,437837.32,7.25,326515.7,7.33,319166.35,7.58,284850.85,8.05,404179.24,7.22,409056.52
475,002599.SZ,20230815,7.19,7.26,7.05,7.07,7.27,-0.1999999999999993,-2.75,200804.09,144193.463,7.21,310727.68,7.19,287822.91,7.79,301090.37,6.92,376657.69,,,7.92,444279.43,7.25,324395.5,7.39,323584.54,7.63,286881.27,8.05,405526.29,7.21,408661.77
476,002599.SZ,20230814,7.11,7.32,6.94,7.27,7.06,0.20999999999999996,2.97,285609.0,204590.955,7.32,407539.13,7.19,287550.9,7.86,314157.46,6.9,375951.15,,,7.9,447040.62,7.23,322053.16,7.44,323236.02,7.69,290414.34,8.06,407731.67,7.2,407875.58
477,002599.SZ,20230811,7.32,7.77,7.02,7.06,7.28,-0.22000000000000064,-3.02,361970.13,267022.383,7.45,405303.57,7.19,294407.31,7.91,321613.07,6.89,374662.22,,,7.89,447624.14,7.21,308841.6,7.48,319715.07,7.74,293974.02,8.06,407056.86,7.18,406687.24
478,002599.SZ,20230810,7.31,7.57,7.21,7.28,7.39,-0.10999999999999943,-1.49,301877.66,223596.475,7.47,399723.58,7.24,300301.31,7.95,324111.62,6.88,372924.31,,,7.87,445979.81,7.21,289331.46,7.53,317101.27,7.81,302372.55,8.07,403945.16,7.17,405213.87
479,002599.SZ,20230809,7.57,7.75,7.33,7.39,7.61,-0.22000000000000064,-2.89,403377.5,304788.31,7.39,388040.42,7.26,321489.38,8.0,332486.97,6.86,371870.41,,,7.85,443992.19,7.19,278870.49,7.56,312099.98,7.88,302893.73,8.07,404895.59,7.16,404314.35
480,002599.SZ,20230808,8.15,8.28,7.56,7.61,7.89,-0.27999999999999936,-3.55,684861.35,539654.891,7.28,338063.32,7.31,318070.63,8.08,343200.48,6.85,370029.01,,,7.83,441045.23,7.18,276006.98,7.58,301811.69,7.94,310950.65,8.07,407551.93,7.15,402622.79
481,002599.SZ,20230807,7.41,7.89,7.41,7.89,7.18,0.71,9.89,274431.2,214129.262,7.15,236567.18,7.38,305394.86,8.14,340963.89,6.83,366322.85,,,7.81,434828.99,7.19,251380.05,7.61,275335.28,7.99,306091.92,8.08,405678.59,7.13,399073.98
482,002599.SZ,20230804,6.91,7.25,6.86,7.18,6.9,0.27999999999999936,4.06,334070.2,238826.872,6.98,212379.63,7.41,304519.99,8.2,351796.29,,,,,7.79,435496.44,7.15,281669.2,7.62,269445.47,8.01,311841.58,8.08,412398.0,7.11,399909.68
483,002599.SZ,20230803,6.82,7.08,6.81,6.9,6.84,0.0600000000000005,0.88,243461.87,170550.91,6.94,178939.34,7.47,293732.57,8.28,366574.61,,,,,7.78,437002.53,7.24,284155.55,7.67,266328.33,8.07,320260.56,8.1,422114.66,7.1,400200.88
484,002599.SZ,20230802,6.91,6.91,6.76,6.84,6.92,-0.08000000000000007,-1.16,153492.0,105360.671,6.98,169700.55,7.56,291557.81,8.38,385451.4,,,,,7.77,442036.54,7.4,311817.0,7.75,264018.43,8.17,337733.05,8.11,433531.09,7.09,402013.92
485,002599.SZ,20230801,7.12,7.14,6.88,6.92,7.08,-0.16000000000000014,-2.26,177380.65,124082.821,7.07,213950.63,7.66,303573.35,8.49,414550.89,,,,,7.77,443061.54,7.54,322773.58,7.83,268124.16,8.26,352910.56,8.13,444542.97,7.08,406417.86
486,002599.SZ,20230731,7.0,7.19,6.92,7.08,6.97,0.11000000000000032,1.58,153493.45,109564.56,7.23,266192.92,7.73,305455.76,8.59,430825.53,,,,,7.76,443586.24,7.65,324418.89,7.92,274594.93,8.36,368422.3,8.13,451394.66,7.07,408510.69
487,002599.SZ,20230728,7.08,7.13,6.97,6.97,7.11,-0.14000000000000057,-1.97,166868.73,117879.086,7.32,350958.76,7.78,308849.47,8.65,453857.98,,,,,7.75,445344.01,7.75,330588.55,8.01,286540.22,8.46,391190.29,8.14,462858.22,7.06,408254.71
488,002599.SZ,20230727,7.28,7.36,7.06,7.11,7.27,-0.15999999999999925,-2.2,197267.94,142507.504,7.54,389371.76,7.87,307962.12,8.69,467602.06,,,,,7.74,447580.68,7.86,344871.07,8.11,308893.09,8.57,415137.09,8.13,471322.46,7.05,408436.09
489,002599.SZ,20230726,7.73,7.75,7.24,7.27,7.73,-0.46000000000000085,-5.95,374742.4,278955.232,7.82,453933.44,7.95,304836.51,8.74,489925.45,,,,,7.73,449018.56,7.93,345329.48,8.22,314905.35,8.69,446657.31,8.12,478735.65,7.04,409250.53
490,002599.SZ,20230725,7.51,7.89,7.43,7.73,7.5,0.23000000000000043,3.07,438592.09,339103.812,8.0,431596.53,8.02,296912.28,8.77,494395.84,,,,,7.71,449831.77,7.98,327616.4,8.33,328422.48,8.78,458523.19,8.1,483454.15,7.02,407786.72
491,002599.SZ,20230724,7.93,7.96,7.31,7.5,8.09,-0.5899999999999999,-7.29,577322.62,438910.263,8.07,382644.85,8.08,278348.56,8.77,498492.87,,,,,7.7,451062.57,8.02,299290.51,8.39,333447.86,8.83,475123.34,8.07,482942.51,7.0,406325.54
492,002599.SZ,20230721,8.44,8.45,8.07,8.09,8.5,-0.41000000000000014,-4.82,358933.73,297442.161,8.18,310218.34,8.15,252062.71,8.76,499922.21,,,,,7.68,448967.8,8.09,257221.75,8.44,326927.78,8.86,477018.16,8.05,478810.02,6.98,402738.99
493,002599.SZ,20230720,8.2,8.55,7.95,8.5,8.2,0.3000000000000007,3.66,520076.34,434599.749,8.18,300370.39,8.2,248052.13,8.73,500288.5,,,,,7.66,448519.6,8.1,248501.12,8.48,338313.06,8.88,496929.15,8.01,476805.21,6.96,400411.62
494,002599.SZ,20230719,8.08,8.32,8.05,8.2,8.04,0.16000000000000014,1.99,263057.85,216082.55,8.04,236725.52,8.23,238230.82,8.68,491441.19,,,,,7.63,451372.08,8.09,216219.86,8.56,350691.08,8.88,497151.13,7.96,470684.03,6.93,396785.47
495,002599.SZ,20230718,8.11,8.15,7.84,8.04,8.08,-0.040000000000000924,-0.5,193833.73,156663.796,7.97,223636.27,8.29,265220.68,8.65,492166.09,,,,,7.61,457371.63,8.12,213474.73,8.63,367979.05,8.86,507645.57,7.93,469339.0,6.9,395312.22
496,002599.SZ,20230717,8.1,8.26,7.93,8.08,8.09,-0.009999999999999787,-0.12,215190.03,174798.773,7.98,215936.17,8.39,274734.48,8.61,493922.42,,,,,7.58,469418.28,8.19,224770.98,8.72,390424.01,8.84,522048.45,7.89,469752.49,6.88,394264.7
497,002599.SZ,20230714,7.82,8.23,7.82,8.09,7.81,0.28000000000000025,3.59,309694.0,251048.98,7.99,204225.16,8.49,307803.33,8.58,493554.21,,,,,7.57,480624.33,8.27,242491.9,8.81,421491.16,8.8,527255.03,7.86,471574.16,6.85,393169.28
498,002599.SZ,20230713,7.83,7.91,7.61,7.81,7.81,0.0,0.0,201852.0,157519.02,8.01,196631.84,8.56,325449.91,8.53,488978.8,,,,,7.56,495673.31,8.36,272915.11,8.92,450270.1,8.76,524240.83,7.83,473863.04,6.82,391241.11
499,002599.SZ,20230712,8.06,8.11,7.79,7.81,8.1,-0.29000000000000004,-3.58,197611.6,157602.719,8.14,195714.21,8.61,344301.37,8.5,486928.56,,,,,7.55,498944.37,8.51,284481.22,9.07,497321.23,8.73,527102.58,7.81,480849.04,6.8,390387.06
500,002599.SZ,20230711,8.18,8.23,8.07,8.1,8.16,-0.0600000000000005,-0.74,155333.21,127024.513,8.27,203313.2,8.7,374226.59,8.48,484887.89,,,,,7.53,507340.51,8.66,329228.57,9.18,523976.58,8.7,528967.16,7.79,481394.98,6.78,389565.81
501,002599.SZ,20230710,8.2,8.31,8.12,8.16,8.18,-0.019999999999999574,-0.24,156635.0,129544.562,8.4,233605.79,8.84,421326.86,8.45,487834.48,,,,,7.5,514976.16,8.76,367605.21,9.24,563039.75,8.66,530545.08,7.76,482418.31,6.76,389104.73
502,002599.SZ,20230707,8.51,8.51,8.15,8.18,8.47,-0.2900000000000009,-3.42,271727.41,227057.05,8.54,280758.64,8.96,456110.11,8.43,493025.42,,,,,7.46,513525.5,8.79,396633.8,9.25,586916.37,8.61,530461.57,7.73,484563.16,6.73,388730.36
503,002599.SZ,20230706,8.41,8.69,8.39,8.47,8.45,0.02000000000000135,0.24,197263.81,169387.102,8.71,349198.38,9.08,484649.0,8.4,492242.84,,,,,7.42,510741.5,8.87,428125.0,9.28,621143.17,8.56,525808.79,7.7,485611.36,6.71,387716.93
504,002599.SZ,20230705,8.74,8.74,8.45,8.45,8.73,-0.28000000000000114,-3.21,235606.55,202897.923,8.87,373248.22,9.2,533823.56,8.38,491595.91,,,,,7.38,509034.95,9.02,485162.3,9.27,637616.76,8.51,523507.62,7.66,487408.77,6.68,387224.87
505,002599.SZ,20230704,8.7,8.89,8.65,8.73,8.89,-0.16000000000000014,-1.8,306796.2,269368.463,9.06,455143.94,9.34,583797.88,8.34,495222.31,,,,,7.33,507149.32,9.13,522483.37,9.23,654730.99,8.47,524171.32,7.62,490744.22,6.66,386521.26
506,002599.SZ,20230703,9.1,9.15,8.61,8.89,9.0,-0.10999999999999943,-1.22,392399.23,347363.32,9.12,501604.62,9.5,648111.6,8.31,502750.58,,,,,7.29,503969.29,9.24,556077.04,9.16,670687.18,8.42,525049.01,7.58,494479.31,,
507,002599.SZ,20230630,9.94,9.94,8.8,9.0,9.28,-0.27999999999999936,-3.02,613926.1,564938.043,9.04,512508.97,9.59,674136.17,8.28,508046.52,,,,,7.24,499901.34,9.35,600490.43,9.07,669636.6,8.37,520139.7,7.54,494942.91,,
508,002599.SZ,20230629,9.41,9.48,9.15,9.28,9.39,-0.11000000000000121,-1.17,317513.04,297017.414,9.03,507051.62,9.61,698956.97,8.26,509919.15,,,,,7.2,493025.31,9.48,627625.09,8.96,649903.69,8.32,505517.76,7.5,490132.78,,
509,002599.SZ,20230628,9.05,9.59,8.5,9.39,9.03,0.3600000000000012,3.99,645085.11,590690.418,9.16,597076.37,9.54,723315.0,8.23,527553.18,,,,,7.15,489741.36,9.63,710161.24,8.84,648413.25,8.26,506897.46,7.45,497074.43,,
510,002599.SZ,20230627,8.5,9.29,8.37,9.03,8.49,0.5399999999999991,6.36,539099.62,475855.972,9.21,589822.8,9.49,747251.79,8.18,535887.36,,,,,7.1,482958.35,9.7,718724.6,8.71,628836.45,8.2,504153.21,7.4,498206.75,,
511,002599.SZ,20230626,8.68,9.15,8.46,8.49,8.96,-0.47000000000000064,-5.25,446920.96,392809.594,9.37,610549.47,9.44,746300.72,8.14,543978.69,,,,,7.06,478076.68,9.72,758474.29,8.61,612015.02,8.17,505265.26,7.36,507510.64,,
512,002599.SZ,20230621,9.93,9.93,8.96,8.96,9.95,-0.9899999999999984,-9.95,586639.38,544140.274,9.67,688471.89,9.37,756375.34,8.1,548142.26,,,,,7.02,474410.62,9.7,777198.94,8.52,597375.46,8.15,512954.41,7.33,517656.01,,
513,002599.SZ,20230620,9.69,10.19,9.44,9.95,9.6,0.34999999999999964,3.65,767636.79,761136.575,9.94,748198.57,9.24,759396.94,8.05,555632.48,,,,,6.98,469955.17,9.69,814161.34,8.41,574650.69,8.13,523968.77,7.3,531851.49,,
514,002599.SZ,20230619,9.74,9.77,9.24,9.6,9.84,-0.2400000000000002,-2.44,608817.25,581385.554,10.1,823246.11,9.02,728916.23,7.96,552899.73,,,,,6.93,461350.44,9.53,790071.22,8.26,542680.29,8.06,529329.12,7.25,526510.56,,
515,002599.SZ,20230616,9.87,10.22,9.72,9.84,9.98,-0.14000000000000057,-1.4,642732.95,642169.847,10.2,847626.4,8.81,698950.89,7.86,553877.45,,,,,6.88,454808.98,9.33,786978.61,8.14,525015.29,8.0,536175.37,7.2,530152.3,,
516,002599.SZ,20230615,10.18,10.6,9.72,9.98,10.33,-0.34999999999999964,-3.39,836533.07,849292.639,10.07,906399.11,8.58,671641.0,7.76,554322.12,,,,,6.82,448882.32,9.08,785297.32,8.01,509534.99,7.91,534367.02,7.13,531573.54,,
517,002599.SZ,20230614,10.82,11.09,10.1,10.33,10.75,-0.41999999999999993,-3.91,885272.77,940008.579,9.74,865925.99,8.34,626796.07,7.64,541715.09,,,,,6.77,440572.22,8.79,738782.77,7.89,479964.33,7.81,534526.14,7.06,518428.58,,
518,002599.SZ,20230613,9.67,11.11,9.33,10.75,10.1,0.6500000000000004,6.44,1142874.51,1175648.911,9.43,880124.11,8.08,574288.25,7.51,525365.1,,,,,6.71,434656.66,8.44,672182.28,7.74,444464.1,7.7,527507.83,6.97,504722.83,,
519,002599.SZ,20230612,9.54,10.1,9.21,10.1,9.19,0.9100000000000001,9.9,730718.7,708291.987,8.96,756896.33,7.77,498230.96,7.36,498770.11,,,,,6.64,420978.72,8.05,586665.27,7.58,405265.57,7.54,510813.99,6.88,486829.46,,
520,002599.SZ,20230609,8.26,9.19,8.26,9.19,8.35,0.8399999999999999,10.06,936596.51,827113.126,8.46,726330.81,7.51,452186.75,7.24,481772.68,,,,,6.58,412933.45,7.72,538948.3,7.45,396867.52,7.42,508385.1,6.8,476220.55,,
521,002599.SZ,20230608,8.5,8.69,8.28,8.35,8.78,-0.4299999999999997,-4.9,634167.44,538317.885,8.09,664195.53,7.34,390004.61,7.15,459589.14,,,,,6.53,401864.98,7.5,465555.75,7.39,378660.75,7.31,490761.69,6.73,461748.84,,
522,002599.SZ,20230607,8.52,9.0,8.04,8.78,8.38,0.3999999999999986,4.77,956263.38,814840.481,7.83,611639.56,7.24,360877.68,7.08,447367.83,,,,,6.5,395316.18,7.33,417551.98,7.37,380832.15,7.23,480601.87,6.68,452634.44,,
523,002599.SZ,20230606,7.61,8.38,7.52,8.38,7.61,0.7700000000000005,10.12,526735.6,429240.541,7.44,464240.45,7.14,312944.11,7.0,428786.27,,,,,6.46,385034.88,7.13,335140.05,7.35,378872.48,7.13,456681.26,6.63,438333.78,,
524,002599.SZ,20230605,7.3,7.67,6.86,7.61,7.32,0.29000000000000004,3.96,577891.12,432024.712,7.15,416434.21,7.06,291281.36,6.94,426441.89,,,,,6.42,380597.54,6.99,295289.36,7.32,398958.07,7.05,444216.94,6.59,430741.8,,
525,002599.SZ,20230602,7.06,7.75,7.02,7.32,7.05,0.27000000000000046,3.83,625920.1,467470.44,6.98,351565.79,7.05,260310.36,6.91,427710.16,,,,,6.4,375564.2,6.94,263051.97,7.33,410773.76,7.0,431032.44,6.55,423382.94,,
526,002599.SZ,20230601,6.99,7.26,6.9,7.05,6.84,0.20999999999999996,3.07,371387.6,264269.592,6.91,266915.97,7.06,239770.66,6.89,416076.26,,,,,6.38,370671.99,6.95,233772.66,7.32,408901.87,6.95,417456.53,6.53,415833.84,,
527,002599.SZ,20230531,6.92,7.01,6.77,6.84,6.91,-0.07000000000000028,-1.01,219267.82,151251.45,6.83,223464.41,7.11,254491.43,6.87,411527.6,,,,,6.36,370716.36,6.98,221145.89,7.33,432397.82,6.92,415893.29,6.51,412510.16,,
528,002599.SZ,20230530,6.94,6.94,6.57,6.91,6.79,0.1200000000000001,1.77,287704.42,196567.401,6.83,206039.64,7.19,281660.15,6.85,413470.49,,,,,6.35,372712.97,7.05,216745.92,7.32,455170.6,6.9,423485.25,6.49,413063.7,,
529,002599.SZ,20230529,6.96,6.96,6.62,6.79,6.97,-0.17999999999999972,-2.58,253549.0,172933.051,6.83,174144.5,7.28,311651.76,6.83,414850.33,,,,,6.33,375023.95,7.1,223865.87,7.29,472888.36,6.9,434595.51,6.48,410306.66,,
530,002599.SZ,20230526,6.73,7.1,6.54,6.97,6.66,0.3099999999999996,4.65,202671.0,139882.668,6.9,174538.16,7.39,362691.85,6.81,416366.8,,,,,6.32,380736.15,7.19,254786.73,7.27,493103.51,6.89,433822.8,6.46,408050.98,,
531,002599.SZ,20230525,6.8,6.9,6.52,6.66,6.8,-0.13999999999999968,-2.06,154129.8,103312.561,6.98,200629.36,7.45,418520.8,6.79,423221.57,,,,,6.3,383747.47,7.28,291765.75,7.22,503364.66,6.86,434291.53,6.44,407977.02,,
532,002599.SZ,20230524,6.93,6.97,6.79,6.8,6.91,-0.11000000000000032,-1.59,132144.0,91372.924,7.13,218827.37,7.54,469295.8,6.78,434303.1,,,,,6.29,383329.42,7.42,344112.31,7.18,512126.82,6.85,438664.75,6.42,408962.78,,
533,002599.SZ,20230523,7.26,7.27,6.91,6.91,7.16,-0.25,-3.49,128228.7,90335.501,7.27,227452.19,7.57,504398.75,6.77,442775.78,,,,,6.27,384082.63,7.57,422604.92,7.12,517451.87,6.83,445413.92,6.41,414120.47,,
534,002599.SZ,20230522,7.27,7.38,7.02,7.16,7.38,-0.21999999999999975,-2.98,255517.28,184102.447,7.37,273587.24,7.59,559250.9,6.75,448572.53,,,,,6.26,386306.25,7.65,502626.79,7.08,518680.73,6.81,451309.92,6.39,413933.81,,
535,002599.SZ,20230519,7.54,7.81,7.34,7.38,7.42,-0.040000000000000036,-0.54,333127.0,253734.234,7.47,335035.31,7.56,591497.53,6.73,462645.92,,,,,6.23,385553.83,7.72,558495.54,7.02,515022.67,6.78,457317.12,6.36,411797.25,,
536,002599.SZ,20230518,7.46,7.58,7.26,7.42,7.47,-0.04999999999999982,-0.67,245119.89,182114.067,7.58,382902.15,7.47,615261.57,6.7,473819.36,,,,,6.21,384622.14,7.69,584031.08,6.96,509298.47,6.74,463909.61,6.34,408019.48,,
537,002599.SZ,20230517,7.46,7.61,7.38,7.47,7.41,0.05999999999999961,0.81,175268.07,131834.277,7.7,469397.24,7.38,647010.19,6.67,498884.45,,,,,6.18,383313.04,7.67,643649.76,6.89,513266.99,6.71,469746.12,6.31,406317.61,,
538,002599.SZ,20230516,7.66,7.79,7.36,7.41,7.68,-0.2699999999999996,-3.52,358903.98,272186.848,7.86,617757.65,7.27,664904.49,6.66,524777.84,,,,,6.14,382038.12,7.6,693595.29,6.83,526854.92,6.67,474747.8,6.28,406482.58,,
539,002599.SZ,20230515,7.86,7.97,7.6,7.68,7.9,-0.22000000000000064,-2.78,562757.61,438739.825,7.94,731666.34,7.15,662632.88,6.65,556526.78,,,,,6.11,378385.25,7.47,721910.84,6.8,539960.33,6.64,487251.41,6.25,403733.1,,
540,002599.SZ,20230512,8.15,8.56,7.81,7.9,8.05,-0.15000000000000036,-1.86,572461.2,469519.275,7.97,781955.78,7.0,637701.14,6.63,553127.48,,,,,6.07,372032.04,7.34,731420.28,6.74,523340.83,6.59,492260.29,6.22,397693.64,,
541,002599.SZ,20230511,8.25,8.56,8.01,8.05,8.28,-0.22999999999999865,-2.78,677595.36,564777.981,7.81,785160.0,6.86,605419.97,6.58,560623.38,,,,,6.03,365307.64,7.15,714963.56,6.66,505554.42,6.54,509756.01,6.18,392469.36,,
542,002599.SZ,20230510,7.78,8.55,7.78,8.28,7.77,0.5099999999999998,6.56,917070.11,764474.768,7.64,817902.27,6.7,567324.64,6.52,562106.08,,,,,5.99,357389.57,6.94,680141.33,6.56,485940.97,6.51,522357.61,6.15,387421.37,,
543,002599.SZ,20230509,8.23,8.63,7.71,7.77,7.84,-0.07000000000000028,-0.89,928447.41,768453.622,7.34,769432.93,6.53,513599.47,6.44,536540.34,,,,,5.95,346206.14,6.68,612298.82,6.47,456818.42,6.47,539734.21,6.11,378287.09,,
544,002599.SZ,20230508,7.38,7.84,7.12,7.84,7.13,0.71,9.96,814204.81,612731.883,7.01,712155.35,6.4,467141.23,6.36,511083.89,,,,,5.91,335151.72,6.51,534734.67,6.39,425651.49,6.44,523692.01,6.07,370496.76,,
545,002599.SZ,20230505,7.16,7.65,6.97,7.13,7.2,-0.07000000000000028,-0.97,588482.33,426307.251,6.72,680884.79,6.29,438896.76,6.28,489174.1,,,,,5.88,325616.48,6.33,471549.79,6.31,406727.9,6.39,524129.24,6.04,368292.76,,
546,002599.SZ,20230504,6.66,7.44,6.66,7.2,6.76,0.4400000000000004,6.51,841306.7,606424.511,6.49,644767.12,6.26,441399.07,6.23,474635.93,,,,,5.85,319103.43,6.22,434565.86,6.27,403848.88,6.35,528780.06,6.02,365626.71,,
547,002599.SZ,20230428,5.92,6.76,5.92,6.76,6.14,0.6200000000000001,10.1,674723.4,443892.218,6.23,542380.38,6.2,394403.75,6.17,451900.26,,,,,5.83,309375.48,6.11,382884.22,6.23,382794.3,6.3,502331.02,5.99,353651.2,,
548,002599.SZ,20230427,6.36,6.8,6.06,6.14,6.37,-0.23000000000000043,-3.61,642059.5,410274.533,6.02,455164.7,6.16,359173.72,6.13,434623.19,,,,,5.81,302380.72,6.06,360114.55,6.21,365324.05,6.24,481937.84,5.97,345549.72,,
549,002599.SZ,20230426,6.04,6.5,6.03,6.37,5.98,0.3899999999999997,6.52,657852.0,413325.033,6.0,357314.0,6.16,331732.71,6.12,418628.03,,,,,5.8,295662.81,6.12,358009.83,6.23,369921.69,6.21,462844.92,5.96,339765.4,,
550,002599.SZ,20230425,5.81,6.35,5.81,5.98,5.91,0.07000000000000028,1.18,407894.0,247246.808,5.93,262214.8,6.16,306868.63,6.1,401374.06,,,,,5.78,288907.1,6.13,315261.39,6.22,372680.3,6.17,444056.0,5.94,332119.3,,
551,002599.SZ,20230424,5.68,6.02,5.55,5.91,5.69,0.21999999999999975,3.87,329373.0,194605.552,5.94,224364.6,6.18,298962.07,6.09,393387.74,,,,,,,6.16,296145.29,6.24,407152.24,6.15,432736.0,5.93,329708.57,,
552,002599.SZ,20230421,6.05,6.06,5.65,5.69,6.05,-0.35999999999999943,-5.95,238645.0,139023.635,5.98,223388.06,6.2,307143.63,6.09,388787.77,,,,,,,6.19,291740.62,6.3,443465.75,6.14,424667.0,5.92,326667.97,,
553,002599.SZ,20230420,5.98,6.1,5.92,6.05,6.04,0.009999999999999787,0.17,152806.0,92488.622,6.11,265064.39,6.25,329624.93,6.09,386826.65,,,,,,,6.26,301338.02,6.37,503451.91,6.13,419986.3,5.91,324018.04,,
554,002599.SZ,20230419,5.98,6.17,5.98,6.04,6.02,0.020000000000000462,0.33,182356.0,111628.014,6.24,358705.65,6.29,350194.85,6.09,389758.24,,,,,,,6.27,316568.3,6.41,518170.67,6.12,417266.67,5.89,322886.92,,
555,002599.SZ,20230418,6.1,6.15,5.94,6.02,6.1,-0.08000000000000007,-1.31,218643.0,132775.846,6.32,368307.97,6.31,361191.96,6.08,387991.37,,,,,,,6.28,341906.02,6.43,550418.96,6.11,415733.44,5.87,321285.44,,
556,002599.SZ,20230417,6.25,6.28,6.06,6.1,6.35,-0.25,-3.94,324490.3,200513.929,6.38,367925.97,6.34,400835.75,6.08,385037.39,,,,,,,6.32,373131.91,6.42,575887.17,6.1,414211.14,5.86,318776.91,,
557,002599.SZ,20230414,6.61,6.63,6.26,6.35,6.71,-0.3600000000000003,-5.37,447026.67,288542.426,6.39,360093.17,6.35,430722.98,6.06,381323.96,,,,,,,6.36,382704.37,6.39,562054.41,6.1,409127.03,5.84,314764.4,,
558,002599.SZ,20230413,6.41,6.88,6.37,6.71,6.42,0.29000000000000004,4.52,621012.3,416208.599,6.4,337611.64,6.36,480746.53,6.05,374448.92,,,,,,,6.35,370533.55,6.33,542849.48,6.09,402642.14,5.82,308619.17,,
559,002599.SZ,20230412,6.25,6.43,6.25,6.42,6.31,0.11000000000000032,1.74,230367.6,147665.339,6.29,274430.94,6.39,514179.67,6.02,369172.25,,,,,,,6.33,381833.55,6.26,515262.46,6.06,386017.81,5.79,299925.07,,
560,002599.SZ,20230411,6.25,6.38,6.07,6.31,6.17,0.13999999999999968,2.27,216733.0,136869.237,6.25,315504.06,6.43,607102.79,6.0,365838.77,,,,,,,6.31,430099.21,6.2,508453.3,6.03,382279.15,5.77,297736.64,,
561,002599.SZ,20230410,6.52,6.58,6.12,6.17,6.39,-0.21999999999999975,-3.44,285326.3,181271.404,6.26,378337.84,6.48,624829.59,5.98,363209.09,,,,,,,6.32,518159.19,6.15,501031.36,6.01,381662.5,5.75,295791.14,,
562,002599.SZ,20230407,6.21,6.45,6.12,6.39,6.17,0.21999999999999975,3.57,334619.0,213131.244,6.33,405315.57,6.5,666521.54,5.97,357948.34,,,,,,,6.42,595190.89,6.11,491130.19,6.0,379260.8,5.73,292897.55,,
563,002599.SZ,20230406,6.16,6.3,6.12,6.17,6.21,-0.040000000000000036,-0.64,305108.8,190571.3,6.3,403455.47,6.45,696782.17,5.95,352312.71,,,,,,,6.47,705565.8,6.07,479310.44,5.98,382827.03,5.72,289822.5,,
564,002599.SZ,20230404,6.34,6.62,6.18,6.21,6.37,-0.16000000000000014,-2.51,435733.2,278266.855,6.37,489236.16,6.41,676991.89,5.93,348784.98,,,,,,,6.56,719773.05,6.05,467615.85,5.97,376557.7,5.7,287040.97,,
565,002599.SZ,20230403,6.47,6.56,6.16,6.37,6.53,-0.16000000000000014,-2.45,530901.9,337462.01,6.37,544694.37,6.32,648314.57,5.92,341673.27,,,,,,,6.57,758931.9,6.02,452647.15,5.95,366277.39,5.69,282298.31,,
566,002599.SZ,20230331,6.29,6.57,6.26,6.53,6.24,0.29000000000000004,4.65,420214.94,273169.209,6.38,657980.55,6.24,612804.58,5.9,331952.34,,,,,,,6.51,778642.43,6.0,434750.76,5.93,352129.36,,,,
567,002599.SZ,20230330,6.37,6.45,6.21,6.24,6.49,-0.25,-3.85,325318.5,206546.727,6.5,785066.2,6.14,587725.3,5.88,327210.85,,,,,,,6.42,741404.46,5.97,422338.36,5.9,342889.11,,,,
568,002599.SZ,20230329,6.21,6.76,6.16,6.49,6.23,0.2599999999999998,4.17,734012.25,474583.013,6.64,1007676.13,6.07,567954.19,5.87,328663.72,,,,,,,6.31,715165.41,5.95,418696.43,5.88,338217.36,,,,
569,002599.SZ,20230328,6.43,6.43,6.13,6.23,6.41,-0.17999999999999972,-2.81,713024.26,448403.738,6.75,950309.94,5.99,518207.33,5.85,317928.46,,,,,,,6.18,648691.38,5.92,388109.94,5.86,320214.79,,,,
570,002599.SZ,20230327,6.89,7.03,6.41,6.41,7.13,-0.7199999999999998,-10.1,1097332.8,730274.819,6.77,973169.42,5.94,470915.0,5.84,310516.79,,,,,,,6.08,586807.39,5.9,358369.12,5.84,303126.99,,,,
571,002599.SZ,20230324,6.62,7.44,6.54,7.13,6.96,0.16999999999999993,2.44,1055643.2,733049.255,6.65,899304.3,5.88,391983.01,5.82,298300.08,,,,,,,5.98,483903.52,5.86,313414.16,5.82,275182.7,,,,
572,002599.SZ,20230323,7.55,7.69,6.86,6.96,7.0,-0.040000000000000036,-0.57,1438368.16,1065691.478,6.34,697742.71,5.77,321268.86,5.78,279855.27,,,,,,,5.81,387069.5,5.79,271295.76,5.78,252485.13,,,,
573,002599.SZ,20230322,6.63,7.0,6.59,7.0,6.36,0.6399999999999997,10.06,447181.3,308563.563,5.97,422654.68,5.69,223930.85,5.74,241161.37,,,,,,,5.67,253055.08,5.74,221457.64,5.74,216839.98,,,,
574,002599.SZ,20230321,5.59,6.36,5.4,6.36,5.79,0.5700000000000003,9.84,827321.66,496107.074,5.62,347072.82,5.61,202760.52,5.7,233557.07,,,,,,,5.54,215458.65,5.67,204950.02,5.7,217301.51,,,,
575,002599.SZ,20230320,5.93,6.06,5.53,5.79,5.61,0.17999999999999972,3.21,728007.2,419557.82,5.39,200445.35,5.57,158541.93,5.68,217900.55,,,,,,,5.47,146362.41,5.64,169950.14,5.68,212456.27,,,,
576,002599.SZ,20230317,5.61,5.61,5.61,5.61,5.1,0.5100000000000007,10.0,47835.23,26979.07,5.31,68502.73,5.58,111947.7,5.66,202344.04,,,,,,,5.48,90859.09,5.63,138872.82,5.68,202473.36,,,,
577,002599.SZ,20230316,5.2,5.22,5.1,5.1,5.23,-0.13000000000000078,-2.49,62928.0,32530.448,5.28,76396.28,5.59,117360.99,5.66,208679.79,,,,,,,5.51,103272.27,5.63,143631.44,5.68,204971.38,,,,
578,002599.SZ,20230315,5.27,5.3,5.19,5.23,5.22,0.010000000000000675,0.19,69272.0,36439.086,5.37,83455.48,5.63,127769.11,5.66,211150.64,,,,,,,5.59,122227.46,5.66,149743.34,5.7,209161.61,,,,
579,002599.SZ,20230314,5.43,5.43,5.16,5.22,5.41,-0.1900000000000004,-3.51,94184.32,49770.696,5.46,83844.48,5.68,138846.28,5.65,211455.84,,,,,,,5.65,127528.49,5.69,155976.49,5.71,216685.88,,,,
580,002599.SZ,20230313,5.44,5.47,5.34,5.41,5.42,-0.009999999999999787,-0.18,68294.1,37075.946,5.55,92279.47,5.72,165571.0,5.64,211183.91,,,,,,,5.71,129930.85,5.72,161286.79,5.71,220182.6,,,,
581,002599.SZ,20230310,5.54,5.59,5.42,5.42,5.58,-0.16000000000000014,-2.87,87303.0,48065.341,5.64,113215.45,5.75,169319.84,5.63,211712.54,,,,,,,5.73,142924.8,5.74,170822.3,5.72,226681.14,,,,
582,002599.SZ,20230309,5.72,5.72,5.49,5.58,5.69,-0.11000000000000032,-1.93,98224.0,54892.955,5.75,130148.25,5.77,172398.38,5.62,211148.66,,,,,,,5.77,155522.02,5.76,185192.95,5.7,228668.94,,,,
583,002599.SZ,20230308,5.66,5.71,5.62,5.69,5.67,0.020000000000000462,0.35,71217.0,40564.923,5.82,160999.44,5.78,173031.98,5.6,210722.66,,,,,,,5.8,189860.19,5.78,198732.43,5.68,228049.78,,,,
584,002599.SZ,20230307,5.84,5.87,5.64,5.67,5.86,-0.1900000000000004,-3.24,136359.24,78770.49,5.84,171212.5,5.77,178554.34,5.58,210931.37,,,,,,,5.8,194441.39,5.78,218222.94,5.66,228507.17,,,,
585,002599.SZ,20230306,5.95,5.98,5.81,5.86,5.94,-0.08000000000000007,-1.35,172974.0,102393.387,5.86,167582.23,5.77,182308.7,5.57,209843.33,,,,,,,5.8,193537.87,5.79,245503.21,5.63,226837.44,,,,
586,002599.SZ,20230303,6.01,6.09,5.89,5.94,5.93,0.010000000000000675,0.17,171967.03,103436.405,5.82,172634.15,5.77,183921.09,5.54,207669.45,,,,,,,5.79,186886.55,5.78,258280.49,5.61,223342.67,,,,
587,002599.SZ,20230302,5.85,6.06,5.8,5.93,5.82,0.10999999999999943,1.89,252479.94,151010.152,5.8,180895.78,5.76,186107.49,5.52,205552.86,,,,,,,5.75,183990.61,5.76,255820.93,5.58,220401.78,,,,
588,002599.SZ,20230301,5.73,5.83,5.73,5.82,5.77,0.05000000000000071,0.87,122282.29,71269.32,5.78,218720.94,5.75,186609.36,5.5,201412.59,,,,,,,5.73,177259.21,5.75,252628.68,5.55,214596.21,,,,
589,002599.SZ,20230228,5.67,5.81,5.65,5.77,5.66,0.10999999999999943,1.94,118207.9,68091.677,5.76,217670.29,5.75,206027.34,5.49,202231.23,,,,,,,5.73,184424.49,5.74,261264.57,5.52,213832.33,,,,
590,002599.SZ,20230227,5.76,6.01,5.64,5.66,5.83,-0.16999999999999993,-2.92,198233.6,115100.564,5.74,219493.51,5.76,225320.09,5.48,202819.73,,,,,,,5.73,192642.72,5.72,265308.47,5.5,213194.13,,,,
591,002599.SZ,20230224,5.82,5.92,5.72,5.83,5.82,0.009999999999999787,0.17,213275.19,124347.773,5.75,201138.95,5.76,245534.98,5.47,201435.6,,,,,,,5.75,198719.79,5.71,268559.31,5.49,209919.78,,,,
592,002599.SZ,20230223,5.77,6.09,5.7,5.82,5.72,0.10000000000000053,1.75,441605.74,261636.986,5.71,187085.43,5.77,281588.02,,,,,,,,,5.75,214863.87,5.67,265242.4,5.47,206534.31,,,,
593,002599.SZ,20230222,5.62,5.74,5.57,5.72,5.66,0.05999999999999961,1.06,117029.0,66545.735,5.68,135797.49,5.76,280581.39,,,,,,,,,5.75,207604.66,5.62,247144.57,5.45,196817.98,,,,
594,002599.SZ,20230221,5.74,5.8,5.62,5.66,5.72,-0.05999999999999961,-1.05,127324.0,72902.539,5.71,151178.69,5.75,281023.46,,,,,,,,,5.75,242004.49,5.59,245540.05,5.44,197524.24,,,,
595,002599.SZ,20230220,5.62,5.75,5.6,5.72,5.62,0.09999999999999964,1.78,106460.8,60866.476,5.73,165791.94,5.74,285739.69,,,,,,,,,5.77,297468.55,5.55,243487.22,5.43,198319.22,,,,
596,002599.SZ,20230217,5.55,5.78,5.55,5.62,5.67,-0.04999999999999982,-0.88,143007.63,81697.131,5.75,196300.64,5.74,300242.7,,,,,,,,,5.78,329674.43,5.52,241570.73,,,,,,
597,002599.SZ,20230216,5.84,5.87,5.59,5.67,5.87,-0.20000000000000018,-3.41,185166.0,107007.607,5.8,242642.31,5.72,304556.42,,,,,,,,,5.77,327651.25,5.49,238607.36,,,,,,
598,002599.SZ,20230215,5.73,5.91,5.73,5.87,5.76,0.11000000000000032,1.91,193935.0,113581.01,5.83,279411.84,5.7,310562.92,,,,,,,,,5.76,327998.15,5.46,233264.7,,,,,,
599,002599.SZ,20230214,5.86,5.89,5.73,5.76,5.85,-0.08999999999999986,-1.54,200390.29,116572.98,5.8,332830.29,5.64,306947.69,,,,,,,,,5.74,338104.65,5.42,228536.25,,,,,,
600,002599.SZ,20230213,5.82,5.9,5.77,5.85,5.83,0.019999999999999574,0.34,259004.26,151702.386,5.82,429145.15,5.57,297659.89,,,,,,,,,5.7,337974.22,5.39,223469.84,,,,,,
601,002599.SZ,20230210,5.87,6.11,5.83,5.83,5.83,0.0,0.0,374716.0,223189.467,5.8,463048.23,5.5,284270.24,,,,,,,,,5.66,338398.84,5.36,215519.78,,,,,,
602,002599.SZ,20230209,5.77,6.0,5.74,5.83,5.72,0.11000000000000032,1.92,369013.64,216341.533,5.75,412660.19,5.44,262081.88,,,,,,,,,5.58,315620.94,5.32,202369.53,,,,,,
603,002599.SZ,20230208,5.87,5.88,5.62,5.72,5.88,-0.16000000000000014,-2.72,461027.24,265321.592,5.7,376584.46,5.38,238937.06,,,,,,,,,5.49,286684.47,5.3,191424.64,,,,,,
604,002599.SZ,20230207,5.7,6.33,5.6,5.88,5.76,0.1200000000000001,2.08,681964.6,406806.108,5.68,343379.01,5.33,209914.98,,,,,,,,,5.42,249075.62,5.28,175284.12,,,,,,
605,002599.SZ,20230206,5.68,5.95,5.52,5.76,5.55,0.20999999999999996,3.78,428519.67,246885.218,5.58,246803.29,5.26,163480.23,,,,,,,,,5.33,189505.9,5.26,148744.56,,,,,,
606,002599.SZ,20230203,5.55,5.6,5.48,5.55,5.57,-0.020000000000000462,-0.36,122775.8,68279.974,5.51,213749.44,5.21,138160.72,,,,,,,,,5.26,153467.03,,,,,,,,
607,002599.SZ,20230202,5.57,5.67,5.47,5.57,5.65,-0.08000000000000007,-1.42,188635.0,105829.854,5.42,218581.68,5.18,136336.58,,,,,,,,,5.21,149563.47,,,,,,,,
608,002599.SZ,20230201,5.4,5.72,5.33,5.65,5.36,0.29000000000000004,5.41,295000.0,164440.282,5.29,196784.48,5.15,129518.74,,,,,,,,,5.15,138531.26,,,,,,,,
609,002599.SZ,20230131,5.39,5.44,5.26,5.36,5.44,-0.08000000000000007,-1.47,199085.98,106842.554,5.15,154772.22,5.12,115419.58,,,,,,,,,5.09,118967.86,,,,,,,,
610,002599.SZ,20230130,5.16,5.5,5.14,5.44,5.08,0.3600000000000003,7.09,263250.44,141640.8,5.08,132208.51,5.11,111652.66,,,,,,,,,5.07,108965.46,,,,,,,,
611,002599.SZ,20230120,5.02,5.14,5.0,5.08,4.94,0.13999999999999968,2.83,146937.0,75217.35,5.0,93184.62,5.11,102034.68,,,,,,,,,5.05,92640.72,,,,,,,,
612,002599.SZ,20230119,4.96,5.0,4.91,4.94,4.94,0.0,0.0,79649.0,39751.239,4.99,80545.26,5.13,102360.56,,,,,,,,,5.06,89118.11,,,,,,,,
613,002599.SZ,20230118,4.95,5.03,4.93,4.94,4.99,-0.04999999999999982,-1.0,84938.7,42516.476,5.01,80278.03,,,,,,,,,,,5.1,96164.81,,,,,,,,
614,002599.SZ,20230117,5.07,5.07,4.95,4.99,5.05,-0.05999999999999961,-1.19,86267.4,43342.378,5.03,83163.49,,,,,,,,,,,5.15,101492.61,,,,,,,,
615,002599.SZ,20230116,5.04,5.08,5.0,5.05,5.04,0.009999999999999787,0.2,68131.0,34610.96,5.07,85722.41,,,,,,,,,,,5.18,107983.21,,,,,,,,
616,002599.SZ,20230113,5.07,5.07,4.95,5.04,5.02,0.020000000000000462,0.4,83740.2,42187.825,5.1,92096.82,,,,,,,,,,,,,,,,,,,,
617,002599.SZ,20230112,5.02,5.1,5.01,5.02,5.07,-0.05000000000000071,-0.99,78312.83,39812.79,5.14,97690.97,,,,,,,,,,,,,,,,,,,,
618,002599.SZ,20230111,5.18,5.18,5.03,5.07,5.16,-0.08999999999999986,-1.74,99366.0,50878.979,5.2,112051.6,,,,,,,,,,,,,,,,,,,,
619,002599.SZ,20230110,5.18,5.22,5.12,5.16,5.22,-0.05999999999999961,-1.15,99062.0,51421.087,5.27,119821.74,,,,,,,,,,,,,,,,,,,,
620,002599.SZ,20230109,5.28,5.28,5.16,5.22,5.22,0.0,0.0,100003.09,52555.082,5.3,130244.02,,,,,,,,,,,,,,,,,,,,
621,002599.SZ,20230106,5.28,5.36,5.19,5.22,5.32,-0.10000000000000053,-1.88,111710.92,59076.932,,,,,,,,,,,,,,,,,,,,,,
622,002599.SZ,20230105,5.37,5.52,5.3,5.32,5.42,-0.09999999999999964,-1.85,150116.0,81174.016,,,,,,,,,,,,,,,,,,,,,,
623,002599.SZ,20230104,5.3,5.43,5.27,5.42,5.33,0.08999999999999986,1.69,138216.7,74773.186,,,,,,,,,,,,,,,,,,,,,,
624,002599.SZ,20230103,5.13,5.34,5.12,5.33,5.13,0.20000000000000018,3.9,151173.4,80202.31,,,,,,,,,,,,,,,,,,,,,,
