,ts_code,trade_date,open,high,low,close,pre_close,change,pct_chg,vol,amount,ma5,ma_v_5,ma13,ma_v_13,ma34,ma_v_34,ma144,ma_v_144,ma169,ma_v_169,ma75,ma_v_75,ma10,ma_v_10,ma20,ma_v_20,ma30,ma_v_30,ma60,ma_v_60,ma120,ma_v_120
0,000710.SZ,20221230,11.54,11.59,11.33,11.41,11.47,-0.0600000000000005,-0.52,34411.0,39289.239,11.55,32059.65,11.92,43740.99,12.75,69114.0,12.88,67620.85,12.95,75599.8,12.45,75623.1,11.68,41660.83,12.32,58115.6,12.62,67776.02,12.64,85310.5,12.69,65935.1
1,000710.SZ,20221229,11.46,11.59,11.38,11.47,11.47,0.0,0.0,23467.25,26964.497,11.62,33220.92,12.04,46242.52,12.81,71000.53,12.89,67756.5,12.97,76491.63,12.46,75548.1,11.82,43741.24,12.39,59357.5,12.71,70358.75,12.64,85442.83,12.72,66040.38
2,000710.SZ,20221228,11.59,11.64,11.45,11.47,11.61,-0.1399999999999988,-1.21,33582.0,38718.394,11.64,38258.88,12.17,50679.74,12.86,74415.37,12.9,68013.51,12.98,77937.67,12.48,75640.42,11.94,45342.06,12.46,62887.74,12.79,71829.85,12.64,85728.21,12.74,66331.24
3,000710.SZ,20221227,11.77,11.77,11.45,11.61,11.77,-0.16000000000000014,-1.36,32858.0,38017.322,11.68,40553.45,12.29,55830.2,12.91,75422.42,12.91,68218.12,13.01,79113.15,12.49,75611.08,12.06,47717.26,12.54,65439.95,12.86,73075.85,12.63,85930.87,12.76,66762.71
4,000710.SZ,20221226,11.76,11.94,11.65,11.77,11.76,0.009999999999999787,0.09,35980.0,42412.183,11.72,45001.82,12.4,59691.91,12.96,76608.51,12.92,68354.89,13.04,80314.39,12.51,75672.88,12.2,51124.56,12.63,69857.03,12.92,74185.25,12.63,86348.22,12.79,67324.28
5,000710.SZ,20221223,11.52,11.87,11.51,11.76,11.58,0.17999999999999972,1.55,40217.35,47232.703,11.82,51262.02,12.52,65981.21,13.0,77109.38,12.92,68620.61,13.08,81507.36,12.52,75969.96,12.33,55641.66,12.69,74112.89,12.98,76271.03,12.61,86464.0,12.81,67698.27
6,000710.SZ,20221222,11.69,11.98,11.56,11.58,11.69,-0.10999999999999943,-0.94,48657.06,57140.575,12.02,54261.55,12.6,68186.26,13.03,77663.2,12.93,69175.23,13.12,82850.36,12.54,76520.51,12.47,61673.73,12.76,74868.44,13.02,79582.85,12.6,86262.96,12.83,68116.95
7,000710.SZ,20221221,11.79,11.95,11.61,11.69,11.78,-0.08999999999999986,-0.76,45054.85,52925.93,12.24,52425.23,12.71,70241.49,13.07,78358.67,12.94,69309.7,13.15,84852.23,12.56,76263.79,12.61,65114.04,12.84,76035.64,13.07,80221.66,12.6,85810.47,12.85,68661.32
8,000710.SZ,20221220,12.11,12.27,11.78,11.78,12.28,-0.5,-4.07,55099.82,65589.117,12.45,54881.06,12.81,71333.35,13.11,79782.07,12.95,69991.59,13.19,87036.08,12.57,76060.51,12.77,72382.65,12.91,77978.89,13.12,81159.33,12.6,85497.56,12.87,68795.33
9,000710.SZ,20221219,12.89,12.91,12.1,12.28,12.76,-0.4800000000000004,-3.76,67281.0,82915.036,12.69,57247.3,12.89,74331.21,13.14,81295.33,12.97,70802.16,13.23,87506.67,12.59,75759.91,12.87,73760.97,13.0,79996.15,13.17,81089.67,12.6,85050.76,12.89,68804.04
10,000710.SZ,20221216,12.6,12.9,12.48,12.76,12.71,0.049999999999998934,0.39,55215.02,70051.188,12.85,60021.3,12.95,75665.45,13.15,83265.1,12.98,71205.92,13.24,87473.65,12.59,75326.99,12.95,74570.38,13.09,80833.62,13.19,80815.2,12.59,84632.41,12.91,68775.59
11,000710.SZ,20221215,12.68,12.83,12.6,12.71,12.7,0.010000000000001563,0.08,39475.46,50124.028,12.92,69085.91,13.0,80741.2,13.15,87163.82,12.98,71466.85,13.26,87608.54,12.59,75121.01,12.97,74973.77,13.16,83667.5,13.2,81384.8,12.57,84508.13,12.92,68789.83
12,000710.SZ,20221214,13.05,13.05,12.66,12.7,12.99,-0.2900000000000009,-2.23,57334.0,73144.143,12.98,77802.84,13.02,87019.78,13.12,88365.88,12.98,71635.87,13.27,87794.36,12.59,75197.1,12.98,80433.43,13.21,85073.75,13.21,83183.98,12.56,84529.18,12.93,69121.34
13,000710.SZ,20221213,13.2,13.2,12.73,12.99,13.09,-0.09999999999999964,-0.76,66931.0,86158.893,13.1,89884.24,13.06,86865.51,13.12,89333.43,12.99,71874.29,13.29,87891.23,12.59,75047.06,13.02,83162.64,13.25,85755.15,13.21,84824.52,12.56,84016.28,12.94,69465.41
14,000710.SZ,20221212,13.15,13.4,13.0,13.09,13.11,-0.019999999999999574,-0.15,81151.01,106880.423,13.06,90274.64,13.08,87255.51,13.1,90957.56,12.99,72089.83,13.32,87847.57,12.6,74728.22,13.06,88589.51,13.28,85715.6,13.2,87068.6,12.55,83437.84,12.94,69743.06
15,000710.SZ,20221209,13.0,13.38,12.86,13.11,13.02,0.08999999999999986,0.69,100538.08,132125.371,13.05,89119.45,13.08,87468.51,13.05,91508.52,13.0,72279.39,13.34,87850.91,12.6,74498.25,13.04,92584.11,13.3,86585.71,13.19,90622.62,12.54,82583.63,12.95,69672.06
16,000710.SZ,20221208,13.3,13.56,12.95,13.02,13.29,-0.2699999999999996,-2.03,83060.12,109255.419,13.01,80861.64,13.11,87076.73,13.02,91947.2,13.0,72526.6,13.36,87706.31,12.6,74300.24,13.06,88063.15,13.3,88537.4,13.15,89949.53,12.53,81387.76,12.95,69503.04
17,000710.SZ,20221207,12.68,13.32,12.56,13.29,12.78,0.5099999999999998,3.99,117741.0,153828.428,12.97,83064.01,13.19,87151.36,13.01,95030.51,13.01,73477.54,13.38,87659.23,12.61,75203.67,13.08,86957.24,13.3,87775.47,13.13,90188.54,12.52,80509.94,12.95,69572.18
18,000710.SZ,20221206,13.03,13.06,12.7,12.78,13.04,-0.2599999999999998,-1.99,68883.0,88256.876,12.93,76441.03,13.25,86701.49,13.0,99975.05,13.02,74421.71,13.41,87546.16,12.61,74520.84,13.06,83575.14,13.3,85547.67,13.09,90335.56,12.51,79070.63,12.95,69099.38
19,000710.SZ,20221205,12.95,13.12,12.8,13.04,12.94,0.09999999999999964,0.77,75375.06,97566.739,13.06,86904.38,13.33,86602.83,13.01,106650.4,13.04,74965.35,13.43,87598.78,12.61,74092.17,13.14,86231.34,13.32,84754.01,13.05,91368.91,12.51,78547.45,12.96,68980.85
20,000710.SZ,20221202,12.8,13.01,12.66,12.94,12.82,0.11999999999999922,0.94,59249.0,76309.438,13.04,96048.77,13.37,86263.37,12.99,106461.86,13.04,75745.36,13.45,87724.84,12.62,73613.56,13.24,87096.86,13.32,83937.61,13.02,92704.86,12.51,78262.22,12.96,68807.8
21,000710.SZ,20221201,13.17,13.26,12.68,12.82,13.09,-0.2699999999999996,-2.06,94072.01,120868.304,13.1,95264.66,13.41,86793.44,12.98,106919.46,13.05,76290.02,13.48,88056.09,12.62,73461.42,13.35,92361.24,13.32,84590.32,13.01,96992.97,12.51,78633.21,12.96,68857.12
22,000710.SZ,20221130,13.44,13.6,13.01,13.09,13.43,-0.33999999999999986,-2.53,84626.09,111906.882,13.18,90850.46,13.46,87138.16,12.97,106719.17,13.05,76405.84,13.51,88264.23,12.62,72500.38,13.45,89714.08,13.32,84559.25,13.02,103385.75,12.51,77555.39,12.96,68829.58
23,000710.SZ,20221129,12.75,13.66,12.75,13.43,12.9,0.5299999999999994,4.11,121199.74,162171.619,13.18,90709.25,13.46,91364.75,12.93,105955.44,13.04,76561.53,13.53,88462.18,12.62,71899.67,13.49,88347.67,13.31,85655.47,13.01,110426.38,12.51,76641.77,12.96,68812.71
24,000710.SZ,20221128,13.6,13.87,12.78,12.9,13.24,-0.33999999999999986,-2.57,121097.03,160092.966,13.21,85558.3,13.44,87258.73,12.87,103364.93,13.04,76777.83,13.56,88641.58,12.61,70811.44,13.5,82841.69,13.27,86308.14,12.98,108685.21,12.5,75164.36,12.96,68466.19
25,000710.SZ,20221125,13.2,13.38,12.9,13.24,13.24,0.0,0.0,55328.43,72743.464,13.44,78144.95,13.46,83573.19,12.82,100966.8,13.04,77318.13,13.6,88725.07,12.61,69972.97,13.55,80587.32,13.26,89641.87,12.97,107142.23,12.5,73726.28,12.96,67906.59
26,000710.SZ,20221124,13.19,13.44,13.1,13.24,13.09,0.15000000000000036,1.15,72001.01,95352.563,13.61,89457.81,13.45,83394.84,12.76,100610.17,13.04,78219.53,13.63,89765.22,12.6,69838.28,13.54,89011.66,13.19,90892.72,12.95,108206.68,12.49,73466.91,12.96,67949.5
27,000710.SZ,20221123,13.41,13.61,12.96,13.09,13.58,-0.4900000000000002,-3.61,83920.02,110287.907,13.72,88577.69,13.43,82398.38,12.7,99738.1,13.05,79579.58,13.66,90615.62,12.58,69627.5,13.53,88593.7,13.15,91804.19,12.9,107761.95,12.48,73019.93,12.96,67874.87
28,000710.SZ,20221122,14.04,14.24,13.45,13.58,14.06,-0.4800000000000004,-3.41,95445.01,131462.574,13.8,85986.09,13.42,81504.77,12.65,98463.7,13.07,80609.56,13.69,91441.41,12.57,69881.52,13.54,87520.2,13.11,93715.77,12.84,106068.71,12.48,72389.28,12.96,67613.48
29,000710.SZ,20221121,13.96,14.21,13.8,14.06,14.09,-0.02999999999999936,-0.21,84030.29,117352.948,13.79,80125.09,13.37,81351.36,12.58,97001.82,13.1,81584.72,13.72,92990.74,12.56,69148.68,13.49,83276.69,13.01,93937.7,12.75,104205.89,12.47,71515.5,12.95,67436.79
30,000710.SZ,20221118,13.75,14.4,13.7,14.09,13.77,0.3200000000000003,2.32,111892.74,158004.325,13.66,83029.68,13.27,83083.68,12.49,96233.26,13.12,82651.12,13.75,93975.06,12.55,68594.57,13.39,80778.36,12.91,95508.85,12.66,102844.98,12.45,71180.04,12.95,67737.23
31,000710.SZ,20221117,13.45,13.8,13.45,13.77,13.5,0.2699999999999996,2.0,67600.41,92502.674,13.46,88565.5,13.17,84803.72,12.4,94204.84,13.15,83729.53,13.77,94199.65,12.54,67642.21,13.28,76819.4,12.84,99308.84,12.57,100526.91,12.44,70743.3,12.94,67371.63
32,000710.SZ,20221116,13.45,13.84,13.39,13.5,13.51,-0.009999999999999787,-0.07,70962.0,96589.974,13.34,88609.71,13.08,94047.65,12.33,93044.69,13.18,85947.4,13.78,94985.4,12.54,67137.07,13.19,79404.42,12.8,110221.59,12.49,99626.57,12.44,72130.24,12.93,68002.02
33,000710.SZ,20221115,13.41,13.55,13.27,13.51,13.42,0.08999999999999986,0.67,66140.0,88773.126,13.29,89054.31,12.96,94769.46,12.27,91590.14,13.21,88330.48,13.8,96034.55,12.53,66651.69,13.12,82963.27,12.77,121465.74,12.41,98785.88,12.44,72056.35,12.93,68842.52
34,000710.SZ,20221114,12.98,13.55,12.86,13.42,13.1,0.3200000000000003,2.44,98553.26,131377.823,13.2,86428.28,12.88,96622.57,12.22,90417.8,13.24,88806.1,13.84,98137.99,12.53,66365.77,13.04,89774.59,12.72,121606.97,12.33,98511.18,12.43,71566.24,12.93,69336.54
35,000710.SZ,20221111,13.42,13.83,13.06,13.1,13.19,-0.08999999999999986,-0.68,139571.85,188238.745,13.13,78527.03,12.79,98437.82,12.16,88351.29,13.25,88550.18,13.87,98726.78,12.53,65696.86,12.96,98696.42,12.69,120419.69,12.25,96656.97,12.43,70581.67,12.93,69288.51
36,000710.SZ,20221110,13.08,13.47,13.08,13.19,13.23,-0.040000000000000924,-0.3,67821.46,90235.453,13.1,65073.3,12.68,95384.88,12.12,85486.83,13.26,88122.67,13.89,98214.58,12.54,64447.03,12.84,92773.79,12.65,117804.19,12.18,92943.07,12.43,69052.78,12.93,68657.19
37,000710.SZ,20221109,13.15,13.51,13.01,13.23,13.07,0.16000000000000014,1.22,73185.0,97154.717,13.04,70199.13,12.59,99048.87,12.08,84896.72,13.28,88143.91,13.92,98087.17,12.55,64381.06,12.77,95014.68,12.58,117346.08,12.13,91399.28,12.42,68288.99,12.93,68855.9
38,000710.SZ,20221108,12.99,13.15,12.77,13.07,13.04,0.030000000000001137,0.23,53009.85,68782.797,12.95,76872.22,12.54,107872.53,12.05,83942.42,13.3,88147.53,13.94,97897.02,12.55,64029.34,12.67,99911.34,12.49,115342.96,12.08,89835.79,12.41,67728.78,12.94,69062.44
39,000710.SZ,20221107,12.88,13.16,12.86,13.04,12.95,0.08999999999999986,0.69,59047.0,76887.887,12.87,93120.9,12.54,125783.72,12.03,83164.49,13.33,88192.96,13.96,97945.01,12.55,63922.57,12.53,104598.71,12.38,114670.49,12.03,89011.86,12.41,67504.99,12.94,69524.41
40,000710.SZ,20221104,13.02,13.05,12.8,12.95,12.92,0.02999999999999936,0.23,72303.19,93482.591,12.8,118865.82,12.53,143998.95,12.01,82375.58,13.35,88350.37,13.99,97922.53,12.55,64204.7,12.43,110239.35,12.3,113878.29,11.98,88449.63,12.41,67491.07,12.95,70166.83
41,000710.SZ,20221103,12.76,13.03,12.5,12.92,12.77,0.15000000000000036,1.17,93450.59,119870.129,12.59,120474.27,12.5,143742.13,12.0,81128.38,13.38,88376.75,14.01,98119.52,12.56,63781.61,12.39,121798.29,12.22,112380.67,11.94,87631.45,12.4,67039.8,12.96,71397.6
42,000710.SZ,20221102,12.53,13.07,12.52,12.77,12.69,0.08000000000000007,0.63,106550.47,136873.42,12.5,119830.24,12.48,142308.06,11.98,79226.49,13.41,88249.34,14.04,98169.86,12.57,63074.9,12.41,141038.76,12.13,109737.65,11.92,85874.39,12.39,66418.82,12.97,72733.01
43,000710.SZ,20221101,12.76,13.0,12.29,12.69,12.68,0.009999999999999787,0.08,134253.24,168745.012,12.4,122950.45,12.45,140824.33,11.98,76986.5,13.44,88194.35,14.06,97954.54,12.58,62511.83,12.42,159968.21,12.05,106697.19,11.91,83208.04,12.38,66359.18,12.99,73071.49
44,000710.SZ,20221031,11.99,13.1,11.98,12.68,11.91,0.7699999999999996,6.47,187771.59,239624.074,12.19,116076.52,12.38,135009.4,11.98,73960.88,13.46,87802.14,14.09,97684.66,12.6,61473.45,12.41,153439.35,11.98,102879.48,11.9,79807.08,12.38,64796.33,13.0,73516.86
45,000710.SZ,20221028,12.35,12.64,11.82,11.91,12.46,-0.5500000000000007,-4.41,80345.46,97466.046,12.06,101612.88,12.28,123113.33,11.98,69540.91,13.49,87169.56,14.11,96738.68,12.62,59690.92,12.41,142142.95,11.89,95637.24,11.9,74544.63,12.39,62374.67,13.01,73099.42
46,000710.SZ,20221027,12.22,12.61,12.11,12.46,12.26,0.20000000000000107,1.63,90230.45,111610.03,12.2,123122.3,12.21,119976.02,12.01,68891.36,13.53,87411.81,14.14,96492.83,12.65,59246.9,12.46,142834.6,11.85,93027.72,11.91,72825.99,12.41,61710.0,13.02,73352.8
47,000710.SZ,20221026,11.74,12.39,11.62,12.26,11.63,0.629999999999999,5.42,122151.53,148690.053,12.32,162247.27,12.12,116358.52,12.03,68634.84,13.57,87682.77,14.17,96197.96,12.68,58822.1,12.39,139677.47,11.81,89591.57,11.92,70831.34,12.43,60701.42,13.02,73492.92
48,000710.SZ,20221025,12.1,12.1,11.38,11.63,12.05,-0.41999999999999993,-3.49,99883.59,116156.551,12.44,196985.96,12.05,110220.0,12.04,65906.94,13.61,87654.49,14.19,95742.43,12.7,58331.53,12.3,130774.58,11.78,84798.01,11.93,67805.69,12.45,59241.53,13.02,73744.55
49,000710.SZ,20221024,12.69,12.73,12.0,12.05,12.58,-0.5299999999999994,-4.21,115453.35,141940.179,12.63,190802.17,12.02,105658.98,12.08,63845.92,13.65,88013.07,14.22,95306.01,12.74,58336.36,12.24,124742.27,11.78,81218.44,11.97,65726.0,12.48,58321.73,13.03,74569.69
50,000710.SZ,20221021,12.92,12.92,12.23,12.58,13.07,-0.4900000000000002,-3.75,187892.59,236056.944,12.76,182673.03,11.95,100296.51,12.11,61407.74,13.7,88150.24,14.25,94908.65,12.78,57875.11,12.16,117517.23,11.76,77554.77,12.0,63819.58,12.5,57203.93,13.05,75150.32
51,000710.SZ,20221020,12.78,13.69,12.7,13.07,12.86,0.21000000000000085,1.63,285855.28,374436.639,12.72,162546.91,11.85,90297.0,12.11,56905.36,13.74,88450.38,14.27,94054.08,12.8,56576.0,12.04,102963.05,11.72,70548.03,12.01,60273.45,12.52,54836.3,13.06,75816.62
52,000710.SZ,20221019,12.66,13.87,12.56,12.86,12.61,0.25,1.98,295844.99,393412.888,12.47,117107.68,11.67,71610.2,12.1,49667.46,13.78,87963.33,14.29,92596.68,12.81,54284.34,11.86,78436.55,11.67,58292.21,12.0,51725.03,12.53,51119.94,13.09,75369.8
53,000710.SZ,20221018,12.5,12.75,12.31,12.61,12.67,-0.0600000000000005,-0.47,68964.62,86794.624,12.16,64563.2,11.55,51018.66,12.09,42295.02,13.82,87460.79,14.31,91075.41,12.83,51154.89,11.68,53426.18,11.65,44827.96,12.01,42857.16,12.54,46969.3,13.13,74869.99
54,000710.SZ,20221017,12.23,12.73,12.23,12.67,12.38,0.28999999999999915,2.34,74807.67,94328.547,11.84,58682.37,11.47,47368.12,12.1,41621.97,13.86,89462.98,14.34,90876.17,12.85,50983.95,11.55,52319.62,11.65,42990.95,12.02,41643.52,12.55,46569.92,13.17,76275.23
55,000710.SZ,20221014,11.8,12.68,11.76,12.38,11.81,0.5700000000000003,4.83,87261.97,107895.823,11.56,52361.44,11.4,43635.25,12.12,40686.98,13.9,90682.24,14.36,90708.9,12.86,50838.09,11.36,49131.53,11.64,40745.48,12.02,40310.32,12.55,46659.9,13.21,77878.36
56,000710.SZ,20221013,11.27,11.95,11.22,11.81,11.32,0.4900000000000002,4.33,58659.15,68495.264,11.36,43379.2,11.34,39099.1,12.14,39999.95,13.93,91116.87,14.38,90544.63,12.88,50433.58,11.25,43220.83,11.64,37821.69,12.03,38727.15,12.57,45881.72,13.26,80375.96
57,000710.SZ,20221012,10.98,11.34,10.85,11.32,11.01,0.3100000000000005,2.82,33122.61,36578.373,11.24,39765.42,11.32,37831.47,12.18,40794.92,13.96,92101.13,14.4,90459.64,12.91,50708.2,11.23,39505.67,11.68,36408.28,12.06,38277.91,12.6,45578.2,13.31,83338.17
58,000710.SZ,20221011,11.11,11.25,10.81,11.01,11.28,-0.2699999999999996,-2.39,39560.46,43349.678,11.2,42289.15,11.36,38957.25,12.25,44256.52,14.01,93595.2,14.43,90869.22,12.95,51581.54,11.26,38821.45,11.75,36321.25,12.11,38709.85,12.64,46098.15,13.36,84184.06
59,000710.SZ,20221010,11.36,11.66,11.2,11.28,11.36,-0.08000000000000007,-0.7,43203.0,49413.63,11.25,45956.86,11.45,39047.91,12.32,45049.71,14.06,96248.39,14.47,91077.14,12.99,52390.72,11.32,37694.6,11.83,36217.86,12.18,38825.11,12.69,46378.39,13.4,84368.57
60,000710.SZ,20220930,11.25,11.52,11.21,11.36,11.25,0.10999999999999943,0.98,42350.76,48210.957,11.16,45901.62,11.54,37767.68,12.38,44859.41,14.11,97323.79,14.52,91231.37,13.02,52783.09,11.35,37592.3,11.91,36970.75,12.25,39515.11,12.75,46559.71,13.43,84658.63
61,000710.SZ,20220929,11.24,11.44,11.17,11.25,11.11,0.14000000000000057,1.26,40590.27,45907.379,11.15,43062.46,11.63,36988.71,12.43,44774.95,14.15,97397.81,14.56,91469.7,13.05,53288.49,11.4,38133.0,12.0,38928.65,12.31,40959.68,12.79,46637.92,13.46,84896.37
62,000710.SZ,20220928,11.19,11.52,11.1,11.11,11.26,-0.15000000000000036,-1.33,45741.27,51601.784,11.21,39245.93,11.72,36166.25,12.49,44988.14,14.19,97437.39,14.61,91709.65,13.07,53965.37,11.49,38147.88,12.08,38369.27,12.39,44633.91,12.84,46934.27,13.5,85172.33
63,000710.SZ,20220927,10.83,11.42,10.83,11.26,10.84,0.41999999999999993,3.87,57899.0,64394.678,11.33,35353.74,11.82,34862.02,12.54,44289.69,14.24,97404.8,14.66,92509.1,13.1,54168.9,11.63,36229.75,12.17,37572.66,12.47,45326.83,12.9,47594.55,13.55,85287.43
64,000710.SZ,20220926,11.18,11.27,10.8,10.84,11.28,-0.4399999999999995,-3.9,42926.78,47129.67,11.4,29432.34,11.93,32746.01,12.58,43750.68,14.28,97427.18,14.72,93443.76,13.13,54125.7,11.76,33662.28,12.25,36305.47,12.53,44621.29,12.95,48300.33,13.59,85485.89
65,000710.SZ,20220923,11.57,11.62,11.21,11.28,11.56,-0.28000000000000114,-2.42,28155.0,32039.397,11.54,29282.99,12.07,31857.95,12.64,43652.31,14.32,97512.74,14.78,94779.71,13.16,54281.46,11.92,32359.42,12.35,35899.72,12.61,44506.37,13.01,48932.55,13.65,85762.35
66,000710.SZ,20220922,11.58,11.77,11.52,11.56,11.69,-0.129999999999999,-1.11,21507.59,25091.755,11.65,33203.54,12.18,32576.24,12.69,44536.34,14.36,98050.51,14.83,95596.37,13.18,54774.97,12.03,32422.54,12.42,36480.3,12.67,45162.49,13.06,49970.95,13.69,86153.58
67,000710.SZ,20220921,11.58,11.72,11.36,11.69,11.61,0.08000000000000007,0.69,26280.35,30368.64,11.77,37049.82,12.28,35403.4,12.72,45233.97,14.4,98609.19,14.89,96487.49,13.21,55698.42,12.14,33310.88,12.47,37664.03,12.71,45178.7,13.11,51512.17,13.74,86796.28
68,000710.SZ,20220920,11.66,11.73,11.55,11.61,11.57,0.03999999999999915,0.35,28292.0,32902.038,11.93,37105.75,12.39,39651.75,12.73,46113.72,14.44,98913.93,14.94,97244.91,13.23,56449.37,12.24,33821.05,12.54,38654.06,12.75,45621.78,13.15,52093.1,13.78,87225.41
69,000710.SZ,20220919,11.81,11.82,11.4,11.57,11.81,-0.2400000000000002,-2.03,42180.01,48684.807,12.11,37892.21,12.48,39737.19,12.74,48310.19,14.48,99333.03,14.99,97566.96,13.25,57133.72,12.35,34741.12,12.61,39390.36,12.79,45998.12,13.18,52557.31,13.83,87795.31
70,000710.SZ,20220916,12.19,12.24,11.81,11.81,12.19,-0.379999999999999,-3.12,47757.75,57178.666,12.3,35435.86,12.59,38785.57,12.79,48260.25,14.51,99233.87,15.04,97778.63,13.27,57290.58,12.47,36349.19,12.69,40476.51,12.84,46532.52,13.22,52918.77,13.87,88404.06
71,000710.SZ,20220915,12.59,12.65,12.1,12.19,12.47,-0.28000000000000114,-2.25,40739.01,50254.347,12.42,31641.54,12.67,37616.15,12.83,48104.79,14.55,99171.64,15.09,97783.25,13.28,57460.17,12.61,39724.3,12.76,42373.02,12.86,46448.16,13.26,53071.54,13.92,89083.15
72,000710.SZ,20220914,12.43,12.47,12.17,12.47,12.53,-0.05999999999999872,-0.48,26560.0,32788.987,12.5,29571.94,12.71,37160.2,12.86,48096.74,14.58,99169.27,15.13,97918.6,13.29,57757.6,12.67,38590.67,12.83,47876.92,12.85,46963.26,13.29,53713.49,13.97,89727.64
73,000710.SZ,20220913,12.59,12.73,12.52,12.53,12.49,0.03999999999999915,0.32,32224.26,40640.367,12.55,30536.34,12.73,38176.11,12.89,48189.54,14.61,99298.49,15.18,98474.12,13.3,58104.17,12.72,38915.56,12.88,49875.36,12.84,49510.32,13.31,54914.53,14.02,90768.97
74,000710.SZ,20220909,12.45,12.6,12.43,12.49,12.41,0.08000000000000007,0.64,29898.27,37424.949,12.58,31590.03,12.74,39172.86,12.91,48258.18,14.63,99256.15,15.22,98607.69,13.3,58664.42,12.75,38948.66,12.92,50100.8,12.86,49785.59,13.34,56048.28,14.07,91627.15
75,000710.SZ,20220908,12.65,12.65,12.4,12.41,12.59,-0.17999999999999972,-1.43,28786.18,35894.012,12.65,37262.52,12.77,40417.68,12.94,48693.41,14.66,99383.94,15.26,99001.05,13.31,59866.88,12.78,39440.01,12.96,50579.84,12.88,50204.71,13.35,56760.49,14.12,93303.94
76,000710.SZ,20220907,12.73,12.74,12.55,12.59,12.71,-0.120000000000001,-0.94,30390.99,38360.443,12.8,47807.06,12.83,41512.44,12.97,49269.84,14.69,99485.91,15.3,99208.16,13.32,60390.01,12.8,40538.07,12.99,51532.47,12.91,50594.01,13.37,57618.32,14.17,94861.72
77,000710.SZ,20220906,12.7,12.77,12.6,12.71,12.68,0.030000000000001137,0.24,31382.0,39779.559,12.84,47609.41,12.88,44090.28,13.0,49724.08,14.72,99549.55,15.34,99342.14,13.33,61894.75,12.81,42017.17,13.0,51112.62,12.94,50571.49,13.39,58634.41,14.22,96470.79
78,000710.SZ,20220905,12.86,13.1,12.59,12.68,12.85,-0.16999999999999993,-1.32,37492.72,47748.221,12.89,47294.79,12.91,48267.67,13.03,50650.32,14.75,99600.71,15.38,99746.11,13.34,63767.29,12.84,43487.07,13.0,51522.14,12.96,50677.36,13.39,59128.14,14.27,99186.61
79,000710.SZ,20220902,13.08,13.24,12.78,12.85,13.16,-0.3100000000000005,-2.36,58260.72,75335.721,12.92,46307.3,12.98,56984.93,13.05,50924.24,14.77,99585.45,15.41,100284.15,13.35,64939.68,12.88,44039.6,13.02,51626.62,12.98,50917.47,13.4,59414.24,14.32,100960.68
80,000710.SZ,20220901,12.88,13.31,12.76,13.16,12.78,0.3800000000000008,2.97,81508.87,106860.256,12.91,41617.49,13.03,57620.93,13.06,50534.27,14.79,99504.04,15.46,100171.58,13.36,65400.06,12.91,44603.82,13.02,51624.18,13.0,50588.28,13.41,59353.38,14.36,101723.91
81,000710.SZ,20220831,12.92,12.98,12.66,12.78,12.97,-0.19000000000000128,-1.46,29402.72,37654.465,12.8,33269.08,13.03,54176.64,13.06,50495.97,14.81,99351.2,15.5,99873.08,13.36,65164.14,12.92,45021.74,12.98,49810.09,13.02,49399.15,13.4,59081.03,14.38,102714.61
82,000710.SZ,20220830,12.74,13.08,12.74,12.97,12.84,0.13000000000000078,1.01,29808.91,38632.681,12.78,36424.93,13.07,54951.73,13.08,50824.45,14.84,99454.63,15.55,99881.8,13.37,65994.32,13.0,57163.18,12.95,51149.55,13.05,50514.86,13.41,60103.77,14.42,104538.49
83,000710.SZ,20220829,12.59,12.84,12.39,12.84,12.79,0.05000000000000071,0.39,32555.27,41238.012,12.78,39679.35,13.09,56338.65,13.1,51137.36,14.86,99958.32,15.59,99946.62,13.38,66903.13,13.05,60835.16,12.91,54807.69,13.06,51081.43,13.42,60983.64,14.47,107803.59
84,000710.SZ,20220826,12.64,12.91,12.58,12.79,12.64,0.14999999999999858,1.19,34811.7,44525.327,12.85,41771.9,13.07,55526.24,13.12,52071.62,14.89,100251.0,15.64,99965.23,13.39,67915.01,13.08,61252.94,12.91,55204.05,13.08,51496.32,13.43,61768.02,14.52,109182.79
85,000710.SZ,20220825,12.7,12.72,12.38,12.64,12.66,-0.019999999999999574,-0.16,39766.78,49865.042,12.92,47590.16,13.08,55892.45,13.16,52705.83,14.93,100490.27,15.68,100044.16,13.41,69266.02,13.13,61719.67,12.93,55587.06,13.08,53009.48,13.43,62086.9,14.56,109334.44
86,000710.SZ,20220824,12.93,13.06,12.6,12.66,12.98,-0.3200000000000003,-2.47,45182.0,57758.162,13.03,56774.4,13.1,55878.27,13.21,53126.86,14.98,100787.92,15.73,100077.61,13.43,71669.06,13.18,62526.86,12.97,55621.98,13.12,53036.29,13.44,62432.08,14.59,109388.79
87,000710.SZ,20220823,13.1,13.19,12.9,12.98,13.17,-0.1899999999999995,-1.44,46081.0,59814.734,13.22,77901.42,13.12,56880.57,13.26,53181.61,15.03,101037.65,15.78,100127.88,13.45,74449.31,13.19,60208.06,13.01,54848.65,13.15,52878.49,13.44,62729.81,14.63,109354.35
88,000710.SZ,20220822,13.17,13.3,12.92,13.17,13.15,0.019999999999999574,0.15,43018.0,56536.002,13.32,81990.98,13.07,56814.87,13.3,53543.08,15.07,101973.53,15.83,100066.65,13.48,75797.13,13.17,59557.21,13.03,54272.5,13.17,53486.45,13.44,62837.67,14.66,109479.69
89,000710.SZ,20220819,13.21,13.45,13.14,13.15,13.2,-0.049999999999998934,-0.38,63903.0,84697.69,13.32,80733.98,12.99,57828.25,13.33,54788.38,15.13,103173.79,15.88,100216.97,13.49,77726.19,13.15,59213.64,13.03,54356.4,13.2,53931.68,13.44,63358.09,14.7,109581.6
90,000710.SZ,20220818,13.65,13.73,13.2,13.2,13.58,-0.3800000000000008,-2.8,85688.0,114588.523,13.35,75849.18,12.91,60833.55,13.37,55857.3,15.18,104596.01,15.92,100168.69,13.49,78709.87,13.12,58644.54,13.05,53580.5,13.24,53604.31,13.44,64294.42,14.73,109929.02
91,000710.SZ,20220817,14.04,14.56,13.58,13.58,13.49,0.08999999999999986,0.67,150817.1,210798.472,13.34,68279.33,12.9,57356.19,13.41,55715.29,15.23,105154.92,15.97,99951.96,13.49,79044.04,13.05,54598.44,13.07,51587.85,13.28,52316.16,13.43,63999.96,14.76,110064.61
92,000710.SZ,20220816,13.19,13.73,13.13,13.49,13.18,0.3100000000000005,2.35,66528.78,89149.56,13.16,42514.71,12.86,49021.95,13.43,53940.05,15.28,105302.76,16.02,99492.17,13.47,78460.42,12.89,45135.92,13.07,47190.7,13.3,49234.62,13.42,63873.79,14.79,109392.48
93,000710.SZ,20220815,13.31,13.41,13.1,13.18,13.28,-0.09999999999999964,-0.75,36733.0,48535.877,13.03,37123.44,12.86,47017.06,13.45,55335.7,15.33,105912.18,16.07,99705.02,13.47,79604.66,12.76,48780.22,13.07,46204.56,13.33,49862.27,13.43,65628.68,14.83,109576.76
94,000710.SZ,20220812,13.2,13.38,13.12,13.28,13.15,0.129999999999999,0.99,39479.0,52435.366,12.97,37693.31,12.88,46477.23,13.48,56053.44,15.38,106231.52,16.13,100441.71,13.46,81766.89,12.74,49155.16,13.07,46618.01,13.37,51979.37,13.43,67106.84,14.86,109503.16
95,000710.SZ,20220811,12.77,13.18,12.74,13.15,12.7,0.45000000000000107,3.54,47838.76,62396.669,12.9,41439.91,12.88,46098.71,13.5,56543.61,15.42,106498.69,16.19,101310.31,13.47,83708.9,12.73,49454.46,13.06,48654.39,13.42,53358.73,13.43,67995.34,14.88,109497.48
96,000710.SZ,20220810,12.87,12.87,12.63,12.7,12.83,-0.13000000000000078,-1.01,21994.0,28014.598,12.75,40917.54,12.9,45856.95,13.52,57015.04,15.47,106503.56,16.25,101374.65,13.49,86642.35,12.76,48717.1,13.09,48291.0,13.45,54779.41,13.43,68261.61,14.91,109435.47
97,000710.SZ,20220809,12.88,12.88,12.65,12.83,12.91,-0.08000000000000007,-0.62,39572.46,50390.615,12.63,47757.13,12.95,47887.03,13.56,58042.4,15.52,106792.58,16.3,101742.84,13.53,89445.6,12.83,49489.23,13.13,49213.7,13.5,57845.64,13.44,69422.81,14.95,109628.59
98,000710.SZ,20220808,12.96,13.12,12.8,12.91,12.91,0.0,0.0,39582.35,51193.944,12.49,60437.01,13.01,48368.76,13.59,59209.55,15.57,107354.18,16.36,101992.07,13.59,92062.87,12.88,48987.8,13.17,50451.08,13.54,58564.43,13.46,70396.09,14.98,109516.55
99,000710.SZ,20220805,12.47,12.95,12.4,12.91,12.42,0.4900000000000002,3.95,58212.0,73945.34,12.51,60617.0,13.07,50160.43,13.62,60946.03,15.61,107459.84,16.41,102043.49,13.66,94703.01,12.92,49499.16,13.23,51290.69,13.58,59116.5,13.47,71543.83,15.0,109589.2
100,000710.SZ,20220804,12.22,12.44,12.15,12.42,12.07,0.34999999999999964,2.9,45226.91,55625.192,12.56,57469.0,13.11,49283.05,13.65,62182.42,15.66,107724.87,16.46,101951.57,13.72,97489.29,12.97,48516.46,13.31,51084.19,13.61,59305.02,13.49,72842.58,15.03,109466.34
101,000710.SZ,20220803,12.05,12.39,12.03,12.07,12.15,-0.08000000000000007,-0.66,56191.92,68946.594,12.76,56516.66,13.18,49265.74,13.68,62988.41,15.71,107853.76,16.51,101854.31,13.79,102045.92,13.09,48577.27,13.39,51175.02,13.66,59694.92,13.52,75755.39,15.07,109419.07
102,000710.SZ,20220802,12.89,12.89,12.0,12.15,12.99,-0.8399999999999999,-6.47,102971.85,126149.324,13.03,51221.33,13.25,51113.03,13.73,63696.18,15.76,107831.83,16.57,101720.41,13.88,106818.37,13.26,49245.48,13.5,51283.98,13.72,60463.72,13.56,79047.2,15.11,109273.72
103,000710.SZ,20220801,13.19,13.21,12.9,12.99,13.15,-0.16000000000000014,-1.22,40482.33,52654.461,13.26,37538.59,13.36,46312.96,13.76,63354.55,15.81,107808.79,16.62,101235.56,13.94,107240.47,13.38,43628.89,13.61,50403.29,13.78,60318.75,13.61,79783.79,15.14,108709.74
104,000710.SZ,20220729,13.45,13.52,13.15,13.15,13.45,-0.29999999999999893,-2.23,42472.0,56351.442,13.34,38381.31,13.41,46310.32,13.77,63958.18,15.85,108419.47,16.66,101110.98,13.98,107523.38,13.41,44080.86,13.69,53391.48,13.82,62310.97,13.63,82237.38,15.17,108760.2
105,000710.SZ,20220728,13.45,13.64,13.43,13.45,13.41,0.03999999999999915,0.3,40465.18,54726.418,13.39,39563.92,13.45,47990.94,13.77,64316.61,15.9,108397.01,16.71,101014.42,14.0,107997.23,13.39,47854.32,13.76,55310.87,13.83,63316.26,13.63,83824.17,15.19,108902.11
106,000710.SZ,20220727,13.29,13.5,13.28,13.41,13.32,0.08999999999999986,0.68,29715.28,39804.993,13.42,40637.88,13.5,49214.75,13.76,64732.61,15.95,108331.7,16.76,100934.99,14.03,108402.75,13.41,47864.9,13.8,57810.56,13.83,64642.62,13.62,84995.6,15.22,108934.04
107,000710.SZ,20220726,13.34,13.39,13.19,13.32,13.35,-0.02999999999999936,-0.22,34558.16,45872.852,13.48,47269.62,13.57,51089.11,13.75,65775.33,16.0,108339.76,16.8,101065.9,14.06,108989.29,13.44,48938.17,13.84,62023.84,13.83,66697.33,13.61,86284.42,15.24,109539.25
108,000710.SZ,20220725,13.42,13.71,13.3,13.35,13.4,-0.05000000000000071,-0.37,44695.95,60367.118,13.49,49719.19,13.64,52049.52,13.75,67428.54,16.05,108382.86,16.85,101257.39,14.11,109322.55,13.47,51914.36,13.87,63352.74,13.83,67578.92,13.6,88247.57,15.28,109873.77
109,000710.SZ,20220722,13.69,13.9,13.31,13.4,13.61,-0.20999999999999908,-1.54,48385.01,65482.084,13.48,49780.4,13.71,53101.44,13.75,68543.41,16.1,108320.39,16.9,101130.96,14.15,109816.13,13.55,53082.23,13.91,63925.17,13.82,67911.01,13.59,90817.64,15.32,110078.53
110,000710.SZ,20220721,13.7,13.9,13.6,13.61,13.72,-0.11000000000000121,-0.8,45835.0,62744.459,13.4,56144.72,13.78,55945.53,13.74,69462.03,16.15,108318.76,16.95,101020.05,14.2,110185.68,13.64,53651.93,13.93,64699.3,13.81,68118.47,13.6,93096.72,15.37,110363.89
111,000710.SZ,20220720,13.46,13.93,13.39,13.72,13.38,0.33999999999999986,2.54,62874.0,85935.583,13.41,55091.92,13.86,60131.0,13.72,69700.54,16.2,108315.88,16.99,101014.28,14.25,110575.93,13.7,53772.77,13.95,65253.75,13.79,68762.91,13.61,96796.93,15.42,110658.12
112,000710.SZ,20220719,13.31,13.46,13.16,13.38,13.29,0.09000000000000163,0.68,46806.0,62431.707,13.39,50606.72,13.92,61514.53,13.7,69630.04,16.25,108252.02,17.04,100878.17,14.29,111052.69,13.75,53322.48,13.96,66072.84,13.78,69692.67,13.65,99619.66,15.47,111641.23
113,000710.SZ,20220718,13.01,13.31,12.92,13.29,13.0,0.28999999999999915,2.23,45002.0,59273.879,13.44,54109.52,13.99,64872.45,13.69,70107.7,16.3,108175.12,17.08,100849.58,14.34,111465.63,13.84,57177.69,13.98,68663.67,13.78,70885.86,13.71,102770.69,15.53,113049.98
114,000710.SZ,20220715,13.54,13.58,12.98,13.0,13.65,-0.6500000000000004,-4.76,80206.6,105443.704,13.61,56384.06,14.05,70178.52,13.68,70329.77,16.35,108337.76,17.13,101147.98,14.38,112154.67,13.97,62702.1,14.02,71426.03,13.78,72039.73,13.79,105980.54,15.59,114914.16
115,000710.SZ,20220714,13.64,13.83,13.52,13.65,13.64,0.009999999999999787,0.07,40571.0,55684.051,13.88,51159.14,14.13,68711.56,13.68,70154.37,16.41,108167.88,17.18,101135.88,14.44,112621.64,14.12,62767.42,14.05,71047.23,13.77,71164.32,13.88,109096.81,15.65,115630.52
116,000710.SZ,20220713,13.63,13.74,13.47,13.64,13.62,0.02000000000000135,0.15,40448.0,55019.572,13.99,52453.63,14.16,69909.52,13.66,72492.95,16.47,108226.84,17.22,101313.04,14.49,113804.01,14.19,67756.22,14.04,73031.49,13.75,71827.86,13.94,114870.2,15.71,116726.65
117,000710.SZ,20220712,14.2,14.21,13.62,13.62,14.14,-0.5200000000000014,-3.68,64320.0,88736.663,14.11,56038.23,14.18,71711.03,13.65,73303.92,16.52,108453.68,17.25,101270.08,14.55,114839.08,14.24,75109.51,14.03,75576.91,13.73,72581.13,14.03,121098.15,15.77,117675.3
118,000710.SZ,20220711,14.35,14.55,14.0,14.14,14.35,-0.20999999999999908,-1.46,56374.7,80388.145,14.25,60245.87,14.21,71142.11,13.62,75625.29,16.58,108718.81,17.28,101182.7,14.62,116001.74,14.28,74791.12,14.01,75411.2,13.71,72188.89,14.08,122269.97,15.83,117828.61
119,000710.SZ,20220708,14.18,14.51,14.18,14.35,14.18,0.16999999999999993,1.2,54082.0,77672.009,14.34,69020.15,14.18,72902.19,13.61,79020.81,16.64,109447.0,17.31,100967.2,14.68,117052.82,14.27,74768.11,13.96,75325.4,13.67,72784.5,14.1,122358.74,15.87,118008.42
120,000710.SZ,20220707,14.2,14.31,14.07,14.18,14.26,-0.08000000000000007,-0.56,47043.44,66820.173,14.37,74375.71,14.15,76328.4,13.59,81119.05,16.71,110365.0,17.34,100769.66,14.74,119413.24,14.23,75746.68,13.9,75351.75,13.63,74984.52,14.11,122757.56,15.92,117962.23
121,000710.SZ,20220706,14.33,14.48,14.11,14.26,14.3,-0.040000000000000924,-0.28,58371.02,83451.1,14.4,83058.82,14.14,80421.15,13.56,82464.52,16.77,110446.03,17.37,100685.39,14.79,121662.25,14.2,76734.73,13.84,76257.97,13.59,75683.77,14.14,123154.82,15.96,118100.32
122,000710.SZ,20220705,14.6,14.66,14.13,14.3,14.6,-0.29999999999999893,-2.05,85358.18,122564.872,14.36,94180.8,14.09,81518.04,13.53,82624.62,16.82,110625.52,17.4,100459.6,14.85,123863.7,14.16,78823.21,13.79,77877.77,13.54,78512.96,14.17,123410.4,16.01,118617.58
123,000710.SZ,20220704,14.69,14.85,14.49,14.6,14.5,0.09999999999999964,0.69,100246.11,146948.997,14.32,89336.38,14.03,81125.57,13.5,82810.16,16.88,110600.06,17.44,100069.06,14.91,127489.33,14.12,80149.65,13.75,77739.94,13.53,81395.1,14.21,122980.31,16.06,118362.9
124,000710.SZ,20220701,14.33,14.67,14.21,14.5,14.34,0.16000000000000014,1.12,80859.78,117186.426,14.2,80516.07,13.93,80441.75,13.48,82743.19,16.92,110239.14,17.47,99571.8,14.96,129491.12,14.06,80149.96,13.68,76708.54,13.49,82234.3,14.24,122671.44,16.1,118330.66
125,000710.SZ,20220630,14.1,14.54,14.02,14.34,14.08,0.2599999999999998,1.85,90459.0,129172.548,14.09,77117.64,13.83,78914.52,13.46,83554.57,16.97,109973.98,17.5,99226.0,14.99,130410.97,13.97,79327.04,13.6,75362.77,13.45,82631.95,14.28,122592.14,16.14,118188.38
126,000710.SZ,20220629,14.03,14.55,13.97,14.08,14.08,0.0,0.0,113980.92,162328.903,14.0,70410.64,13.74,76160.65,13.45,84898.05,17.02,109545.72,17.54,98802.29,15.02,131876.76,13.89,78306.75,13.53,73863.68,13.41,81743.81,14.33,122336.22,16.18,117876.51
127,000710.SZ,20220628,13.94,14.09,13.73,14.08,13.98,0.09999999999999964,0.72,61136.1,85394.117,13.96,63465.61,13.67,71593.58,13.45,88016.12,17.07,108987.26,17.58,98242.34,15.06,133667.26,13.82,76044.3,13.48,71316.94,13.39,80999.99,14.38,122080.39,16.22,117757.11
128,000710.SZ,20220627,13.96,14.15,13.88,13.98,13.95,0.030000000000001137,0.22,56144.57,78657.115,13.93,70962.92,13.58,71903.72,13.46,93679.78,17.11,108708.77,17.61,98075.69,15.13,138473.71,13.73,76031.27,13.42,70887.77,13.37,82227.76,14.42,122357.72,16.26,118317.82
129,000710.SZ,20220624,13.91,14.17,13.89,13.95,13.91,0.03999999999999915,0.29,63867.63,89388.906,13.93,79783.85,13.54,74566.99,13.5,96356.92,17.16,108453.79,17.65,98122.25,15.19,140365.92,13.65,75882.68,13.37,71792.69,13.37,83971.16,14.47,123033.31,16.31,118176.92
130,000710.SZ,20220623,13.88,13.99,13.59,13.91,13.87,0.040000000000000924,0.29,56924.0,78485.032,13.86,81536.44,13.49,76008.06,13.49,99998.98,17.21,108191.89,17.71,97876.18,15.23,140221.15,13.57,74956.82,13.33,74603.45,13.37,86380.14,14.52,123889.34,16.37,117903.54
131,000710.SZ,20220622,13.92,14.25,13.81,13.87,13.93,-0.0600000000000005,-0.43,79255.76,111188.399,13.78,86202.86,13.44,77753.76,13.48,102374.13,17.26,107984.37,17.76,97627.56,15.28,140079.35,13.48,75781.22,13.28,75158.29,13.38,91815.86,14.58,125094.75,16.42,117686.47
132,000710.SZ,20220621,14.04,14.08,13.66,13.93,14.0,-0.07000000000000028,-0.5,98622.64,136795.076,13.67,88622.99,13.37,75806.73,13.45,103300.46,17.32,107793.98,17.81,97269.24,15.32,139569.93,13.43,76932.34,13.23,78357.84,13.4,97630.68,14.65,125741.8,16.48,117365.71
133,000710.SZ,20220620,13.57,14.28,13.57,14.0,13.6,0.40000000000000036,2.94,100249.21,140258.512,13.53,81099.62,13.3,72872.47,13.41,103548.17,17.37,107573.81,17.85,96800.16,15.36,139069.91,13.37,75330.24,13.23,82017.82,13.44,99248.84,14.73,126623.41,16.53,116841.35
134,000710.SZ,20220617,13.45,13.67,13.21,13.6,13.51,0.08999999999999986,0.67,72630.59,97845.34,13.36,71981.52,13.22,70010.69,13.38,105080.47,17.42,107039.65,17.9,96375.85,15.4,138469.89,13.29,73267.13,13.2,83276.47,13.44,102163.79,14.81,127206.02,16.59,116407.2
135,000710.SZ,20220616,13.32,13.66,13.25,13.51,13.32,0.1899999999999995,1.43,80256.1,108550.715,13.27,68377.2,13.16,68466.23,13.35,108794.28,17.47,106741.12,17.95,96047.76,15.44,138909.39,13.23,71398.5,13.18,84284.41,13.43,104332.07,14.89,129847.4,16.65,116180.45
136,000710.SZ,20220615,13.21,13.58,13.17,13.32,13.21,0.10999999999999943,0.83,91356.41,122545.41,13.17,65359.58,13.12,68003.68,13.37,111878.79,17.53,106495.31,17.99,95732.52,15.5,139198.76,13.17,69420.62,13.17,83462.33,13.41,105348.57,14.97,132105.12,16.71,115958.96
137,000710.SZ,20220614,13.08,13.23,12.71,13.21,13.15,0.0600000000000005,0.46,61005.8,79197.398,13.18,65241.7,13.11,70213.41,13.4,117069.71,17.58,106137.78,18.05,95265.64,15.55,138916.16,13.14,66589.59,13.17,83477.83,13.38,105871.52,15.06,134307.17,16.78,115495.43
138,000710.SZ,20220613,13.18,13.34,13.03,13.15,13.18,-0.02999999999999936,-0.23,54658.68,72033.588,13.2,69560.85,13.09,70753.02,13.47,122105.95,17.64,106005.6,18.1,95032.73,15.61,139284.65,13.11,65744.27,13.2,85326.0,13.38,108916.23,15.15,139245.09,16.84,115557.24
139,000710.SZ,20220610,12.85,13.25,12.8,13.18,12.99,0.1899999999999995,1.46,54609.0,71558.143,13.22,74552.74,13.07,77567.49,13.6,127435.63,17.7,106288.75,18.16,94885.73,15.65,138927.88,13.09,67702.7,13.23,88015.4,13.36,113724.28,15.24,142507.12,16.91,115566.28
140,000710.SZ,20220609,13.33,13.37,12.94,12.99,13.37,-0.379999999999999,-2.84,65168.0,85357.465,13.18,74419.81,13.12,86583.89,13.74,132817.5,17.75,106452.31,18.22,94647.95,15.7,138717.05,13.09,74250.08,13.27,92091.81,13.39,118074.97,15.3,144094.44,16.98,115520.05
141,000710.SZ,20220608,13.25,13.47,12.92,13.37,13.33,0.03999999999999915,0.3,90767.0,119971.291,13.18,73481.66,13.15,91218.83,13.89,138759.12,17.8,106489.41,18.28,94339.18,15.75,138386.78,13.09,74535.36,13.34,99833.17,13.43,124830.96,15.36,146348.19,17.05,115586.25
142,000710.SZ,20220607,13.28,13.4,13.02,13.33,13.25,0.08000000000000007,0.6,82601.58,109199.468,13.1,67937.48,13.15,91374.4,14.02,147471.09,17.84,106089.56,18.34,93934.33,15.79,137778.8,13.04,79783.34,13.39,107979.85,13.51,129546.65,15.42,148973.22,17.12,115684.02
143,000710.SZ,20220606,12.98,13.31,12.91,13.25,12.94,0.3100000000000005,2.4,79618.1,104755.613,13.01,61927.69,13.14,89929.24,14.17,157221.79,17.87,105860.05,18.4,93571.78,15.83,137025.81,13.09,88705.4,13.48,111208.14,13.65,134655.52,15.52,154623.53,17.2,116339.29
144,000710.SZ,20220602,12.88,12.99,12.67,12.94,13.0,-0.0600000000000005,-0.46,53944.37,69226.099,12.95,60852.66,13.15,90856.04,14.28,158839.77,17.92,105445.73,18.47,93221.06,15.87,136608.24,13.11,93285.81,13.51,116612.12,13.81,139921.35,15.61,156597.55,17.29,117228.08
145,000710.SZ,20220601,12.97,13.15,12.84,13.0,12.96,0.03999999999999915,0.31,60477.23,78672.75,13.0,74080.35,13.21,94242.57,14.35,159067.9,17.96,105214.85,18.53,93205.18,15.92,136468.57,13.14,97170.32,13.53,120798.85,13.98,147029.3,15.68,156581.99,17.37,117267.81
146,000710.SZ,20220531,12.92,13.02,12.62,12.96,12.9,0.0600000000000005,0.47,63046.11,81100.661,13.0,75589.06,13.27,97932.51,14.41,159583.6,18.0,105022.66,18.6,92977.08,15.97,136189.6,13.17,97504.05,13.53,123312.54,14.13,157912.53,15.75,156345.51,17.45,117465.65
147,000710.SZ,20220530,13.09,13.16,12.76,12.9,12.96,-0.0600000000000005,-0.46,52552.64,67812.829,12.98,91629.19,13.36,103554.9,14.49,159813.99,18.05,104725.2,18.66,92718.75,16.02,135865.66,13.21,100366.07,13.51,125512.49,14.32,169615.17,15.82,155978.89,17.52,117621.03
148,000710.SZ,20220527,13.0,13.23,12.83,12.96,13.18,-0.21999999999999886,-1.67,74242.97,96837.958,13.17,115483.11,13.46,116435.11,14.58,160436.13,18.11,104494.67,18.72,92500.53,16.07,135635.55,13.29,104907.74,13.51,130502.21,14.46,172351.06,15.89,156121.7,17.59,117585.37
149,000710.SZ,20220526,12.8,13.53,12.46,13.18,13.01,0.16999999999999993,1.31,120082.79,155396.538,13.26,125718.96,13.57,130239.54,14.69,160004.07,18.16,104091.66,18.78,92192.5,16.11,135266.14,13.38,108328.1,13.49,136735.07,14.54,171932.99,15.96,155805.12,17.66,117322.33
150,000710.SZ,20220525,12.8,13.05,12.64,13.01,12.86,0.15000000000000036,1.17,68020.81,87871.289,13.27,120260.28,13.73,132322.97,14.79,158875.58,18.2,103413.45,18.84,91618.96,16.14,134458.38,13.46,109933.53,13.53,139987.42,14.59,170530.59,16.02,155563.63,17.73,116561.54
151,000710.SZ,20220524,13.67,13.9,12.85,12.86,13.84,-0.9800000000000004,-7.08,143246.76,191375.635,13.33,119419.03,13.79,141528.88,14.9,159113.25,18.25,103072.0,18.91,91394.92,16.19,134142.06,13.59,125130.99,13.61,149978.75,14.68,170625.88,16.09,156129.26,17.8,116274.4
152,000710.SZ,20220523,13.84,14.17,13.66,13.84,13.41,0.4299999999999997,3.21,171822.22,238682.548,13.43,109102.96,13.83,141100.59,15.03,157109.04,18.31,102211.6,18.97,90815.75,16.24,133596.64,13.74,136176.36,13.75,154428.31,14.79,168307.84,16.16,154911.17,17.87,115255.95
153,000710.SZ,20220520,13.41,13.8,13.18,13.41,13.25,0.16000000000000014,1.21,125422.21,168676.798,13.4,94332.37,13.76,136402.81,15.13,154956.36,18.35,101247.36,19.02,89936.92,16.29,132301.68,13.87,133710.88,13.93,157630.58,14.89,164565.53,16.23,153524.85,17.93,113985.99
154,000710.SZ,20220519,13.03,13.37,12.94,13.25,13.31,-0.0600000000000005,-0.45,92789.42,121663.563,13.49,90937.23,13.69,134989.18,15.23,153555.0,18.4,100820.91,19.08,89395.01,16.35,131552.95,13.91,139938.43,14.16,163239.12,14.99,163108.59,16.28,151899.49,17.99,113158.76
155,000710.SZ,20220518,13.34,13.45,13.21,13.31,13.34,-0.02999999999999936,-0.22,63814.54,84983.49,13.65,99606.78,13.67,139570.54,15.33,153669.43,18.47,100331.27,19.13,88954.62,16.43,131417.47,13.93,144427.39,14.4,171958.79,15.11,162552.33,16.34,150999.61,18.06,112610.86
156,000710.SZ,20220517,13.69,13.7,13.05,13.34,13.71,-0.370000000000001,-2.7,91666.39,121638.74,13.84,130842.95,13.61,149961.74,15.45,155181.63,18.53,99991.65,19.19,88784.75,16.51,131648.51,13.9,149121.03,14.62,188116.77,15.24,162928.63,16.4,150609.33,18.12,112511.06
157,000710.SZ,20220516,13.86,14.24,13.52,13.71,13.84,-0.129999999999999,-0.94,97969.27,135492.913,14.05,163249.77,13.67,157151.23,15.57,156286.99,18.59,99484.93,19.25,88401.12,16.6,132837.6,13.8,150658.9,14.88,204239.71,15.37,163160.79,16.45,149834.36,18.19,112304.83
158,000710.SZ,20220513,14.18,14.43,13.74,13.84,14.04,-0.1999999999999993,-1.42,108446.55,151224.882,14.34,173089.39,13.72,170218.79,15.7,156878.45,18.65,98938.95,19.31,87993.76,16.69,134409.42,13.73,156096.68,15.04,206072.72,15.47,162487.68,16.49,148637.0,18.26,111682.84
159,000710.SZ,20220512,13.94,14.4,13.81,14.04,14.25,-0.21000000000000085,-1.47,136137.16,191279.879,14.33,188939.62,13.87,179741.19,15.84,158145.3,18.71,98384.05,19.37,87453.22,16.79,136546.17,13.61,165142.04,15.12,203735.43,15.57,162095.46,16.53,147634.56,18.32,111026.13
160,000710.SZ,20220511,14.26,14.85,14.23,14.25,14.42,-0.16999999999999993,-1.18,219995.37,318796.789,14.21,189247.99,14.13,187412.78,15.97,158117.89,18.76,97557.98,19.43,86769.61,16.87,136946.61,13.61,170041.3,15.16,200829.12,15.68,161398.54,16.58,146090.09,18.38,110265.48
161,000710.SZ,20220510,15.0,15.26,14.12,14.42,15.17,-0.75,-4.94,253700.51,368636.146,13.96,167399.12,14.42,188766.43,16.1,158444.9,18.81,96217.6,19.5,85620.3,16.96,136308.1,13.63,174826.52,15.23,193373.32,15.78,158373.65,16.62,143082.75,18.44,108764.46
162,000710.SZ,20220509,13.65,15.17,13.58,15.17,13.79,1.3800000000000008,10.01,147167.35,211889.34,13.56,138068.03,14.7,189803.55,16.22,157327.81,18.86,94542.27,19.56,84265.98,17.05,134982.56,13.76,172680.25,15.31,184373.58,15.9,153852.92,16.65,139500.25,18.5,107000.06
163,000710.SZ,20220506,13.0,14.5,12.86,13.79,13.41,0.379999999999999,2.83,187697.73,254153.914,13.12,139103.98,14.89,208250.21,16.32,159572.28,18.92,93670.58,19.62,83479.29,17.11,134123.23,13.99,181550.29,15.39,179992.85,16.02,153997.99,16.68,137635.69,18.55,106568.93
164,000710.SZ,20220505,12.82,14.15,12.58,13.41,12.99,0.41999999999999993,3.23,137679.0,184138.927,12.89,141344.46,15.26,225667.72,16.46,164560.01,18.98,92574.18,19.68,82469.28,17.19,132659.95,14.41,186539.8,15.52,174693.67,16.18,152248.25,16.71,135283.03,18.6,105656.13
165,000710.SZ,20220429,12.45,13.18,12.37,12.99,12.42,0.5700000000000003,4.59,110751.0,141728.971,13.0,150834.61,15.53,225433.13,16.61,167874.77,19.05,91718.25,19.76,81795.85,17.28,131471.42,14.87,199490.2,15.7,171614.8,16.36,155362.74,16.75,133980.05,18.66,105096.39
166,000710.SZ,20220428,12.82,12.95,12.15,12.42,13.01,-0.5899999999999999,-4.53,107045.05,134132.102,13.3,182253.92,15.71,221660.04,16.73,169024.68,19.12,91039.32,19.83,81229.99,17.37,130842.93,15.34,227112.5,15.91,169832.43,16.53,158861.68,16.81,132872.48,18.71,104450.04
167,000710.SZ,20220427,12.34,13.08,11.87,13.01,12.6,0.41000000000000014,3.25,152347.11,189908.287,13.96,207292.47,15.9,219426.65,16.84,171770.21,19.19,90451.15,19.92,80731.21,17.47,131021.56,15.95,257820.53,16.15,169411.73,16.74,162742.82,16.87,132794.07,18.76,103970.93
168,000710.SZ,20220426,13.9,14.18,12.6,12.6,14.0,-1.4000000000000004,-10.0,198900.15,263355.048,14.86,223996.61,16.11,213159.9,16.97,174591.44,19.27,89541.3,19.99,79958.42,17.55,129720.88,16.35,256048.75,16.34,165683.18,16.93,169573.94,16.95,131499.96,18.82,102867.67
169,000710.SZ,20220425,14.19,15.43,13.81,14.0,14.45,-0.4499999999999993,-3.11,185129.73,271066.892,15.94,231735.15,16.38,203529.55,17.16,181142.02,19.35,88301.35,20.08,78914.99,17.64,128353.91,16.62,242328.82,16.55,160572.17,17.12,171289.96,17.05,129339.41,18.87,101382.65
170,000710.SZ,20220422,15.1,15.15,14.17,14.45,15.74,-1.290000000000001,-8.2,267847.55,386146.884,16.73,248145.79,16.59,193869.79,17.3,181522.32,19.42,87371.7,20.15,77959.53,17.72,126736.0,16.71,231616.94,16.71,157077.16,17.22,170113.9,17.13,127631.06,18.92,100113.26
171,000710.SZ,20220421,17.71,17.75,15.74,15.74,17.49,-1.7499999999999982,-10.01,232237.81,376981.883,17.37,271971.08,16.74,179551.83,17.38,175203.58,19.48,85663.93,20.23,76513.55,17.78,123871.83,16.84,211920.12,16.86,150147.21,17.29,167865.42,17.22,124519.3,18.96,98049.63
172,000710.SZ,20220420,18.14,18.5,17.4,17.49,18.02,-0.5300000000000011,-2.94,235867.79,423858.11,17.95,308348.59,16.83,167541.36,17.42,169734.49,19.53,84185.81,20.29,75360.7,17.83,122104.04,16.87,196066.91,16.98,144439.26,17.34,168399.79,17.28,123662.81,19.0,96275.61
173,000710.SZ,20220419,17.7,18.77,17.6,18.02,17.95,0.07000000000000028,0.39,237592.85,431518.898,17.83,288100.89,16.81,155174.88,17.4,164004.52,19.58,82656.69,20.35,74134.43,17.84,120671.4,16.8,178435.41,17.03,140221.84,17.39,174591.53,17.34,123329.28,19.02,94445.13
174,000710.SZ,20220418,17.19,18.32,17.02,17.95,17.67,0.2799999999999976,1.58,267182.97,474532.442,17.31,252922.49,16.75,144485.51,17.38,158814.18,19.61,81160.8,20.41,73043.26,17.87,118026.67,16.63,162847.54,17.06,135102.47,17.42,173273.76,17.4,123847.78,19.04,92652.02
175,000710.SZ,20220415,18.23,18.65,17.59,17.67,18.61,-0.9399999999999977,-5.05,386973.97,697313.552,16.7,215088.09,16.65,129915.74,17.35,152580.79,19.65,79466.16,20.47,71849.3,17.91,114878.38,16.54,143739.4,17.1,133299.0,17.39,166134.67,17.43,122164.23,19.06,90582.6
176,000710.SZ,20220414,17.3,18.61,16.98,18.61,16.92,1.6899999999999977,9.99,414125.38,752825.943,16.31,151869.17,16.59,107585.43,17.32,144304.9,19.7,76988.27,20.52,69749.31,17.95,110130.41,16.49,112552.37,17.13,124736.27,17.37,154778.5,17.48,118583.11,19.08,87519.06
177,000710.SZ,20220413,15.2,16.92,15.02,16.92,15.38,1.540000000000001,10.01,134629.29,218551.604,15.79,83785.22,16.48,84593.45,17.3,135123.52,19.73,74427.44,20.57,67564.37,17.98,105152.26,16.35,81002.93,17.13,115203.96,17.32,142342.62,17.52,114252.44,19.1,84342.78
178,000710.SZ,20220412,14.91,15.39,14.88,15.38,14.9,0.4800000000000004,3.22,61700.83,93496.565,15.76,68769.93,16.53,84179.56,17.3,133227.41,19.77,73654.32,20.62,66925.96,18.02,103833.2,16.33,75317.6,17.22,126336.54,17.32,139892.35,17.57,113387.24,19.13,83754.31
179,000710.SZ,20220411,15.61,15.69,14.76,14.9,15.73,-0.8300000000000001,-5.28,78011.0,118649.425,15.96,72772.58,16.73,88516.31,17.36,134019.82,19.82,73460.85,20.69,66734.81,18.09,103652.53,16.47,78815.52,17.38,135770.53,17.38,139677.25,17.65,113658.1,19.19,83425.82
180,000710.SZ,20220408,16.06,16.2,15.56,15.73,16.04,-0.3099999999999987,-1.93,70879.35,111803.262,16.37,72390.71,17.01,94170.8,17.42,132545.99,19.88,73046.63,20.75,66403.65,18.17,103217.99,16.71,82537.37,17.47,139362.38,17.44,140596.66,17.73,113166.9,19.26,82899.96
181,000710.SZ,20220407,16.52,16.68,16.02,16.04,16.74,-0.6999999999999993,-4.18,73705.62,119982.157,16.67,73235.56,17.24,99118.97,17.44,131602.39,19.92,72798.2,20.82,66163.99,18.25,102988.63,16.88,88374.31,17.51,145838.07,17.5,141632.64,17.79,113045.81,19.31,82465.12
182,000710.SZ,20220406,16.38,16.84,16.22,16.74,16.4,0.33999999999999986,2.07,59552.85,99295.574,16.9,78220.64,17.45,111227.28,17.47,130622.74,19.98,72472.7,20.88,65882.28,18.31,102482.33,17.09,92811.61,17.57,154566.23,17.54,141514.51,17.86,113824.76,19.36,82012.15
183,000710.SZ,20220401,16.87,16.87,16.39,16.4,16.96,-0.5600000000000023,-3.3,81714.09,135264.614,16.9,81865.28,17.57,123240.08,17.46,130199.66,20.03,72261.4,20.95,65668.65,18.37,102600.59,17.27,102008.26,17.69,172669.59,17.57,142484.17,17.9,113745.48,19.4,81753.71
184,000710.SZ,20220331,17.1,17.47,16.87,16.96,17.2,-0.23999999999999844,-1.4,76101.63,130392.032,16.98,84858.45,17.73,134145.1,17.46,128564.77,20.08,71812.66,21.02,65433.48,18.43,102254.32,17.49,107357.4,17.81,178486.87,17.58,140690.4,17.96,113989.87,19.44,81215.95
185,000710.SZ,20220330,17.1,17.31,16.71,17.2,17.19,0.00999999999999801,0.06,75103.63,127909.876,17.04,92684.03,17.86,155774.26,17.44,127747.08,20.13,71427.28,21.08,65103.94,18.49,101893.78,17.67,122858.61,17.81,177332.31,17.56,139446.9,18.0,113784.62,19.48,80806.61
186,000710.SZ,20220329,16.77,17.55,16.77,17.19,16.74,0.45000000000000284,2.69,98631.02,169892.281,17.1,103513.05,17.96,169257.11,17.42,126816.65,20.19,71084.63,21.14,64788.12,18.54,101867.23,17.78,136920.16,17.81,175891.57,17.55,138290.03,18.03,113416.8,19.52,80284.53
187,000710.SZ,20220328,16.82,17.13,16.56,16.74,16.82,-0.08000000000000185,-0.48,77776.01,130630.381,17.27,107402.57,17.94,173196.88,17.41,125079.11,20.24,70572.06,21.2,64459.47,18.61,101918.81,17.91,149405.0,17.8,173012.46,17.53,136507.93,18.06,113433.84,19.57,79642.97
188,000710.SZ,20220325,17.21,17.36,16.81,16.82,17.24,-0.41999999999999815,-2.44,96679.95,165292.467,17.63,122151.25,17.91,182628.96,17.4,123931.3,20.3,70130.67,21.26,64151.22,18.69,103031.58,18.1,177355.47,17.82,172179.72,17.52,134786.33,18.1,114277.91,19.62,79243.3
189,000710.SZ,20220324,17.15,17.48,16.84,17.24,17.51,-0.2700000000000031,-1.54,115229.56,197758.991,18.0,129856.35,17.95,194289.64,17.39,122125.83,20.36,69577.38,21.33,63721.08,18.8,104226.16,18.28,192725.54,17.83,170108.12,17.5,133173.67,18.15,113320.54,19.67,78557.84
190,000710.SZ,20220323,18.05,18.16,17.45,17.51,18.05,-0.5399999999999991,-2.99,129248.7,230342.823,18.31,153033.18,18.1,217858.15,17.36,120105.48,20.41,68942.93,21.4,63227.44,18.86,103472.59,18.24,196187.4,17.81,169626.31,17.48,130781.65,18.21,111917.74,19.72,77705.8
191,000710.SZ,20220322,18.34,18.39,17.81,18.05,18.54,-0.48999999999999844,-2.64,118078.63,213565.674,18.46,170327.28,18.19,223151.3,17.31,118054.07,20.47,68150.38,21.46,62645.39,18.93,102872.18,18.13,203301.83,17.81,168261.8,17.45,127791.85,18.27,110278.2,19.77,76814.97
192,000710.SZ,20220321,18.67,19.0,18.06,18.54,18.67,-0.13000000000000256,-0.7,151519.42,279625.616,18.55,191407.43,18.11,218146.05,17.26,115884.01,20.53,67488.38,21.52,62090.88,18.98,102387.02,18.06,216320.85,17.76,165865.96,17.4,125147.57,18.31,108989.62,19.82,76008.72
193,000710.SZ,20220318,18.78,18.78,18.25,18.67,18.78,-0.10999999999999943,-0.59,135205.46,250752.58,18.58,232559.68,18.0,210051.39,17.19,114437.58,20.58,66587.18,21.58,61423.53,19.01,101010.4,18.12,243330.92,17.72,162722.12,17.33,121273.4,18.34,107059.3,19.87,74915.62
194,000710.SZ,20220317,18.2,19.49,17.92,18.78,18.27,0.5100000000000016,2.79,231113.7,432581.018,18.56,255594.73,17.88,202808.58,17.16,112658.01,20.64,65804.92,21.63,60758.73,19.05,99776.7,18.13,249616.34,17.62,157356.89,17.25,118317.8,18.37,105608.38,19.91,74216.08
195,000710.SZ,20220316,18.66,18.83,17.38,18.27,18.48,-0.21000000000000085,-1.14,215719.19,388160.503,18.18,239341.61,17.76,189732.23,17.15,107897.82,20.7,64364.25,21.69,59530.54,19.08,97079.04,17.95,231806.01,17.51,147741.04,17.15,112597.37,18.4,102513.49,19.95,72472.87
196,000710.SZ,20220315,18.1,19.1,18.03,18.48,18.68,-0.1999999999999993,-1.07,223479.37,417082.08,17.8,236276.39,17.66,177388.29,17.18,103983.39,20.76,63029.23,21.75,58413.56,19.13,94650.29,17.83,214862.97,17.44,138974.96,17.09,106883.29,18.46,99812.79,19.99,70836.78
197,000710.SZ,20220314,19.2,19.78,18.68,18.68,18.57,0.10999999999999943,0.59,357280.7,685589.73,17.56,241234.27,17.52,168320.14,17.21,99797.0,20.81,61737.06,21.81,57234.96,19.16,91951.0,17.69,196619.93,17.35,130059.4,17.01,102845.33,18.5,96683.69,20.03,69105.07
198,000710.SZ,20220311,16.61,18.57,16.38,18.57,16.88,1.6900000000000013,10.01,250380.69,445773.725,17.67,254102.15,17.45,148679.96,17.24,94607.81,20.87,59454.75,21.87,55272.3,19.19,87446.29,17.54,167003.97,17.22,113501.76,16.98,93425.98,18.53,91869.39,20.07,66312.61
199,000710.SZ,20220310,16.67,17.08,16.59,16.88,16.38,0.5,3.05,149848.09,252360.918,17.7,243637.94,17.33,134816.97,17.31,93592.38,20.94,58085.33,21.94,53936.28,19.22,84456.61,17.38,147490.7,17.11,103397.73,16.97,87388.86,18.58,88625.44,20.12,64419.06
200,000710.SZ,20220309,17.11,17.35,15.69,16.38,17.3,-0.9200000000000017,-5.32,200393.08,330993.185,17.72,224270.4,17.38,130108.86,17.44,97088.1,21.02,57498.91,22.02,53192.85,19.28,82819.19,17.37,143065.23,17.1,98078.77,17.05,85148.22,18.65,86945.66,20.18,63421.64
201,000710.SZ,20220308,18.55,18.56,17.3,17.3,19.22,-1.9199999999999982,-9.99,248268.77,440650.475,17.87,193449.55,17.41,116840.24,17.55,96081.54,21.09,56330.04,22.11,52183.41,19.35,80838.47,17.5,133221.77,17.11,90036.86,17.15,81173.18,18.73,84824.32,20.23,62129.75
202,000710.SZ,20220307,18.71,19.78,18.51,19.22,18.7,0.5199999999999996,2.78,421620.13,812243.065,17.82,152005.6,17.35,100727.0,17.65,93841.49,21.15,54917.56,22.18,50887.42,19.4,78420.46,17.47,115411.07,17.08,79560.94,17.23,78925.83,18.81,82394.82,20.28,60255.01
203,000710.SZ,20220304,16.9,18.7,16.9,18.7,17.0,1.6999999999999993,10.0,198059.65,364879.491,17.41,79905.79,17.18,71402.18,17.69,85978.69,21.2,52175.31,22.24,48518.27,19.43,73109.93,17.31,82113.32,16.94,60244.64,17.29,72067.02,18.88,78055.05,20.31,57023.51
204,000710.SZ,20220303,17.25,17.45,16.98,17.0,17.11,-0.10999999999999943,-0.64,53010.39,91005.885,17.07,51343.45,17.01,59641.3,17.74,82586.28,21.25,51004.05,22.31,47477.73,19.46,70864.36,17.11,65097.45,16.81,52668.54,17.38,74421.79,18.97,77858.62,20.34,55526.04
205,000710.SZ,20220302,16.92,17.19,16.75,17.11,17.08,0.030000000000001137,0.18,46288.81,78659.972,17.02,61860.05,16.96,57573.42,17.82,83319.86,21.31,50789.01,22.39,47300.77,19.52,70755.68,17.07,63676.08,16.75,52993.05,17.48,78193.78,19.06,77953.64,20.39,55376.84
206,000710.SZ,20220301,17.19,17.25,16.9,17.08,17.18,-0.10000000000000142,-0.58,41049.0,69898.929,17.13,72993.99,16.89,57728.13,17.89,83386.04,21.38,50678.5,22.47,47203.84,19.58,70670.12,17.05,63086.95,16.71,52893.45,17.6,82387.72,19.15,78585.79,20.44,55214.71
207,000710.SZ,20220228,16.88,17.3,16.69,17.18,16.98,0.1999999999999993,1.18,61121.09,104065.882,17.12,78816.55,16.86,57914.28,17.97,84049.72,21.45,50574.68,22.54,47115.89,19.64,70682.44,17.0,63498.87,16.67,55958.03,17.72,86162.26,19.23,79263.17,20.5,55115.35
208,000710.SZ,20220225,16.95,17.5,16.9,16.98,16.73,0.25,1.49,55247.94,94306.398,17.2,84320.84,16.82,56255.34,18.06,85794.48,21.52,50313.06,22.61,46909.49,19.69,71139.92,16.91,59999.56,16.69,56636.99,17.82,86882.14,19.29,79049.04,20.56,54748.47
209,000710.SZ,20220224,17.56,17.74,16.46,16.73,17.69,-0.9600000000000009,-5.43,105593.42,181105.952,17.14,78851.46,16.79,54986.29,18.13,85781.19,21.6,50220.86,22.69,46720.07,19.74,71445.43,16.83,59304.76,16.77,57337.94,17.91,87638.94,19.37,78839.53,20.62,54459.79
210,000710.SZ,20220223,17.08,18.4,17.08,17.69,17.04,0.6500000000000021,3.81,101958.48,180932.401,17.12,65492.11,16.77,49578.65,18.21,85510.12,21.68,49629.3,22.77,46280.66,19.79,70977.67,16.83,53092.32,16.88,56189.71,18.02,85737.13,19.45,77559.46,20.69,53794.53
211,000710.SZ,20220222,17.56,17.56,16.96,17.04,17.56,-0.5199999999999996,-2.96,70161.8,120642.107,16.96,53179.92,16.65,45315.51,18.26,84387.42,21.74,49072.16,22.85,45956.46,19.8,70060.73,16.73,46851.96,16.98,55148.89,18.08,84458.98,19.51,76419.53,20.75,53151.72
212,000710.SZ,20220221,16.76,17.61,16.76,17.56,16.7,0.8599999999999994,5.15,88642.58,153490.057,16.87,48181.18,16.55,44495.42,18.32,83883.68,21.81,48884.15,22.93,45749.19,19.83,69785.94,16.69,43710.81,17.11,60683.21,18.18,86135.02,19.57,75600.72,20.82,52685.5
213,000710.SZ,20220218,16.45,16.74,16.4,16.7,16.6,0.09999999999999787,0.6,27901.0,46262.739,16.61,35678.27,16.46,41084.21,18.37,84207.53,21.88,48446.93,23.01,45494.95,19.85,68870.1,16.57,38375.96,17.28,67043.88,18.24,85006.8,19.63,74447.13,20.88,52088.54
214,000710.SZ,20220217,16.9,16.9,16.52,16.6,16.91,-0.3099999999999987,-1.83,38796.68,64774.415,16.52,39758.07,16.43,46810.32,18.43,87163.98,21.96,48419.74,23.1,45567.0,19.88,68774.07,16.52,40239.63,17.51,79083.96,18.34,87289.34,19.7,74418.02,20.95,52054.94
215,000710.SZ,20220216,16.66,16.95,16.61,16.91,16.6,0.3099999999999987,1.87,40397.54,67967.459,16.54,40692.53,16.51,49572.14,18.54,87176.94,22.04,48371.19,23.2,45583.19,19.92,68694.14,16.43,42310.02,17.68,85452.63,18.43,88122.35,19.78,74222.1,21.03,51857.63
216,000710.SZ,20220215,16.22,16.74,16.16,16.6,16.25,0.3500000000000014,2.15,45168.12,74506.901,16.5,40524.0,16.63,51792.87,18.65,86902.35,22.13,48305.11,23.29,45512.67,19.96,68425.0,16.38,42699.95,17.88,92038.11,18.5,88543.58,19.85,74412.8,21.11,51710.58
217,000710.SZ,20220214,16.03,16.4,16.03,16.25,16.23,0.019999999999999574,0.12,26128.0,42475.86,16.5,39240.43,16.81,54674.47,18.77,86482.0,22.2,48160.65,23.39,45443.6,20.01,68080.84,16.35,48417.19,18.08,97493.95,18.59,90359.75,19.94,74775.3,21.19,51515.4
218,000710.SZ,20220211,16.63,16.65,16.14,16.23,16.7,-0.46999999999999886,-2.81,48300.0,78960.253,16.54,41073.65,17.07,58906.31,18.9,86912.47,22.28,48248.22,23.49,45560.71,20.06,67948.6,16.48,53274.42,18.28,100323.43,18.68,93769.5,20.02,74728.67,21.28,51485.66
219,000710.SZ,20220210,16.71,16.95,16.64,16.7,16.71,-0.010000000000001563,-0.06,43469.0,72931.437,16.52,40721.18,17.34,69102.33,19.02,86541.88,22.37,48071.51,23.59,45642.9,20.12,67603.53,16.71,55371.12,18.46,101806.03,18.81,93467.41,20.1,74417.7,21.37,51280.31
220,000710.SZ,20220209,16.57,16.81,16.49,16.71,16.6,0.10999999999999943,0.66,39554.88,65833.151,16.31,43927.51,17.66,82362.87,19.13,86679.58,22.45,47933.18,23.7,45605.35,20.17,67275.3,16.94,59287.11,18.61,102059.54,18.95,93053.83,20.18,74440.87,21.45,51113.7
221,000710.SZ,20220208,16.49,16.71,16.28,16.6,16.44,0.16000000000000014,0.97,38750.26,63959.013,16.26,44875.9,18.01,99989.62,19.25,86852.09,22.53,47845.64,23.8,45662.38,20.21,67005.9,17.23,63445.81,18.76,103262.49,19.08,92764.54,20.26,74446.16,21.54,51095.8
222,000710.SZ,20220207,16.25,16.56,16.22,16.44,16.13,0.3100000000000023,1.92,35294.13,57971.645,16.19,57593.95,18.28,109791.14,19.4,87291.12,22.61,47745.26,23.91,45873.2,20.26,66928.85,17.54,77655.61,18.93,107347.13,19.21,92831.66,20.34,74499.87,21.62,51011.45
223,000710.SZ,20220128,15.81,16.23,15.7,16.13,15.68,0.4499999999999993,2.87,46537.65,74388.634,16.43,65475.19,18.62,120315.21,19.53,87304.04,22.7,47677.88,24.01,46026.0,20.32,67311.78,17.98,95711.8,19.08,108322.22,19.34,92845.19,20.42,75502.16,21.72,51160.54
224,000710.SZ,20220127,16.35,16.52,15.68,15.68,16.43,-0.75,-4.56,59500.65,94776.376,16.9,70021.06,18.97,128603.48,19.67,87947.71,22.8,47525.49,24.11,46170.72,20.41,66988.36,18.5,117928.3,19.24,110814.19,19.49,92898.96,20.49,76029.23,21.82,51317.76
225,000710.SZ,20220126,16.2,16.73,16.19,16.43,16.29,0.14000000000000057,0.86,44296.8,72649.378,17.57,74646.7,19.32,130389.38,19.83,87837.21,22.9,47280.4,24.2,46118.87,20.5,66393.8,18.94,128595.24,19.43,111028.51,19.66,92429.62,20.57,76212.74,21.91,51089.22
226,000710.SZ,20220125,17.41,17.57,16.26,16.29,17.6,-1.3100000000000023,-7.44,102340.51,171712.14,18.2,82015.73,19.57,132978.25,19.98,87977.34,23.0,47179.72,24.29,46181.04,20.58,66052.49,19.38,141376.27,19.57,111465.4,19.83,92742.3,20.61,76027.59,21.99,51094.0
227,000710.SZ,20220124,18.48,18.48,17.0,17.6,18.51,-0.9100000000000001,-4.92,74700.33,132098.169,18.88,97717.27,19.84,128839.69,20.12,87117.7,23.1,46672.13,24.38,45901.19,20.65,64945.93,19.82,146570.72,19.72,111331.03,19.98,90522.06,20.65,75147.79,22.07,50463.97
228,000710.SZ,20220121,19.0,19.0,18.5,18.51,19.01,-0.5,-2.63,69267.0,129318.943,19.54,125948.41,20.0,127986.89,20.25,87935.31,23.18,46300.83,24.46,45798.96,20.71,64330.47,20.08,147372.43,19.77,114017.04,20.09,90312.79,20.68,74235.37,22.15,50086.45
229,000710.SZ,20220120,19.57,19.83,18.91,19.01,19.6,-0.5899999999999999,-3.01,82628.86,159111.945,20.1,165835.55,20.12,131923.5,20.39,90640.21,23.26,45974.03,24.53,45797.42,20.75,63636.01,20.2,148240.94,19.86,112515.55,20.18,89862.02,20.69,73425.9,22.21,49692.93
230,000710.SZ,20220119,19.47,19.91,19.35,19.6,19.68,-0.0799999999999983,-0.41,81141.94,159158.334,20.31,182543.78,20.15,129782.51,20.55,93688.59,23.34,45560.66,24.6,45914.01,20.78,62894.03,20.28,144831.98,19.95,109937.19,20.26,88743.1,20.7,72595.45,22.27,49257.49
231,000710.SZ,20220118,20.6,20.64,19.62,19.68,20.9,-1.2199999999999989,-5.84,180848.22,362994.299,20.56,200736.81,20.14,130954.45,20.63,93028.88,23.41,45204.87,24.65,45757.06,20.82,61978.19,20.29,143079.18,20.0,107423.9,20.31,88475.45,20.71,71579.95,22.34,48798.79
232,000710.SZ,20220117,21.21,21.21,20.2,20.9,21.32,-0.4200000000000017,-1.97,215856.02,447296.125,20.75,195424.17,20.11,121949.73,20.7,90186.81,23.48,44130.83,24.7,44942.13,20.86,59855.47,20.33,137038.65,20.04,100419.69,20.39,85863.81,20.72,68888.42,22.4,47487.13
233,000710.SZ,20220114,19.82,21.76,19.76,21.32,20.05,1.2699999999999996,6.33,268702.71,558926.893,20.62,168796.46,19.98,109425.0,20.74,86240.8,23.54,42814.04,24.74,43953.07,20.88,57374.93,20.18,120932.65,20.01,91411.89,20.47,84043.07,20.71,65560.98,22.47,46038.08
234,000710.SZ,20220113,20.99,21.17,20.02,20.05,20.86,-0.8099999999999987,-3.88,166169.99,341217.303,20.3,130646.34,19.82,96421.2,20.73,79757.58,23.6,41109.42,24.78,42659.3,20.91,53984.56,19.99,103700.09,19.98,80384.29,20.57,81295.44,20.69,61456.26,22.52,43968.97
235,000710.SZ,20220112,20.37,21.18,19.9,20.86,20.62,0.23999999999999844,1.16,172107.1,355396.45,20.24,107120.17,19.72,93517.38,20.77,76125.46,23.67,40173.04,24.82,42160.22,20.95,51942.09,19.92,93461.77,20.02,74346.81,20.65,77713.5,20.69,59000.97,22.57,42765.31
236,000710.SZ,20220111,20.18,21.06,19.89,20.62,20.25,0.370000000000001,1.83,154285.05,315728.68,20.01,85421.54,19.68,83296.64,20.79,71910.22,23.74,39305.41,24.85,41638.81,20.99,49945.31,19.75,81554.52,20.05,68425.31,20.69,74783.86,20.68,56455.0,22.63,41690.15
237,000710.SZ,20220110,19.9,20.39,19.74,20.25,19.72,0.5300000000000011,2.69,82717.43,166422.573,19.9,78653.12,19.69,73817.91,20.81,68359.56,23.81,38477.97,24.9,41205.86,21.03,48172.57,19.62,76091.35,20.07,62497.72,20.74,72364.08,20.68,54433.12,22.69,40618.46
238,000710.SZ,20220107,19.77,20.3,19.6,19.72,19.77,-0.05000000000000071,-0.25,77952.12,155586.596,19.73,73068.84,19.72,69830.12,20.82,66545.32,23.89,38220.74,24.96,41615.13,21.08,47340.96,19.47,80661.64,20.1,61782.97,20.77,71215.94,20.69,54121.39,22.76,40129.03
239,000710.SZ,20220106,19.65,19.84,19.1,19.77,19.7,0.07000000000000028,0.36,48539.17,94779.267,19.67,76753.83,19.78,66969.49,20.86,64824.0,23.98,37957.72,25.03,41601.56,21.14,46985.08,19.53,76790.17,20.17,60672.56,20.83,70040.13,20.74,53193.53,22.83,39744.47
240,000710.SZ,20220105,19.96,20.1,19.47,19.7,20.06,-0.35999999999999943,-1.79,63613.95,125391.461,19.6,79803.37,19.82,65981.87,20.89,64165.63,24.07,37909.06,25.09,41520.28,21.19,46630.26,19.63,75042.41,20.25,60698.66,20.88,69381.79,20.79,52633.02,22.9,39597.33
241,000710.SZ,20220104,19.46,20.36,19.4,20.06,19.4,0.6600000000000001,3.4,120442.95,240441.126,19.49,77687.5,19.89,64792.38,20.94,63089.96,24.16,37665.08,25.14,41386.55,21.24,46040.59,19.72,71768.63,20.33,61173.59,20.93,68380.08,20.82,51884.43,22.97,39270.27
242,000710.SZ,20211231,19.38,19.67,19.13,19.4,19.44,-0.0400000000000027,-0.21,54796.01,106307.78,19.34,73529.57,19.96,59021.41,20.98,61072.2,24.25,37061.28,25.19,40968.83,21.28,44643.68,19.76,63800.73,20.43,60276.39,20.96,65066.42,20.86,50199.53,23.03,38589.39
243,000710.SZ,20211230,19.59,20.24,19.33,19.44,19.4,0.0400000000000027,0.21,96377.09,190076.501,19.21,88254.44,20.11,58935.35,21.05,61428.75,24.34,36999.64,25.25,40929.12,21.34,44208.87,19.85,61891.14,20.62,65598.28,21.01,63887.47,20.9,49761.94,23.11,38323.21
244,000710.SZ,20211229,19.12,19.77,18.91,19.4,19.16,0.23999999999999844,1.25,63786.87,123701.783,19.38,76826.5,20.23,54270.44,21.1,59280.31,24.44,36762.23,25.3,40643.6,21.39,43232.57,19.97,57068.49,20.87,70093.11,21.06,61546.71,20.93,48442.04,23.19,37716.31
245,000710.SZ,20211228,19.11,19.53,19.04,19.16,19.28,-0.120000000000001,-0.62,53034.6,101748.614,19.66,70281.45,20.34,54627.02,21.16,58276.04,24.54,36577.06,25.36,40510.62,21.45,42784.19,20.12,55231.84,21.01,69839.36,21.12,60321.86,20.97,47828.6,23.26,37409.33
246,000710.SZ,20211227,18.62,20.36,18.62,19.28,18.75,0.5300000000000011,2.83,99653.27,192012.718,19.95,65849.76,20.5,54835.42,21.23,58035.59,24.65,36550.38,25.42,40366.8,21.51,42681.94,20.34,55296.1,21.16,71398.53,21.2,60282.01,21.02,47152.26,23.34,37169.84
247,000710.SZ,20211224,19.3,19.59,18.46,18.75,20.29,-1.5399999999999991,-7.59,128420.37,242937.115,20.19,54071.9,20.66,50943.73,21.28,56277.32,24.76,36374.87,25.48,40027.16,21.55,41663.89,20.52,48904.1,21.3,70500.44,21.28,59190.85,21.07,45852.1,23.42,36552.66
248,000710.SZ,20211223,20.8,20.8,20.27,20.29,20.81,-0.5199999999999996,-2.5,39237.38,79913.404,20.5,35527.83,20.85,46689.28,21.36,53734.75,24.86,35907.49,25.54,39649.06,21.61,40402.82,20.72,42904.31,21.42,66493.08,21.36,55687.84,21.14,44208.68,23.51,35687.43
249,000710.SZ,20211222,20.68,21.05,20.68,20.81,20.63,0.17999999999999972,0.87,31061.62,64683.355,20.56,37310.48,20.98,51555.56,21.39,55387.52,24.95,36128.03,25.6,39890.65,21.64,40124.51,20.82,44554.95,21.48,66665.11,21.39,55368.0,21.19,43795.14,23.6,35562.18
250,000710.SZ,20211221,20.31,20.65,19.76,20.63,20.45,0.17999999999999972,0.88,30876.14,63017.999,20.58,40182.23,21.17,61568.8,21.37,56772.82,25.02,36264.67,25.67,39813.84,21.67,40178.43,20.87,46354.91,21.5,66551.47,21.42,55827.92,21.23,43493.87,23.68,35551.66
251,000710.SZ,20211220,20.4,20.89,20.37,20.45,20.32,0.129999999999999,0.64,40763.99,83900.605,20.73,44742.43,21.46,73522.46,21.37,57938.55,25.09,36430.83,25.74,39714.81,21.7,40124.53,20.93,50578.55,21.54,66685.81,21.44,56127.78,21.28,43351.74,23.76,35538.08
252,000710.SZ,20211217,20.48,20.74,20.2,20.32,20.6,-0.28000000000000114,-1.36,35700.02,72659.317,20.84,43736.3,21.6,74903.07,21.32,57715.73,25.17,36530.01,25.81,39639.72,21.75,39969.36,21.09,56752.06,21.56,65699.26,21.47,56168.08,21.34,43027.83,23.84,35375.32
253,000710.SZ,20211216,20.8,20.94,20.28,20.6,20.89,-0.28999999999999915,-1.39,48150.64,98569.14,20.94,50280.78,21.75,78635.22,21.28,58123.16,25.24,36680.86,25.88,39541.55,21.81,39721.28,21.38,69305.43,21.59,64885.63,21.5,58159.13,21.4,42771.95,23.92,35262.9
254,000710.SZ,20211215,21.48,21.48,20.81,20.89,21.39,-0.5,-2.34,45420.34,95285.51,21.07,51799.41,21.86,81215.29,21.25,57293.88,25.32,36825.7,25.96,39393.02,21.86,39354.04,21.77,83117.73,21.6,63785.82,21.49,59159.5,21.46,42823.78,24.0,35054.17
255,000710.SZ,20211214,21.03,21.43,20.99,21.39,21.02,0.370000000000001,1.76,53677.18,114295.29,21.17,52527.59,21.87,81434.73,21.2,56566.76,25.38,37220.92,26.03,39218.07,21.91,39091.93,21.9,84446.89,21.62,62866.87,21.48,59995.86,21.5,42432.24,24.08,34924.91
256,000710.SZ,20211213,20.9,21.15,20.78,21.02,20.82,0.1999999999999993,0.96,35733.32,74882.48,21.14,56414.66,21.88,80588.63,21.14,55952.79,25.44,37227.45,26.1,39014.49,21.95,38707.18,21.99,87500.97,21.63,62774.97,21.39,59312.88,21.53,41860.76,24.15,34695.81
257,000710.SZ,20211210,21.17,21.32,20.7,20.82,21.24,-0.41999999999999815,-1.98,68422.44,143351.34,21.33,69767.81,21.9,80054.45,21.11,55496.28,25.49,37278.78,26.18,39014.1,22.01,38420.28,22.09,92096.79,21.67,64334.23,21.32,59773.53,21.57,41526.45,24.21,34616.68
258,000710.SZ,20211209,21.5,21.6,21.16,21.24,21.37,-0.13000000000000256,-0.61,55743.77,118728.646,21.82,88330.07,21.95,77372.95,21.09,54053.16,25.53,37141.86,26.25,38685.17,22.07,37734.74,22.11,90081.86,21.68,62079.61,21.27,58157.95,21.62,40755.83,24.29,34240.14
259,000710.SZ,20211208,21.4,21.5,21.06,21.37,21.24,0.13000000000000256,0.61,49061.25,104400.483,22.46,114436.06,21.91,74702.89,21.06,52890.39,25.57,37102.36,26.31,38429.71,22.12,37309.74,22.14,88775.27,21.68,60774.52,21.21,56989.77,21.66,40212.69,24.36,34036.71
260,000710.SZ,20211207,21.89,22.18,21.02,21.24,22.0,-0.7600000000000016,-3.45,73112.52,156927.131,22.64,116366.19,21.88,72423.36,21.03,52106.81,25.61,37329.88,26.38,38259.65,22.19,36857.19,22.13,86748.04,21.69,60564.42,21.14,56447.8,21.7,39897.63,24.45,34020.94
261,000710.SZ,20211206,23.09,23.09,21.9,22.0,23.24,-1.2399999999999984,-5.34,102499.07,229342.339,22.83,118587.27,21.85,68811.2,21.0,50510.92,25.65,37405.41,26.45,37909.85,22.25,36185.71,22.15,82793.08,21.69,58902.4,21.1,54684.45,21.74,39435.19,24.53,33704.45
262,000710.SZ,20211203,24.11,24.11,23.12,23.24,24.46,-1.2200000000000024,-4.99,161233.75,378957.727,22.85,114425.77,21.8,63006.76,20.95,48065.34,25.7,37256.93,26.51,37398.54,22.31,35109.01,22.02,74646.47,21.65,55876.09,21.04,51913.02,21.74,38115.2,24.6,33230.93
263,000710.SZ,20211202,22.28,24.46,22.1,24.46,22.24,2.2200000000000024,9.98,186273.69,449879.863,22.4,91833.64,21.67,54591.79,20.86,44292.93,25.75,37192.0,26.57,36538.14,22.35,33260.02,21.8,60465.83,21.56,52585.99,20.94,47078.89,21.73,35991.97,24.68,32221.28
264,000710.SZ,20211201,22.0,22.59,21.79,22.24,22.22,0.019999999999999574,0.09,58711.92,130597.552,21.81,63114.47,21.46,45410.63,20.76,40697.05,25.8,36423.83,26.61,35574.4,22.39,31091.8,21.43,44453.91,21.35,47180.38,20.8,41617.08,21.71,33193.47,24.75,31015.1
265,000710.SZ,20211130,21.8,22.35,21.31,22.22,22.07,0.14999999999999858,0.68,84217.92,183551.639,21.63,57129.89,21.37,42688.94,20.78,39625.55,25.84,36257.81,26.67,35337.19,22.45,30621.99,21.35,41286.85,21.27,47770.34,20.73,40288.43,21.72,32800.04,24.83,30763.17
266,000710.SZ,20211129,21.02,22.3,21.02,22.07,21.02,1.0500000000000007,5.0,81691.56,177548.38,21.46,46998.88,21.3,38490.79,20.79,37587.04,25.89,35957.77,26.74,34953.27,22.51,29997.84,21.28,38048.97,21.1,45218.84,20.67,38126.14,21.74,31843.63,24.92,30340.49
267,000710.SZ,20211126,21.69,22.22,21.0,21.02,21.52,-0.5,-2.32,48273.13,103469.779,21.2,34867.17,21.26,35657.54,20.78,35734.31,25.94,35736.64,26.81,34649.08,22.58,29290.33,21.24,36571.68,20.94,43611.9,20.61,36502.15,21.77,30967.54,25.01,30042.39
268,000710.SZ,20211125,21.26,21.77,21.26,21.52,21.3,0.21999999999999886,1.03,42677.84,91808.175,21.19,29098.02,21.27,35011.3,20.81,34883.59,25.99,35735.33,26.89,34567.77,22.67,29355.82,21.25,34077.36,20.86,42196.0,20.61,37026.84,21.83,30447.89,25.12,30158.37
269,000710.SZ,20211124,21.4,21.57,21.11,21.3,21.4,-0.09999999999999787,-0.47,28789.0,61364.295,21.05,25793.34,21.26,34957.08,20.83,34467.79,26.04,35773.15,26.96,34449.49,22.76,29658.84,21.22,32773.78,20.74,41097.03,20.65,36346.94,21.88,30080.05,25.23,30112.08
270,000710.SZ,20211123,20.7,21.48,20.68,21.4,20.75,0.6499999999999986,3.13,33562.88,71115.221,21.06,25443.81,21.26,40083.43,20.83,34126.44,26.1,35860.13,27.04,34394.87,22.83,29702.66,21.25,34380.8,20.64,41297.68,20.69,35884.26,21.93,30029.6,25.34,30282.11
271,000710.SZ,20211122,20.91,21.04,20.61,20.75,20.99,-0.23999999999999844,-1.14,21033.0,43711.05,21.09,29099.06,21.17,43514.11,20.83,33932.83,26.15,35826.56,27.12,34347.37,22.89,29853.43,21.23,35011.72,20.58,40630.14,20.71,35388.78,21.99,29883.9,25.45,30622.25
272,000710.SZ,20211119,20.83,21.0,20.55,20.99,20.83,0.16000000000000014,0.77,19427.39,40453.392,21.28,38276.18,21.17,47320.11,20.88,33680.51,26.21,35973.92,27.2,34386.04,22.97,29929.48,21.29,37105.72,20.56,40546.3,20.75,35332.64,22.06,29770.28,25.56,30956.28
273,000710.SZ,20211118,21.37,21.41,20.83,20.83,21.35,-0.5200000000000031,-2.44,26154.45,55044.295,21.31,39056.7,20.99,48378.62,20.93,33745.71,26.27,36287.08,27.28,34446.32,23.04,30062.42,21.33,44706.14,20.51,40385.41,20.79,35636.42,22.13,29729.94,25.66,31386.01
274,000710.SZ,20211117,21.38,21.65,21.09,21.35,21.53,-0.17999999999999972,-0.84,27041.35,57709.879,21.39,39754.21,20.84,50178.48,20.98,33853.37,26.33,36661.47,27.36,34584.38,23.11,30007.63,21.27,49906.86,20.48,40198.67,20.81,35337.37,22.21,29691.85,25.75,31590.88
275,000710.SZ,20211116,21.5,22.2,21.26,21.53,21.72,-0.18999999999999773,-0.87,51839.09,112022.24,21.44,43317.79,20.69,49633.39,21.04,33482.3,26.41,36599.23,27.45,34673.67,23.18,30052.08,21.2,54253.83,20.43,39789.22,20.81,35335.34,22.29,29493.16,25.82,31822.23
276,000710.SZ,20211115,21.27,22.62,21.22,21.72,21.14,0.5799999999999983,2.74,66918.62,146741.375,21.38,40924.38,20.52,47237.95,21.09,32339.54,26.48,36337.44,27.54,34633.55,23.25,29708.87,20.92,52388.72,20.37,38164.72,20.84,34022.5,22.37,29008.37,25.9,31848.95
277,000710.SZ,20211112,21.23,21.4,20.97,21.14,21.23,-0.08999999999999986,-0.42,23329.99,49250.115,21.29,35935.25,20.33,44613.6,21.14,31028.66,26.55,36067.69,27.64,34455.72,23.33,29129.27,20.63,50652.12,20.3,36467.39,20.87,32513.35,22.44,28255.5,25.98,31769.81
278,000710.SZ,20211111,21.41,21.63,21.18,21.23,21.56,-0.3299999999999983,-1.53,29642.0,63349.653,21.34,50355.58,20.25,44373.76,21.22,30969.81,26.64,36038.38,27.74,34573.65,23.43,29377.81,20.46,50314.63,20.28,38501.58,20.92,32729.52,22.53,28242.66,26.07,32150.46
279,000710.SZ,20211110,21.38,21.57,20.7,21.56,21.23,0.3299999999999983,1.55,44859.27,95169.342,21.15,60059.51,20.18,43582.55,21.3,30696.43,26.72,35992.6,27.85,34664.91,23.51,29254.71,20.26,49420.27,20.37,38133.53,20.99,32222.29,22.63,28142.92,26.14,32756.21
280,000710.SZ,20211109,21.06,21.84,21.0,21.23,21.29,-0.05999999999999872,-0.28,39872.0,85149.005,20.96,65189.86,20.07,41378.73,21.38,30884.7,26.81,35791.16,27.96,34606.49,23.58,28946.33,20.03,48214.56,20.41,36635.99,21.04,31159.82,22.72,27786.53,26.21,32837.53
281,000710.SZ,20211108,21.38,21.6,20.76,21.29,21.37,-0.08000000000000185,-0.37,41973.0,88937.224,20.46,63853.06,19.99,40036.23,21.45,30356.94,26.89,35648.11,28.07,34666.57,23.66,28989.21,19.92,46248.56,20.45,35577.32,21.12,30575.71,22.81,27745.45,26.26,32864.64
282,000710.SZ,20211105,20.1,21.75,20.05,21.37,20.28,1.0899999999999999,5.37,95431.61,201760.762,19.98,65368.99,19.91,38257.72,21.5,29692.69,26.97,35604.32,28.18,34753.03,23.75,28772.0,19.82,43986.89,20.49,34446.1,21.21,29887.58,22.91,27523.03,26.32,32920.74
283,000710.SZ,20211104,20.0,20.4,19.8,20.28,20.63,-0.34999999999999787,-1.7,78161.65,157348.925,19.59,50273.69,19.84,32405.23,21.56,27346.89,27.05,35030.73,28.29,34527.52,23.85,27819.39,19.7,36064.69,20.52,31101.56,21.3,27384.76,23.02,26818.92,26.36,32542.61
284,000710.SZ,20211103,18.75,20.63,18.65,20.63,18.75,1.879999999999999,10.03,70511.04,142707.768,19.38,38781.04,19.84,28929.1,21.66,25700.53,27.14,34575.23,28.42,34534.47,23.95,27201.3,19.69,30490.48,20.58,28052.62,21.43,26488.05,23.15,26606.29,26.42,32573.14
285,000710.SZ,20211102,18.82,19.41,18.5,18.75,18.86,-0.10999999999999943,-0.58,33188.02,62848.456,19.11,31239.26,19.85,28429.3,21.75,24307.71,27.22,34226.69,28.55,34855.31,24.06,26672.92,19.66,25324.61,20.62,25876.09,21.52,24868.63,23.25,25965.7,26.47,32685.45
286,000710.SZ,20211101,18.48,19.1,18.18,18.86,19.41,-0.5500000000000007,-2.83,49552.64,92241.318,19.38,28644.05,20.17,27590.3,21.9,24218.59,27.31,34093.42,28.7,35264.82,24.18,26555.3,19.83,23940.73,20.8,24839.39,21.67,24408.64,23.37,26160.41,26.56,33084.86
287,000710.SZ,20211029,19.25,19.68,18.99,19.41,19.25,0.16000000000000014,0.83,19955.09,38754.352,19.67,22604.78,20.45,24925.37,22.04,24095.45,27.41,33861.02,28.84,35462.48,24.3,26411.09,19.96,22282.66,20.99,23443.97,21.82,23279.37,23.5,25780.15,26.65,33937.62
288,000710.SZ,20211028,19.2,19.47,19.1,19.25,19.27,-0.019999999999999574,-0.1,20698.42,39971.72,19.82,21855.7,20.64,24828.72,22.12,24193.82,27.5,33832.34,28.98,36288.42,24.42,26449.75,20.11,26688.52,21.14,23936.97,21.96,23353.71,23.61,25937.53,26.75,34401.81
289,000710.SZ,20211027,20.01,20.11,19.21,19.27,20.13,-0.8599999999999994,-4.27,32802.11,63866.687,20.01,22199.91,20.86,24724.89,22.23,24580.34,27.59,33851.12,29.1,36723.7,24.55,26487.76,20.47,26846.78,21.35,23623.29,22.11,23435.6,23.73,25959.97,26.83,34519.36
290,000710.SZ,20211026,20.25,20.64,20.06,20.13,20.29,-0.16000000000000014,-0.79,20212.01,41115.765,20.21,19409.96,21.07,24397.09,22.33,24155.69,27.69,33752.66,29.21,37088.02,24.67,26409.73,20.79,25057.42,21.55,22632.45,22.26,23347.46,23.85,25919.53,26.91,34587.78
291,000710.SZ,20211025,20.17,20.48,20.1,20.29,20.17,0.11999999999999744,0.59,19356.26,39174.647,20.27,19237.4,21.17,24164.09,22.41,24593.75,27.78,33746.56,29.3,37489.85,24.78,26464.18,20.97,24906.08,21.71,22739.28,22.37,24185.92,23.96,26017.63,26.98,34834.75
292,000710.SZ,20211022,20.01,20.48,20.01,20.17,20.17,0.0,0.0,16209.68,32893.456,20.26,21960.55,21.26,24750.56,22.51,24813.66,27.88,33822.45,29.38,37692.83,24.89,26547.31,21.15,24905.32,21.9,22837.93,22.44,24317.37,24.09,26085.84,27.05,35074.16
293,000710.SZ,20211021,20.36,20.55,20.04,20.17,20.3,-0.129999999999999,-0.64,22419.49,45499.186,20.39,31521.34,21.43,24461.66,22.61,25193.55,27.97,33949.69,29.46,38151.75,25.03,26659.08,21.33,26138.42,22.09,23044.79,22.53,24905.05,24.23,26515.18,27.13,35340.1
294,000710.SZ,20211020,20.4,20.55,20.2,20.3,20.41,-0.10999999999999943,-0.54,18852.38,38392.386,20.94,31493.64,21.62,24402.02,22.74,25036.93,28.07,33951.56,29.55,38566.43,25.16,26682.93,21.46,25614.77,22.29,24486.84,22.62,24769.86,24.35,26481.69,27.21,35497.56
295,000710.SZ,20211019,20.17,20.47,20.0,20.41,20.24,0.1700000000000017,0.84,19349.2,39200.815,21.38,30704.87,21.79,25245.31,22.86,25088.55,28.17,33956.45,29.62,38873.23,25.31,26828.89,21.57,26427.57,22.45,24640.63,22.7,25311.66,24.46,26529.65,27.28,35579.86
296,000710.SZ,20211018,20.65,20.8,19.94,20.24,20.85,-0.610000000000003,-2.93,32972.0,66588.114,21.68,30574.75,22.02,24866.52,22.99,25277.16,28.26,33999.42,29.68,39219.45,25.44,26960.85,21.77,25738.05,22.59,24642.6,22.8,25561.12,24.57,26925.3,27.35,35770.74
297,000710.SZ,20211015,22.12,22.15,20.65,20.85,22.9,-2.049999999999997,-8.95,64013.64,134872.111,22.04,27850.08,22.25,23329.07,23.12,25037.43,28.36,33961.89,29.76,39327.35,25.56,26804.33,22.01,24605.27,22.75,23777.72,22.92,25432.92,24.7,26803.81,27.43,36033.66
298,000710.SZ,20211014,22.56,22.99,22.38,22.9,22.48,0.41999999999999815,1.87,22281.0,50804.099,22.27,20755.5,22.45,20124.07,23.25,23572.78,28.46,33723.01,29.84,39235.38,25.69,26246.93,22.18,21185.42,22.88,21686.3,23.05,23868.95,24.83,26136.68,27.5,36167.42
299,000710.SZ,20211013,21.92,22.55,21.92,22.48,21.91,0.5700000000000003,2.6,14908.53,33251.881,21.98,19735.9,22.53,20050.86,23.32,23417.66,28.54,33911.93,29.92,39427.8,25.78,26257.9,22.22,20399.81,22.93,21730.01,23.1,23813.16,24.91,26295.41,27.58,36132.41
300,000710.SZ,20211012,21.95,22.18,21.75,21.91,22.07,-0.16000000000000014,-0.72,18698.59,40966.814,21.77,22150.27,22.66,20469.2,23.41,23681.2,28.63,34100.99,30.0,39770.15,25.88,26457.9,22.3,20207.47,22.99,22492.48,23.17,24174.94,25.02,26561.64,27.66,36126.02
301,000710.SZ,20211011,22.01,22.58,21.88,22.07,22.01,0.05999999999999872,0.27,19348.66,42978.03,21.86,20901.35,22.83,22973.96,23.53,23575.96,28.74,34284.04,30.09,40395.98,25.99,26557.72,22.46,20572.48,23.07,23825.84,23.26,24379.02,25.12,26656.1,27.75,36204.14
302,000710.SZ,20211008,21.45,22.25,21.41,22.01,21.45,0.5600000000000023,2.61,28540.74,62463.712,21.97,21360.45,22.93,23172.39,23.65,23676.03,28.85,34405.69,30.19,41124.25,26.08,26649.59,22.65,20770.54,23.08,24023.4,23.37,24207.92,25.21,26979.25,27.84,36202.15
303,000710.SZ,20210930,21.4,21.63,21.31,21.45,21.4,0.05000000000000071,0.23,17183.0,36856.71,22.09,21615.33,23.03,22468.37,23.78,23476.21,28.97,34507.9,30.27,41544.98,26.19,26578.87,22.85,19951.16,23.12,24288.37,23.48,23823.47,25.32,26884.47,27.94,36156.39
304,000710.SZ,20210929,22.33,22.33,21.35,21.4,22.39,-0.990000000000002,-4.42,26980.37,58496.457,22.46,21063.72,23.17,22352.32,23.93,23634.34,29.1,34701.53,30.34,41717.02,26.3,26767.53,23.12,23358.91,23.2,24347.41,23.61,24046.32,25.44,26990.58,28.04,36145.31
305,000710.SZ,20210928,22.61,22.69,22.31,22.39,22.6,-0.21000000000000085,-0.93,12454.0,27927.677,22.83,18264.67,23.34,21983.48,24.1,23536.61,29.23,34757.12,30.42,41852.76,26.43,27036.7,23.33,22853.7,23.27,24753.7,23.78,23650.99,25.55,26990.07,28.13,36081.07
306,000710.SZ,20210927,22.55,22.82,22.3,22.6,22.59,0.010000000000001563,0.04,21644.14,48831.079,23.05,20243.61,23.45,22806.64,24.23,23860.79,29.35,35018.03,30.48,42074.16,26.55,27339.1,23.41,23547.14,23.32,25472.66,23.9,23994.23,25.65,27187.43,28.23,36274.52
307,000710.SZ,20210924,23.29,23.39,22.5,22.59,23.31,-0.7199999999999989,-3.09,29815.12,68012.923,23.33,20180.63,23.54,23461.55,24.35,24324.4,29.46,35260.68,30.55,42144.52,26.66,27659.53,23.49,22950.17,23.38,25846.75,24.02,23997.65,25.76,27253.21,28.31,36201.1
308,000710.SZ,20210923,23.24,23.55,23.1,23.31,23.24,0.07000000000000028,0.3,14424.97,33646.977,23.62,18286.99,23.61,24657.76,24.49,24289.48,29.59,35451.69,30.62,42238.31,26.79,27796.35,23.59,22187.19,23.48,25210.72,24.15,23755.8,25.89,27166.17,28.39,36057.39
309,000710.SZ,20210922,23.11,23.65,23.01,23.24,23.5,-0.26000000000000156,-1.11,12985.14,30206.7,23.79,25654.09,23.53,25340.44,24.61,25429.48,29.71,35902.46,30.67,42478.38,26.92,28157.78,23.64,23060.21,23.54,25519.83,24.28,24063.55,26.0,27329.23,28.47,36106.52
310,000710.SZ,20210917,23.95,24.08,23.01,23.5,24.0,-0.5,-2.08,22348.66,52659.256,23.83,27442.72,23.5,26944.66,24.77,26971.21,29.86,36678.49,30.74,42636.51,27.04,28364.38,23.69,24777.49,23.61,26158.68,24.4,24413.25,26.13,27609.46,28.55,36114.96
311,000710.SZ,20210916,23.91,24.48,23.8,24.0,24.05,-0.05000000000000071,-0.21,21329.25,51464.44,23.77,26850.68,23.46,26638.14,24.86,27257.31,29.99,37234.36,30.81,42716.19,27.17,28513.01,23.69,27079.21,23.67,26282.3,24.51,24915.19,26.25,27724.42,28.63,36062.78
312,000710.SZ,20210915,24.19,24.22,23.72,24.05,24.16,-0.10999999999999943,-0.46,20346.92,48691.544,23.65,25719.7,23.36,27697.9,24.92,27949.69,30.12,37662.34,30.88,42907.08,27.29,28840.89,23.52,27276.27,23.73,25926.62,24.62,25158.48,26.34,27722.82,28.7,36016.92
313,000710.SZ,20210914,23.45,24.79,23.31,24.16,23.45,0.7100000000000009,3.03,51260.5,123767.616,23.55,26087.4,23.32,28196.84,24.98,28137.64,30.25,38628.95,30.95,43153.88,27.42,29398.8,23.4,28625.58,23.79,25759.62,24.74,26253.08,26.44,27753.85,28.76,36042.38
314,000710.SZ,20210913,23.25,23.64,23.21,23.45,23.19,0.259999999999998,1.12,21928.26,51429.136,23.48,20466.33,23.29,26494.19,25.05,27494.62,30.37,38927.56,31.03,43178.56,27.55,29210.3,23.27,25335.91,23.86,24390.03,24.88,26724.53,26.54,27284.57,28.84,35770.4
315,000710.SZ,20210910,23.38,23.45,23.17,23.19,23.38,-0.18999999999999773,-0.81,19388.48,45107.961,23.55,22112.26,23.37,26122.36,25.13,27498.05,30.46,39430.64,31.12,43308.94,27.7,29573.82,23.2,26653.7,24.0,24049.64,24.98,27062.78,26.65,27417.57,28.92,35748.79
316,000710.SZ,20210909,23.46,23.64,23.3,23.38,23.57,-0.19000000000000128,-0.81,15674.35,36661.896,23.6,27307.73,23.48,26216.11,25.22,27821.2,30.55,39907.95,31.2,43422.11,27.86,30307.04,23.23,27398.17,24.14,24217.77,25.08,27912.18,26.76,27530.85,29.01,35839.58
317,000710.SZ,20210908,23.85,23.87,23.52,23.57,23.82,-0.25,-1.05,22185.41,52551.507,23.39,28832.83,23.57,26992.09,25.33,28127.77,30.61,40171.74,31.29,43560.06,27.99,30912.94,23.27,28743.34,24.28,24521.39,25.17,28280.94,26.86,27706.92,29.1,35996.73
318,000710.SZ,20210907,23.7,23.93,23.59,23.82,23.78,0.03999999999999915,0.17,23155.14,55011.861,23.24,31163.76,23.65,27194.83,25.46,28164.94,30.69,40668.84,31.37,43720.72,28.12,31563.74,23.37,28234.25,24.44,24540.1,25.27,28521.35,26.96,27724.45,29.19,36000.93
319,000710.SZ,20210906,23.38,23.87,23.11,23.78,23.45,0.33000000000000185,1.41,30157.93,71246.384,23.06,30205.49,23.76,26507.18,25.6,28718.31,30.77,41150.41,31.46,43899.45,28.22,31931.51,23.44,27979.45,24.6,24565.22,25.35,28484.34,27.07,27860.74,29.28,35970.94
320,000710.SZ,20210903,23.2,23.93,22.84,23.45,22.35,1.0999999999999979,4.92,45365.81,106498.809,22.85,31195.13,23.89,25495.57,25.7,28431.61,30.83,41431.96,31.54,43987.04,28.31,32260.12,23.52,27539.87,24.76,24231.13,25.43,28491.59,27.19,28144.24,29.36,35932.43
321,000710.SZ,20210902,22.9,22.91,22.31,22.35,22.81,-0.4599999999999973,-2.02,23299.88,52346.369,22.87,27488.62,24.04,23841.94,25.8,27736.45,30.88,41657.62,31.63,44007.85,28.42,32389.19,23.65,25485.39,24.92,23833.18,25.55,27849.33,27.32,27973.71,29.46,35784.11
322,000710.SZ,20210901,22.93,23.15,22.23,22.81,22.92,-0.11000000000000298,-0.48,33840.03,76445.682,23.15,28653.85,24.34,23212.75,25.94,28318.46,30.95,41851.42,31.74,44047.86,28.53,32844.15,23.94,24576.97,25.16,24099.58,25.74,27854.3,27.46,28346.65,29.56,35836.74
323,000710.SZ,20210831,22.86,23.29,22.7,22.92,22.74,0.18000000000000327,0.79,18363.81,42238.227,23.5,25304.74,24.59,22359.76,26.1,28078.52,31.03,41953.01,31.85,44114.52,28.65,33313.05,24.19,22893.66,25.41,25066.83,25.93,28125.3,27.62,28450.59,29.66,35967.12
324,000710.SZ,20210830,23.2,23.51,22.6,22.74,23.52,-0.7800000000000011,-3.32,35106.12,80751.147,23.82,25753.41,24.84,22619.99,26.26,28243.88,31.13,42206.05,31.96,44239.46,28.75,34432.63,24.44,23444.15,25.68,27418.84,26.08,28193.51,27.79,28836.74,29.76,36165.19
325,000710.SZ,20210827,23.69,23.77,23.11,23.52,23.75,-0.23000000000000043,-0.97,26833.24,62783.888,24.19,23884.61,25.14,21654.86,26.42,28146.79,31.22,42467.57,32.07,44304.44,28.83,34692.78,24.8,21445.58,25.87,27267.32,26.21,27747.64,27.95,28726.3,29.89,36248.12
326,000710.SZ,20210826,24.6,24.6,23.71,23.75,24.59,-0.8399999999999999,-3.42,29126.04,69883.557,24.42,23482.16,25.42,21410.58,26.57,28265.89,31.32,43145.56,32.18,44340.81,28.89,34910.01,25.05,21037.37,26.0,28169.19,26.33,28289.49,28.11,28837.35,30.01,36331.73
327,000710.SZ,20210825,24.52,24.62,24.21,24.59,24.51,0.0799999999999983,0.33,17094.47,41875.927,24.72,20500.09,25.67,20975.98,26.7,28125.89,31.42,43932.37,32.29,44332.22,28.94,35171.06,25.3,20299.44,26.12,28049.74,26.48,28174.69,28.26,29117.25,30.13,36449.51
328,000710.SZ,20210824,24.59,24.81,24.38,24.51,24.56,-0.04999999999999716,-0.2,20607.18,50593.403,24.88,20482.59,25.82,22538.46,26.79,28762.44,31.5,44505.63,32.41,44395.37,28.98,35610.55,25.5,20845.95,26.22,28664.91,26.61,28404.4,28.41,29868.84,30.26,36682.6
329,000710.SZ,20210823,24.65,24.84,24.19,24.56,24.7,-0.14000000000000057,-0.57,25762.11,63185.506,25.06,21134.89,26.03,23155.45,26.9,28828.54,31.56,44683.76,32.53,44459.41,29.0,36426.79,25.77,21150.99,26.3,28736.78,26.73,28777.66,28.58,30144.11,30.39,36802.42
330,000710.SZ,20210820,25.25,25.25,24.43,24.7,25.26,-0.5600000000000023,-2.22,24820.98,61297.4,25.4,19006.56,26.27,25264.89,27.02,28763.46,31.63,44851.52,32.64,44451.69,29.04,37203.14,26.0,20922.4,26.39,28967.46,26.87,28948.34,28.74,30534.61,30.52,37004.61
331,000710.SZ,20210819,25.3,25.58,25.17,25.26,25.36,-0.09999999999999787,-0.39,14215.69,35948.702,25.69,18592.59,26.56,28386.67,27.12,28826.06,31.69,45025.48,32.76,44512.65,29.1,37953.76,26.2,22180.97,26.51,29031.31,26.98,28933.18,28.91,31360.59,30.64,37269.32
332,000710.SZ,20210818,25.46,25.74,25.2,25.36,25.4,-0.03999999999999915,-0.16,17007.0,43156.827,25.87,20098.8,26.66,29760.52,27.22,29122.53,31.75,45159.64,32.88,44642.66,29.16,39789.33,26.39,23622.2,26.64,29492.97,27.06,29750.57,29.05,32142.28,30.76,37628.52
333,000710.SZ,20210817,26.4,26.4,25.38,25.4,26.3,-0.9000000000000021,-3.42,23868.69,61461.12,26.12,21209.3,26.71,31903.87,27.33,29375.0,31.81,45358.66,32.99,44860.63,29.24,40571.34,26.62,27239.99,26.8,30741.12,27.16,29945.48,29.18,33042.08,30.9,38147.93
334,000710.SZ,20210816,26.15,26.5,26.12,26.3,26.11,0.19000000000000128,0.73,15120.42,39679.493,26.47,21167.08,26.78,32124.51,27.47,29396.3,31.86,45574.83,33.11,45069.95,29.29,40717.15,26.92,31393.54,26.9,30568.19,27.27,29934.84,29.28,33489.91,31.05,38988.47
335,000710.SZ,20210813,26.22,26.36,25.75,26.11,26.18,-0.07000000000000028,-0.27,22751.16,59247.718,26.6,22838.24,26.79,33222.77,27.58,29663.59,31.92,45745.58,33.22,45248.35,29.32,41062.38,26.95,33089.07,26.92,30898.68,27.33,30329.14,29.35,34151.29,31.19,39715.76
336,000710.SZ,20210812,26.63,26.81,26.1,26.18,26.59,-0.41000000000000014,-1.54,21746.72,57267.628,26.7,25769.35,26.79,33168.43,27.73,29870.89,31.98,45836.3,33.33,45348.38,29.36,41423.68,26.95,35301.0,26.97,31915.54,27.41,30380.62,29.44,34689.53,31.33,40217.48
337,000710.SZ,20210811,27.26,27.26,26.59,26.59,27.19,-0.6000000000000014,-2.21,22559.52,60402.468,26.92,27145.6,26.8,33832.19,27.85,30091.47,32.05,46057.43,33.44,45517.79,29.39,41774.86,26.95,35800.04,27.07,32112.31,27.51,30508.77,29.52,35284.12,31.47,41365.74
338,000710.SZ,20210810,27.1,27.2,26.61,27.19,26.91,0.28000000000000114,1.04,23657.57,63568.408,27.13,33270.68,26.84,34104.38,27.94,30052.45,32.11,46331.71,33.53,45556.31,29.42,42115.7,26.94,36483.87,27.16,32183.63,27.62,30576.55,29.6,36058.26,31.59,41963.25
339,000710.SZ,20210809,26.4,27.03,26.37,26.91,26.65,0.26000000000000156,0.98,23476.25,62981.79,27.37,41619.99,26.9,34088.33,28.03,30009.83,32.18,46552.36,33.62,45632.6,29.46,42351.13,26.83,36322.58,27.21,32591.0,27.73,30594.9,29.66,37369.5,31.67,42552.54
340,000710.SZ,20210806,27.01,27.01,26.27,26.65,27.24,-0.5899999999999999,-2.17,37406.68,99188.918,27.31,43339.89,27.02,35510.93,28.12,29998.88,32.26,46694.63,33.7,45701.36,29.49,42421.16,26.77,37012.51,27.31,32961.31,27.86,30805.67,29.69,37888.53,31.74,43091.25
341,000710.SZ,20210805,27.5,28.15,27.17,27.24,27.65,-0.41000000000000014,-1.48,28628.0,79118.028,27.19,44832.65,27.08,34203.49,28.22,29778.35,32.34,46702.32,33.79,45680.88,29.52,42485.79,26.82,35881.65,27.37,32309.29,27.99,30533.66,29.71,37983.84,31.79,43226.69
342,000710.SZ,20210804,28.49,28.54,27.46,27.65,28.39,-0.740000000000002,-2.61,53184.89,147753.033,26.98,44454.47,27.04,33672.89,28.29,29706.5,32.42,46774.27,33.87,45721.56,29.55,42964.38,26.89,35363.74,27.39,32814.75,28.07,30287.16,29.72,38318.46,31.85,43769.52
343,000710.SZ,20210803,26.5,28.45,26.27,28.39,26.6,1.7899999999999991,6.73,65404.14,181864.334,26.76,39697.06,27.0,32896.24,28.34,28913.95,32.48,46747.55,33.95,45709.47,29.57,43322.79,26.98,34242.25,27.42,31298.23,28.15,29254.62,29.71,38266.31,31.92,44097.15
344,000710.SZ,20210802,26.08,26.8,25.75,26.6,26.05,0.5500000000000007,2.11,32075.75,84634.901,26.29,31025.17,26.98,29840.7,28.38,27673.75,32.55,46663.91,34.04,45554.49,29.63,42691.8,26.88,29742.84,27.44,29205.5,28.21,27844.61,29.68,38539.99,31.95,44141.3
345,000710.SZ,20210730,26.22,26.42,24.83,26.05,26.22,-0.16999999999999815,-0.65,44870.47,114120.831,26.24,30685.13,27.12,29218.41,28.49,27651.89,32.63,46753.38,34.14,45487.77,29.71,42452.68,26.89,28708.28,27.52,28949.18,28.32,27772.37,29.69,39405.2,31.99,44522.84
346,000710.SZ,20210729,26.53,26.89,26.12,26.22,26.52,-0.3000000000000007,-1.13,26737.08,70901.846,26.46,26930.64,27.29,28213.38,28.64,27719.47,32.72,46781.25,34.25,45327.86,29.78,42228.71,27.0,28530.08,27.64,27920.44,28.44,27149.52,29.74,40009.31,32.04,44575.65
347,000710.SZ,20210728,26.11,26.79,25.5,26.52,26.07,0.4499999999999993,1.73,29397.84,77005.408,26.8,26273.01,27.49,28532.25,28.78,27966.42,32.82,46804.34,34.36,45291.69,29.88,42127.01,27.18,28424.59,27.79,27863.13,28.54,27132.9,29.8,42095.09,32.11,44756.75
348,000710.SZ,20210727,26.32,26.84,26.0,26.07,26.33,-0.259999999999998,-0.99,22044.7,58038.678,27.2,28787.44,27.59,28145.2,28.92,28445.22,32.92,46913.42,34.46,45254.33,29.97,42042.37,27.38,27883.4,27.96,27622.89,28.65,26927.55,29.88,42866.09,32.19,44968.44
349,000710.SZ,20210726,27.05,27.34,26.01,26.33,27.14,-0.8100000000000023,-2.98,30375.58,80703.431,27.46,28460.51,27.71,29429.24,29.09,28975.56,33.03,47034.49,34.57,45316.73,30.07,41959.81,27.6,28859.43,28.18,27731.06,28.79,27237.14,29.93,43078.75,32.28,45391.11
350,000710.SZ,20210723,27.84,27.88,27.0,27.14,27.94,-0.8000000000000007,-2.86,26098.0,71226.216,27.55,26731.43,27.87,28850.69,29.3,29303.7,33.13,47143.59,34.69,45253.79,30.16,41811.77,27.84,28910.12,28.41,27702.25,28.95,27796.89,29.97,43256.04,32.37,46175.18
351,000710.SZ,20210722,28.54,28.55,27.75,27.94,28.5,-0.5599999999999987,-1.96,23448.91,65612.221,27.54,30129.52,28.0,28654.66,29.45,29373.77,33.23,47191.39,34.8,45247.99,30.25,41939.36,27.91,28736.93,28.57,27859.67,29.08,28098.08,30.0,43651.88,32.47,47144.58
352,000710.SZ,20210721,27.61,29.5,27.61,28.5,27.38,1.120000000000001,4.09,41970.0,119902.784,27.57,30576.16,28.01,28923.93,29.59,29669.26,33.34,47220.73,34.91,45297.49,30.31,41797.83,27.89,30265.77,28.66,27748.87,29.19,28839.01,30.01,44062.48,32.53,47779.55
353,000710.SZ,20210720,26.75,27.47,26.61,27.38,26.79,0.5899999999999999,2.2,20410.04,55537.328,27.56,26979.35,28.01,27564.35,29.72,29785.45,33.45,47122.1,35.02,45193.58,30.36,41405.83,27.87,28354.21,28.74,26760.8,29.31,28775.89,30.02,44165.03,32.58,47815.27
354,000710.SZ,20210719,27.06,27.22,26.6,26.79,27.11,-0.3200000000000003,-1.18,21730.21,58255.723,27.73,29258.35,28.14,27962.89,29.91,31014.27,33.57,47198.63,35.15,45205.47,30.43,41404.64,28.01,28668.16,28.88,26895.49,29.51,29479.97,30.06,44513.44,32.63,48061.19
355,000710.SZ,20210716,28.0,28.26,26.88,27.11,28.06,-0.9499999999999993,-3.39,43088.46,118218.871,28.13,31088.8,28.39,28183.11,30.14,31467.0,33.69,47217.56,35.29,45264.82,30.51,41301.53,28.15,29190.08,29.04,27304.41,29.68,29704.96,30.1,44630.08,32.69,48295.7
356,000710.SZ,20210715,28.4,28.6,27.9,28.06,28.44,-0.38000000000000256,-1.34,25682.11,72152.919,28.28,27344.34,28.64,26730.77,30.35,31646.52,33.81,47162.25,35.41,45218.95,30.59,40941.52,28.29,27310.79,29.16,26459.24,29.88,29385.21,30.14,44616.17,32.74,48216.09
357,000710.SZ,20210714,28.1,29.09,27.94,28.44,28.26,0.17999999999999972,0.64,23985.95,68564.696,28.2,29955.37,28.87,27047.48,30.55,33078.8,33.93,47235.2,35.55,45274.21,30.64,40810.1,28.39,27301.68,29.23,26487.05,30.04,30059.81,30.15,45263.51,32.79,48382.62
358,000710.SZ,20210713,28.08,28.51,27.65,28.26,28.77,-0.509999999999998,-1.77,31805.0,89138.162,28.19,29729.07,29.01,27452.13,30.7,34170.9,34.04,47442.55,35.68,45432.69,30.69,40802.31,28.55,27362.39,29.29,26449.62,30.22,31333.28,30.17,46198.17,32.83,48641.04
359,000710.SZ,20210712,27.86,29.15,27.65,28.77,27.87,0.8999999999999986,3.23,30882.48,88029.274,28.29,28077.97,29.13,26638.9,30.84,35323.55,34.16,47633.09,35.82,45421.22,30.76,40626.56,28.76,26602.7,29.39,26425.99,30.43,31510.55,30.25,45969.42,32.88,48706.9
360,000710.SZ,20210709,27.44,28.26,27.17,27.87,27.67,0.1999999999999993,0.72,24366.16,67371.294,28.16,27291.36,29.22,25971.68,30.93,35907.54,34.27,47733.01,35.94,45369.51,30.83,40472.59,28.98,26494.38,29.51,27240.27,30.62,32120.88,30.31,45690.4,32.93,48748.01
361,000710.SZ,20210708,28.18,28.57,27.62,27.67,28.38,-0.7099999999999973,-2.5,38737.26,107976.946,28.29,27277.24,29.4,25874.58,31.0,36802.75,34.39,47839.19,36.07,45378.29,30.9,40551.49,29.23,26982.4,29.66,27778.65,30.85,33787.99,30.37,45752.18,33.0,48991.54
362,000710.SZ,20210707,28.47,29.04,28.21,28.38,28.77,-0.39000000000000057,-1.36,22854.43,65176.743,28.57,24647.99,29.58,25195.44,31.11,37282.42,34.5,47920.02,36.2,45355.81,30.98,40495.42,29.43,25231.98,29.84,28125.62,31.04,34533.99,30.46,45425.05,33.07,49185.86
363,000710.SZ,20210706,28.27,28.8,27.72,28.77,28.12,0.6499999999999986,2.31,23549.53,66478.071,28.9,24995.71,29.68,25451.65,31.19,38299.12,34.6,47963.18,36.33,45340.93,31.07,40493.21,29.6,25167.4,30.03,28986.73,31.2,36138.68,30.55,45428.3,33.15,49457.33
364,000710.SZ,20210705,28.88,29.12,28.0,28.12,28.52,-0.3999999999999986,-1.4,26949.42,76622.418,29.22,25127.42,29.72,25658.48,31.27,39636.12,34.7,48053.47,36.46,45356.9,31.14,40439.98,29.74,25122.83,30.25,29885.87,31.29,37044.97,30.63,45300.03,33.22,49627.44
365,000710.SZ,20210702,29.06,29.36,28.5,28.52,29.07,-0.5500000000000007,-1.89,24295.55,69844.863,29.8,25697.4,29.84,25372.93,31.34,41853.26,34.79,48110.04,36.59,45372.27,31.22,40421.15,29.93,25418.73,30.45,29962.4,31.37,37973.43,30.72,45172.08,33.31,49723.82
366,000710.SZ,20210701,30.05,30.05,29.0,29.07,30.04,-0.9699999999999989,-3.23,25591.04,75140.247,30.17,26687.57,29.98,25914.24,31.35,42745.09,34.87,48177.06,36.71,45510.72,31.3,40464.77,30.04,25607.7,30.67,30422.42,31.47,38998.45,30.8,45361.61,33.39,49846.25
367,000710.SZ,20210630,30.11,30.35,29.89,30.04,30.34,-0.3000000000000007,-0.99,24593.02,73793.35,30.29,25815.96,30.14,27574.01,31.32,43260.8,34.95,48245.89,36.84,45517.46,31.38,40518.42,30.06,25672.43,30.87,31438.88,31.54,40059.48,30.86,45148.99,33.46,50044.14
368,000710.SZ,20210629,31.2,31.45,30.05,30.34,31.04,-0.6999999999999993,-2.26,24208.08,73632.525,30.29,25339.09,30.21,28384.82,31.25,43969.98,35.03,48430.26,36.98,45476.79,31.44,40850.33,30.03,25536.85,31.06,33318.73,31.58,41539.97,30.9,44948.61,33.52,50283.87
369,000710.SZ,20210628,30.4,31.49,30.35,31.04,30.34,0.6999999999999993,2.31,29799.32,92447.555,30.26,25118.24,30.27,30036.26,31.15,44730.21,35.12,48534.46,37.13,45410.5,31.51,41089.32,30.03,26249.29,31.26,33964.47,31.58,44144.11,30.93,44883.82,33.59,50456.8
370,000710.SZ,20210625,29.69,30.48,29.62,30.34,29.7,0.6400000000000006,2.15,29246.37,88241.748,30.06,25140.06,30.36,30826.82,31.03,46260.37,35.21,48471.97,37.26,45365.76,31.59,41292.77,30.04,27986.17,31.43,34934.12,31.51,44971.38,30.96,44620.45,33.65,50615.83
371,000710.SZ,20210624,29.98,30.12,29.58,29.7,30.05,-0.3500000000000014,-1.16,21233.0,63292.868,29.92,24527.83,30.59,31771.89,30.93,47870.44,35.31,48392.79,37.41,45308.81,31.7,41394.37,30.1,28574.9,31.66,37190.79,31.43,45434.02,31.01,44401.13,33.74,50622.63
372,000710.SZ,20210623,30.03,30.19,29.81,30.05,30.19,-0.14000000000000057,-0.46,22208.66,66679.64,29.83,25528.89,30.77,32329.36,30.91,49631.74,35.41,48388.56,37.57,45336.65,31.81,41688.05,30.25,31019.27,31.85,39185.0,31.37,46349.75,31.05,44311.02,33.83,50821.56
373,000710.SZ,20210622,30.3,30.5,29.71,30.19,30.0,0.19000000000000128,0.63,23103.85,69565.839,29.77,25734.61,30.99,33197.6,30.9,53445.72,35.51,48394.64,37.73,45445.33,31.95,41992.81,30.46,32806.06,32.0,41624.33,31.27,47277.99,31.08,44330.9,33.93,50965.49
374,000710.SZ,20210621,29.59,30.5,29.21,30.0,29.65,0.3500000000000014,1.18,29908.43,89731.579,29.79,27380.34,31.21,34952.71,30.95,54991.41,35.61,48460.51,37.9,45482.94,32.08,42151.23,30.77,34648.91,32.07,43006.03,31.15,49235.36,31.13,44256.23,34.02,51157.01
375,000710.SZ,20210618,29.45,29.95,28.97,29.65,29.28,0.36999999999999744,1.26,26185.21,77219.41,30.02,30832.27,31.5,37435.91,30.91,55135.41,35.72,48389.9,38.07,45599.9,32.22,42419.46,30.98,34506.08,32.08,44250.78,31.06,51038.04,31.2,44080.0,34.12,51182.61
376,000710.SZ,20210617,29.63,30.07,29.11,29.28,29.71,-0.4299999999999997,-1.45,26238.32,77405.982,30.27,32621.96,31.87,38277.28,30.89,55571.52,35.83,48382.48,38.24,45676.14,32.34,42824.79,31.31,35237.14,32.18,45693.82,31.04,52869.1,31.26,44148.31,34.23,51195.01
377,000710.SZ,20210616,30.44,30.48,29.63,29.71,30.31,-0.5999999999999979,-1.98,23237.26,69681.584,30.66,36509.65,32.27,40042.97,30.88,56265.94,35.95,48421.2,38.39,45717.26,32.49,43239.22,31.68,37205.33,32.28,47253.01,31.05,57057.28,31.33,44286.54,34.35,51207.75
378,000710.SZ,20210615,30.9,31.45,30.25,30.31,31.16,-0.8500000000000014,-2.73,31332.5,96192.181,31.15,39877.5,32.66,43977.0,30.84,56996.76,36.08,48429.34,38.54,45773.82,32.65,43987.2,32.09,41100.6,32.35,49541.53,31.12,58804.63,31.42,44277.4,34.48,51276.03
379,000710.SZ,20210611,30.91,31.29,30.05,31.16,30.91,0.25,0.81,47168.06,144465.62,31.75,41917.47,32.91,46268.14,30.81,57490.59,36.21,48367.45,38.67,45842.86,32.83,45232.54,32.5,41679.65,32.36,53091.52,31.07,58920.36,31.49,44081.14,34.6,51218.73
380,000710.SZ,20210610,31.43,31.43,30.31,30.91,31.2,-0.28999999999999915,-0.93,35133.66,107900.777,31.94,38179.88,33.06,48100.99,30.77,57318.44,36.34,48260.45,38.82,45701.1,32.98,45968.9,32.83,41882.08,32.25,53463.99,31.0,58715.19,31.53,43720.62,34.71,51118.35
381,000710.SZ,20210609,32.16,32.45,30.97,31.2,32.15,-0.9499999999999993,-2.95,45676.78,143430.054,32.34,37852.31,33.11,49301.33,30.71,57130.05,36.46,48261.86,38.97,45805.57,33.13,46606.55,33.22,45806.68,32.1,53863.57,30.93,59205.68,31.6,43594.52,34.83,51127.14
382,000710.SZ,20210608,33.38,33.5,32.0,32.15,33.31,-1.1600000000000037,-3.48,40076.5,130548.454,32.69,37901.0,33.04,50003.36,30.66,57029.37,36.6,48187.86,39.15,45907.33,33.3,48124.71,33.45,47350.73,31.93,54014.99,30.84,59285.96,31.66,43326.82,34.94,51195.2
383,000710.SZ,20210607,32.2,33.75,31.78,33.31,32.11,1.2000000000000028,3.74,41532.37,137183.048,33.03,42323.7,32.99,51154.87,30.57,57748.37,36.73,48262.12,39.31,46004.55,33.41,48847.16,33.55,50442.6,31.67,54513.96,30.74,59554.17,31.7,43483.65,35.05,51354.92
384,000710.SZ,20210604,32.93,32.93,32.11,32.11,32.93,-0.8200000000000003,-2.49,28480.1,92360.825,33.24,41441.83,32.83,52377.15,30.46,58881.7,36.86,48181.1,39.44,45960.16,33.46,49551.7,33.37,51363.16,31.35,56528.59,30.62,59546.92,31.73,43493.65,35.15,51386.08
385,000710.SZ,20210603,32.76,33.5,32.3,32.93,32.96,-0.030000000000001137,-0.09,33495.82,110340.75,33.72,45584.27,32.75,55494.67,30.47,58575.81,36.97,48137.1,39.59,46152.03,33.51,50346.91,33.19,53995.48,31.1,59304.01,30.52,59555.19,31.82,43769.94,35.25,51479.21
386,000710.SZ,20210602,33.82,33.82,32.66,32.96,33.82,-0.8599999999999994,-2.54,45920.23,152288.409,34.11,53761.04,32.58,60789.77,30.46,58006.56,37.09,48084.01,39.73,46320.24,33.51,50615.76,33.06,56150.5,30.9,61685.08,30.4,59847.13,31.91,43826.12,35.34,51619.88
387,000710.SZ,20210601,35.4,36.37,33.73,33.82,34.4,-0.5799999999999983,-1.69,62189.99,216479.926,34.22,56800.46,32.26,61458.79,30.43,57481.65,37.21,48007.74,39.84,46296.67,33.52,51253.73,32.88,57300.69,30.74,66983.26,30.27,60467.2,32.0,43781.77,35.42,51479.46
388,000710.SZ,20210531,34.28,34.78,33.8,34.4,34.5,-0.10000000000000142,-0.29,37123.0,127225.655,34.07,58561.49,31.81,59992.29,30.4,56214.58,37.32,47717.11,39.97,46102.57,33.55,51657.88,32.61,57982.47,30.63,67656.64,30.12,61063.06,32.11,43496.36,35.49,51265.81
389,000710.SZ,20210528,34.7,35.58,34.21,34.5,34.86,-0.35999999999999943,-1.03,49192.33,171176.603,33.5,61284.49,31.31,60883.22,30.38,55800.65,37.43,47641.6,40.08,46088.48,33.52,52105.59,32.23,64503.38,30.36,67540.71,30.07,60428.28,32.2,43460.73,35.55,51248.91
390,000710.SZ,20210527,33.5,35.66,33.18,34.86,33.5,1.3599999999999994,4.06,74379.67,256860.95,32.66,62406.68,30.73,60949.64,30.35,54820.09,37.54,47505.17,40.2,45968.77,33.47,52487.83,31.67,65045.9,30.08,67131.74,30.0,59259.92,32.3,43474.62,35.6,51121.86
391,000710.SZ,20210526,32.82,33.75,32.32,33.5,33.08,0.4200000000000017,1.27,61117.33,202122.995,32.01,58539.96,30.1,61522.35,30.31,53199.28,37.63,47319.85,40.31,45731.67,33.44,52178.87,30.98,61920.47,29.78,65905.18,29.9,57716.37,32.36,43178.04,35.65,50797.88
392,000710.SZ,20210525,31.13,33.11,31.12,33.08,31.56,1.5199999999999996,4.82,70995.11,229295.047,31.54,57800.91,29.61,63281.69,30.31,52450.75,37.76,47081.05,40.44,45571.97,33.45,52010.23,30.41,60679.25,29.53,65253.57,29.88,56316.11,32.48,43114.76,35.72,50714.75
393,000710.SZ,20210524,30.59,31.59,29.88,31.56,30.29,1.2699999999999996,4.19,50738.02,155659.793,31.15,57403.45,29.3,64060.31,30.29,50740.13,37.9,46711.08,40.59,45340.09,33.5,51794.31,29.8,58585.33,29.33,64109.96,29.9,54717.92,32.62,43253.77,35.8,50449.9
394,000710.SZ,20210521,32.6,32.6,30.26,30.29,31.61,-1.3200000000000003,-4.18,54803.27,170359.096,30.96,67722.27,29.15,71840.75,30.32,49617.54,38.07,46449.05,40.75,45212.92,33.56,52088.01,29.32,61694.02,29.24,63638.8,29.97,53555.1,32.82,44487.03,35.91,50200.42
395,000710.SZ,20210520,31.08,31.72,30.67,31.61,31.15,0.46000000000000085,1.48,55046.08,171989.153,30.68,67685.12,29.27,73444.93,30.37,48603.35,38.23,46222.89,40.93,45036.95,33.66,53016.81,29.01,64612.55,29.18,62335.05,30.07,52370.73,33.03,45280.23,36.03,49892.43
396,000710.SZ,20210519,31.08,31.28,30.1,31.15,31.15,0.0,0.0,57422.05,175796.142,29.95,65300.98,29.06,71887.88,30.41,47396.04,38.4,45976.9,41.11,44938.82,33.76,54181.88,28.74,67219.66,29.08,61695.44,30.13,51724.77,33.21,45745.42,36.13,49605.59
397,000710.SZ,20210518,30.19,31.34,29.5,31.15,30.6,0.5499999999999972,1.8,69007.83,209948.85,29.28,63557.6,28.89,70625.63,30.47,46180.3,38.57,45758.26,41.29,44817.66,33.82,54744.85,28.6,76665.84,28.96,62050.46,30.18,50238.5,33.42,47447.36,36.24,49319.44
398,000710.SZ,20210517,28.99,31.74,28.99,30.6,28.91,1.6900000000000013,5.85,102332.12,312323.282,28.45,59767.2,28.71,69151.85,30.5,44616.13,38.75,45560.82,41.48,44684.16,33.85,54441.51,28.66,77330.81,28.88,62603.35,30.22,48357.24,33.57,47868.24,36.35,49015.95
399,000710.SZ,20210514,28.1,29.12,27.79,28.91,27.94,0.9699999999999989,3.47,54617.52,156557.339,27.68,55665.76,28.54,64979.0,30.54,42294.66,38.95,45054.75,41.66,44358.23,33.89,53742.68,28.49,70578.04,28.98,58390.74,30.27,45623.53,33.68,47735.58,36.48,48327.69
400,000710.SZ,20210513,27.94,28.4,27.3,27.94,27.82,0.120000000000001,0.43,43125.38,120711.198,27.33,61539.98,28.56,64479.41,30.67,41236.01,39.16,45020.43,41.87,44245.92,33.95,53679.4,28.49,69217.58,29.16,56366.93,30.41,44269.53,33.8,48293.97,36.62,48081.85
401,000710.SZ,20210512,26.86,27.88,26.55,27.82,26.99,0.8300000000000018,3.08,48705.14,133463.302,27.54,69138.35,28.71,64340.14,30.85,40536.28,39.37,44992.26,42.08,44225.66,34.03,53551.52,28.58,69889.9,29.35,55614.32,30.58,43368.25,33.88,48469.54,36.77,47987.59
402,000710.SZ,20210511,26.9,27.3,26.28,26.99,26.74,0.25,0.93,50055.84,134385.394,27.91,89774.08,28.8,62803.46,31.01,39994.47,39.56,44884.51,42.28,44363.52,34.12,53511.0,28.64,69827.89,29.62,54134.54,30.73,42272.28,33.98,49220.58,36.94,47785.12
403,000710.SZ,20210510,27.12,27.79,26.51,26.74,27.14,-0.40000000000000213,-1.47,81824.92,220942.658,28.87,94894.43,29.0,62203.3,31.21,39537.9,39.75,44764.65,42.51,44294.07,34.19,53576.87,28.86,69634.6,29.96,52784.22,30.9,41383.81,34.13,49928.0,37.13,47554.83
404,000710.SZ,20210507,28.78,28.99,27.14,27.14,29.0,-1.8599999999999994,-6.41,83988.64,234707.101,29.3,85490.32,29.16,60872.34,31.44,37798.6,39.93,44495.03,42.74,44012.63,34.3,53015.33,29.17,65583.59,30.29,49485.64,31.11,39277.11,34.22,49742.61,37.32,47137.61
405,000710.SZ,20210506,29.9,29.9,28.35,29.0,29.67,-0.6700000000000017,-2.26,81117.19,234391.921,29.65,76895.17,29.34,60570.57,31.66,35903.55,40.13,44072.96,42.98,43726.04,34.4,52373.01,29.36,60057.55,30.6,46249.81,31.34,37121.96,34.28,49640.47,37.5,46732.18
406,000710.SZ,20210430,31.78,32.75,29.02,29.67,31.78,-2.1099999999999994,-6.64,151883.81,466924.59,29.62,70641.45,29.62,55721.55,31.81,34268.84,40.33,43876.23,43.21,43464.3,34.5,52005.97,29.41,56171.22,30.82,43977.32,31.48,35427.51,34.34,49141.98,37.68,46348.04
407,000710.SZ,20210429,28.48,31.78,28.32,31.78,28.89,2.8900000000000006,10.0,75657.58,235184.984,29.37,49881.71,29.84,45125.97,31.96,30612.48,40.54,43258.12,43.46,42856.64,34.58,50808.27,29.33,47435.08,30.97,37024.83,31.62,31515.8,34.42,47418.41,37.86,45505.43
408,000710.SZ,20210428,28.66,29.18,28.05,28.89,28.9,-0.00999999999999801,-0.03,34804.38,99968.862,28.85,44374.77,29.84,41465.64,32.06,29258.28,40.73,43125.12,43.72,42577.58,34.65,50538.58,29.1,47875.88,31.0,33870.46,31.72,29750.17,34.5,47070.8,38.02,45123.83
409,000710.SZ,20210427,28.81,29.44,28.16,28.9,28.86,0.03999999999999915,0.14,41012.89,117598.907,29.04,45676.85,30.17,40258.35,32.21,29690.09,40.92,43119.75,44.0,42751.68,34.78,50660.7,29.48,46203.43,31.16,33146.27,31.9,29241.93,34.62,47703.48,38.19,45018.32
410,000710.SZ,20210426,28.4,29.8,28.16,28.86,28.43,0.4299999999999997,1.51,49848.6,145471.607,29.07,43219.94,30.54,38876.54,32.4,29723.02,41.12,43257.9,44.29,42818.14,34.9,50627.38,29.83,43516.28,31.37,31795.5,32.07,28726.06,34.77,49094.32,38.36,44891.97
411,000710.SZ,20210423,29.23,29.38,28.38,28.43,29.15,-0.7199999999999989,-2.47,48085.08,138560.309,29.19,41700.98,30.89,36261.52,32.65,29582.11,41.31,43341.75,44.56,42869.46,35.02,50482.57,30.13,41338.74,31.58,30107.43,32.27,27983.36,34.94,50637.28,38.54,44767.72
412,000710.SZ,20210422,29.7,29.7,28.94,29.15,29.87,-0.7200000000000024,-2.41,48122.89,140977.845,29.29,44988.46,31.26,34045.14,32.94,29252.15,41.47,43299.05,44.82,42817.66,35.14,50499.27,30.6,38441.2,31.77,28494.47,32.5,27367.68,35.06,51496.61,38.72,44536.5
413,000710.SZ,20210421,29.02,30.17,28.91,29.87,29.02,0.8500000000000014,2.93,41314.8,122098.321,29.35,51377.0,31.6,33087.01,33.22,29109.11,41.65,43168.94,45.1,42756.2,35.26,50569.1,31.06,35933.85,31.91,27258.42,32.66,27413.12,35.13,51465.52,38.9,44354.22
414,000710.SZ,20210420,29.41,29.78,29.02,29.02,29.49,-0.46999999999999886,-1.59,28728.32,84330.38,29.91,46730.01,31.81,30896.18,33.52,29219.42,41.81,43123.3,45.38,42812.86,35.37,50617.71,31.42,33387.7,32.08,26123.87,32.85,27440.38,35.2,51608.94,39.07,44256.15
415,000710.SZ,20210419,28.89,29.85,28.5,29.49,28.93,0.5599999999999987,1.94,42253.83,123791.813,30.59,43812.62,32.07,29653.24,33.84,29403.45,41.99,43124.92,45.67,42970.14,35.5,50886.44,31.83,32442.08,32.32,25654.17,33.13,27984.69,35.27,51961.33,39.23,44414.2
416,000710.SZ,20210416,28.91,29.3,27.8,28.93,29.43,-0.5,-1.7,64522.46,184826.067,31.07,40976.5,32.27,27966.08,34.16,29632.03,42.15,43069.75,45.95,43218.54,35.66,50723.88,32.24,31783.42,32.52,25055.65,33.41,27805.11,35.35,51816.0,39.41,44284.83
417,000710.SZ,20210415,30.0,31.13,29.43,29.43,32.7,-3.270000000000003,-10.0,80065.58,237077.584,31.9,31893.93,32.58,24079.54,34.44,29398.57,42.34,42858.68,46.27,43143.94,35.81,50464.98,32.61,26614.57,32.76,23556.15,33.74,27096.34,35.43,51501.74,39.62,43894.81
418,000710.SZ,20210414,32.3,32.76,32.2,32.7,32.41,0.29000000000000625,0.89,18079.88,58898.147,32.76,20490.7,32.87,19158.12,34.77,28729.6,42.54,42523.55,46.58,43147.32,35.97,49923.83,32.9,19865.03,33.03,20687.32,34.09,25929.67,35.49,51083.91,39.83,43335.97
419,000710.SZ,20210413,31.74,32.49,31.74,32.41,31.87,0.5399999999999956,1.69,14141.34,45443.164,32.92,20045.38,32.83,18984.75,35.03,30531.25,42.72,42601.09,46.92,43558.4,36.08,50297.25,32.85,20089.12,33.12,20761.17,34.34,26493.18,35.52,51444.39,40.01,43370.62
420,000710.SZ,20210412,32.9,33.07,31.64,31.87,33.1,-1.2300000000000004,-3.72,28073.22,90297.962,33.07,21071.53,32.8,19697.09,35.37,33783.95,42.92,42676.95,47.26,44208.51,36.21,50548.44,32.9,20074.72,33.19,21330.95,34.6,27689.32,35.56,51805.62,40.2,43416.3
421,000710.SZ,20210409,33.75,33.92,32.86,33.1,33.74,-0.6400000000000006,-1.9,19109.65,63433.041,33.42,22590.34,32.9,18970.21,35.69,35969.89,43.13,42749.09,47.61,44509.28,36.36,50543.12,33.03,18876.11,33.34,21305.67,34.82,28639.72,35.63,52230.89,40.4,43398.5
422,000710.SZ,20210408,33.25,33.98,33.19,33.74,33.48,0.2600000000000051,0.78,23049.42,77617.984,33.31,21335.2,32.97,18987.49,35.97,37847.76,43.33,42872.96,47.9,44638.78,36.51,50658.55,32.94,18547.75,33.44,21830.92,35.07,29913.42,35.68,52946.66,40.61,43577.39
423,000710.SZ,20210407,33.2,33.55,32.7,33.48,33.18,0.29999999999999716,0.9,15853.25,52432.081,33.04,19239.36,32.94,19543.97,36.25,41862.16,43.53,43035.43,48.15,44931.94,36.66,50770.3,32.77,18582.99,33.46,23152.75,35.34,31789.63,35.74,53486.36,40.82,43630.8
424,000710.SZ,20210406,33.81,33.97,33.15,33.18,33.59,-0.4100000000000037,-1.22,19272.13,64268.535,32.78,20132.85,32.96,20980.83,36.46,44168.25,43.73,43253.46,48.37,45416.73,36.8,50885.01,32.74,18860.04,33.56,24466.72,35.68,35418.96,35.82,53954.85,41.04,43912.65
425,000710.SZ,20210402,32.67,34.5,32.67,33.59,32.58,1.0100000000000051,3.1,35667.25,120465.309,32.73,19077.91,33.08,21243.65,36.56,46377.08,43.94,43367.11,48.61,46318.45,36.95,51096.35,32.82,18866.26,33.77,25756.0,35.99,38189.73,35.9,54275.55,41.24,44077.63
426,000710.SZ,20210401,32.37,32.68,32.22,32.58,32.36,0.21999999999999886,0.68,12833.97,41616.713,32.64,15161.88,33.15,20004.4,36.64,47919.84,44.15,43395.12,48.83,46624.81,37.11,51103.3,32.8,18327.89,34.0,25815.96,36.3,39766.07,35.97,54330.9,41.42,44056.97
427,000710.SZ,20210331,32.37,32.64,32.03,32.36,32.19,0.1700000000000017,0.53,12570.18,40629.414,32.57,15760.29,33.25,20981.55,36.64,49120.6,44.36,43806.02,49.01,46948.63,37.26,51650.1,32.92,20497.74,34.3,27337.23,36.66,44656.23,36.05,54939.29,41.6,44223.32
428,000710.SZ,20210330,32.6,32.88,31.99,32.19,32.95,-0.7600000000000051,-2.31,20320.74,65642.941,32.51,17926.63,33.44,22135.2,36.69,51508.75,44.58,43984.84,49.17,47144.96,37.45,52272.4,33.15,21509.61,34.69,28961.99,36.93,47379.23,36.15,55619.12,41.77,44476.9
429,000710.SZ,20210329,33.15,33.33,32.75,32.95,33.11,-0.1599999999999966,-0.48,13997.43,46124.137,32.7,17587.22,33.67,22850.12,36.8,53631.7,44.82,44081.65,49.3,47183.48,37.61,52605.07,33.38,21433.23,35.08,29695.21,37.08,49847.62,36.25,56029.78,41.97,44500.99
430,000710.SZ,20210326,32.6,33.24,32.32,33.11,32.25,0.8599999999999994,2.67,16087.09,52787.613,32.9,18654.61,33.77,25580.01,36.78,55299.47,45.06,44231.35,49.43,47385.0,37.76,52947.18,33.48,22587.18,35.45,31496.62,37.19,52318.4,36.35,56611.21,42.17,44824.24
431,000710.SZ,20210325,32.04,32.57,31.55,32.25,32.04,0.21000000000000085,0.66,15826.03,50895.853,32.97,21493.9,33.95,27583.51,36.71,57116.33,45.3,44375.77,49.56,47506.89,37.91,53404.37,33.65,23735.23,35.72,33521.52,37.17,53570.83,36.48,56844.12,42.4,45214.14
432,000710.SZ,20210324,33.49,33.49,31.92,32.04,33.15,-1.1099999999999994,-3.35,23401.86,75998.427,33.26,25235.19,34.34,29832.1,36.73,58156.97,45.58,44607.46,49.72,47934.79,38.05,53580.95,33.95,25114.1,36.14,35596.25,37.23,56168.88,36.62,57332.11,42.62,45553.14
433,000710.SZ,20210323,33.9,34.19,33.0,33.15,33.94,-0.7899999999999991,-2.33,18623.68,62292.266,33.8,25092.59,34.81,30867.83,36.79,58894.26,45.88,44642.84,49.9,48119.46,38.19,53756.29,34.16,27722.51,36.62,38392.94,37.36,58472.18,36.77,57600.07,42.82,45641.72
434,000710.SZ,20210322,33.41,33.99,33.1,33.94,33.46,0.4799999999999969,1.43,19334.39,65090.609,34.06,25279.24,35.23,32762.89,36.89,59958.29,46.17,44959.53,50.08,48403.43,38.29,53975.91,34.39,30073.4,37.15,43698.42,37.34,60208.11,36.91,58057.78,43.03,45994.07
435,000710.SZ,20210319,33.18,34.15,32.7,33.46,33.73,-0.269999999999996,-0.8,30283.55,101376.754,34.06,26519.74,35.71,34742.21,36.95,61529.79,46.48,45188.07,50.23,48702.05,38.39,54170.74,34.73,32645.74,37.58,47851.46,37.23,62158.98,37.04,58285.21,43.21,46348.98
436,000710.SZ,20210318,34.75,35.15,33.55,33.73,34.72,-0.990000000000002,-2.85,34532.46,117566.956,34.33,25976.56,36.21,35103.86,37.08,64299.79,46.77,45384.17,50.38,48966.16,38.48,54240.32,35.19,33304.02,38.04,50485.15,37.21,62856.45,37.2,58241.72,43.37,46446.08
437,000710.SZ,20210317,34.61,35.09,33.93,34.72,34.45,0.269999999999996,0.78,22688.87,78568.433,34.63,24993.0,36.71,36295.64,37.24,67473.13,47.04,45417.49,50.52,49126.6,38.58,54461.78,35.68,34176.72,38.53,56735.47,37.22,63321.02,37.37,58128.96,43.54,46403.2
438,000710.SZ,20210316,34.03,34.5,33.7,34.45,33.95,0.5,1.47,19556.93,66821.842,34.51,30352.44,37.01,38903.04,37.26,69736.54,47.33,45521.98,50.66,49393.49,38.69,54682.1,36.23,36414.38,38.82,60314.04,37.28,64391.42,37.55,58274.66,43.7,46503.65
439,000710.SZ,20210315,34.5,34.5,33.5,33.95,34.78,-0.8299999999999983,-2.39,25536.9,86555.733,34.71,34867.56,37.48,41807.94,37.24,70521.85,47.62,45739.58,50.79,49663.91,38.83,54698.68,36.78,37957.2,38.93,64054.82,37.34,66165.04,37.71,58356.32,43.86,46582.03
440,000710.SZ,20210312,35.17,35.45,34.2,34.78,35.23,-0.44999999999999574,-1.28,27567.66,95561.185,35.4,38771.73,38.07,45946.31,37.23,71238.99,47.92,45946.33,50.93,49762.31,38.97,54596.11,37.41,40406.06,39.04,67184.02,37.46,69462.59,37.88,58516.09,44.02,46655.13
441,000710.SZ,20210311,34.2,35.95,34.06,35.23,34.14,1.0899999999999963,3.19,29614.66,103581.038,36.06,40631.48,38.77,53420.59,37.2,71895.0,48.22,46339.84,51.06,49911.68,39.1,54503.54,37.79,43307.81,38.94,68488.62,37.61,73291.2,38.05,58659.76,44.2,46709.8
442,000710.SZ,20210310,35.97,35.99,33.8,34.14,35.45,-1.3100000000000023,-3.7,49486.03,171244.01,36.74,43360.44,39.33,59019.09,37.16,72010.28,48.54,46494.71,51.19,50133.78,39.21,54416.47,38.33,46078.4,38.88,71696.27,37.62,75625.54,38.21,59063.58,44.39,46728.07
443,000710.SZ,20210309,37.2,37.23,33.81,35.45,37.38,-1.9299999999999997,-5.16,42132.55,151669.655,37.95,42476.32,39.99,61593.81,37.16,71897.94,48.88,46711.03,51.35,50159.46,39.36,54191.18,39.08,49063.37,38.96,73847.02,37.61,75517.92,38.41,59226.2,44.6,46559.4
444,000710.SZ,20210308,38.32,39.74,37.38,37.38,38.1,-0.7199999999999989,-1.89,45057.76,173902.692,38.86,41046.83,40.6,70625.06,37.08,72276.28,49.26,47026.45,51.49,50022.72,39.5,53892.62,39.92,57323.44,38.81,75275.46,37.55,75777.5,38.56,59278.51,44.81,46417.17
445,000710.SZ,20210305,38.0,39.1,37.6,38.1,38.62,-0.519999999999996,-1.35,36866.41,141087.599,39.43,42040.39,40.84,74409.87,36.99,72118.96,49.63,47574.73,51.63,50052.06,39.61,53626.74,40.44,63057.18,38.48,76915.6,37.42,75937.97,38.68,59188.47,45.01,46362.21
446,000710.SZ,20210304,39.99,40.22,38.0,38.62,40.19,-1.5700000000000003,-3.91,43259.43,169302.798,39.53,45984.13,40.74,78833.42,36.9,72088.04,49.99,47866.65,51.78,50087.25,39.72,53559.38,40.9,67666.28,38.21,77632.66,37.28,75826.9,38.78,59413.64,45.21,46362.88
447,000710.SZ,20210303,39.84,40.26,38.8,40.19,40.0,0.18999999999999773,0.47,45065.47,177841.32,39.92,48796.37,40.54,82284.3,36.84,72391.86,50.3,47850.93,51.93,49993.28,39.84,53308.04,41.37,79294.21,37.99,77893.17,37.13,75907.13,38.84,59177.14,45.42,46389.42
448,000710.SZ,20210302,40.02,40.4,39.4,40.0,40.22,-0.21999999999999886,-0.55,34985.1,139187.185,40.21,55650.42,39.97,82945.4,36.7,72891.58,50.54,48042.09,52.07,49920.52,39.96,53006.11,41.4,84213.7,37.81,78379.93,36.88,76238.14,38.88,59035.25,45.6,46407.63
449,000710.SZ,20210301,38.82,40.56,38.61,40.22,38.61,1.6099999999999994,4.17,50025.55,198670.836,40.97,73600.04,39.52,87467.12,36.62,73492.93,50.76,48478.19,52.2,49955.6,40.09,52963.09,41.09,90152.44,37.61,80268.96,36.69,76395.6,38.9,59037.09,45.79,46413.07
450,000710.SZ,20210226,39.6,40.16,38.2,38.61,40.6,-1.990000000000002,-4.9,56585.12,221416.293,41.45,84073.96,39.17,90734.47,36.56,73314.62,50.99,49322.89,52.35,49871.12,40.2,52767.24,40.67,93961.98,37.49,83990.85,36.52,75921.93,38.91,58769.1,45.99,46327.03
451,000710.SZ,20210225,41.78,42.23,40.21,40.6,41.61,-1.009999999999998,-2.43,57320.59,235697.755,42.26,89348.43,38.7,91820.33,36.55,72783.12,51.21,49537.17,52.5,49759.06,40.37,52479.72,40.08,93669.44,37.51,88282.9,36.45,75822.06,38.95,58417.72,46.18,46455.51
452,000710.SZ,20210224,42.0,42.88,41.2,41.61,43.83,-2.219999999999999,-5.07,79335.72,333094.755,42.82,109792.06,37.95,93400.34,36.47,72243.93,51.37,49608.28,52.64,49653.11,40.5,52392.37,39.43,97314.14,37.26,90399.11,36.28,75979.91,38.95,58314.74,46.39,46297.17
453,000710.SZ,20210223,42.98,46.58,42.98,43.83,42.6,1.2299999999999969,2.89,124733.23,553959.469,42.6,112776.98,37.26,91236.64,36.35,71361.62,51.49,49375.04,52.75,49360.52,40.64,51732.78,38.84,98630.67,36.87,88745.19,36.14,75183.09,38.98,57646.03,46.59,45921.55
454,000710.SZ,20210222,42.57,43.5,41.19,42.6,42.67,-0.07000000000000028,-0.16,102395.16,434321.161,41.2,106704.84,36.52,85370.21,36.19,69262.42,51.57,48695.16,52.84,48793.27,40.7,50364.92,37.71,93227.48,36.36,85004.52,35.95,72490.74,38.99,55913.81,46.79,45178.39
455,000710.SZ,20210219,42.87,43.08,41.78,42.67,43.39,-0.7199999999999989,-1.66,82957.43,352017.115,39.88,103849.99,36.06,81709.09,36.06,67573.16,51.65,48317.79,52.95,48362.63,40.8,49344.33,36.53,90774.03,35.91,82378.36,35.8,70361.38,39.02,54504.63,47.0,44632.46
456,000710.SZ,20210218,42.0,44.49,41.72,43.39,40.5,2.8900000000000006,7.14,159538.77,689111.233,37.9,97990.45,35.55,80925.11,35.94,66570.98,51.74,47996.47,53.06,48095.93,40.9,48704.07,35.53,87599.05,35.47,79907.2,35.65,68895.73,39.05,53465.75,47.25,44351.07
457,000710.SZ,20210210,36.9,40.5,36.21,40.5,36.82,3.6799999999999997,9.99,94260.3,369919.706,36.03,84836.21,35.12,78227.0,35.86,62762.82,51.85,47500.65,53.14,47373.98,40.99,46848.07,34.61,76492.14,35.01,74213.58,35.45,65222.35,39.06,51191.51,47.51,43259.04
458,000710.SZ,20210209,36.48,38.04,36.46,36.82,36.04,0.7800000000000011,2.16,94372.54,350072.815,35.08,84484.36,35.01,81932.06,35.87,61317.09,52.0,47225.32,53.25,46996.28,41.12,45941.26,34.22,72546.17,34.62,72250.37,35.37,63859.02,39.13,50163.67,47.8,43008.77
459,000710.SZ,20210208,32.99,36.04,32.76,36.04,32.76,3.280000000000001,10.01,88120.89,310608.938,34.22,79750.12,34.9,82337.62,36.0,59702.58,52.18,47032.55,53.36,46600.0,41.3,45076.91,34.14,70385.48,34.5,69517.19,35.42,62211.94,39.29,48919.8,48.15,42657.7
460,000710.SZ,20210205,34.25,34.8,32.53,32.76,34.05,-1.2899999999999991,-3.79,53659.75,181071.548,33.17,77698.06,34.74,79117.34,36.16,58466.27,52.35,46905.33,53.48,46187.53,41.46,44537.89,34.32,74019.72,34.45,66901.91,35.51,60904.02,39.45,47869.73,48.48,42411.04
461,000710.SZ,20210204,35.8,35.8,33.17,34.05,35.74,-1.6900000000000048,-4.73,93767.57,318901.787,33.16,77207.64,34.8,78829.66,36.43,57858.06,52.53,47052.96,53.61,46049.98,41.72,44178.82,34.95,82896.37,34.63,66898.37,35.78,60117.42,39.67,47505.64,48.81,42291.63
462,000710.SZ,20210203,32.21,35.74,32.2,35.74,32.49,3.25,10.0,92501.07,318331.74,33.18,68148.06,34.76,75453.08,36.7,55914.13,52.69,46829.89,53.75,45688.41,41.98,43164.84,35.09,83484.08,34.7,65312.8,36.0,58495.34,39.9,46349.66,49.16,41824.7
463,000710.SZ,20210202,31.14,32.9,30.67,32.49,30.79,1.7000000000000028,5.52,70701.32,226572.818,33.36,60607.98,34.63,70917.17,36.94,54010.19,52.85,46658.32,53.87,45335.73,42.23,42104.91,34.9,78859.71,34.79,63459.3,36.18,56727.95,40.13,45181.65,49.5,41477.95
464,000710.SZ,20210201,32.6,32.6,30.21,30.79,32.71,-1.9200000000000017,-5.87,77860.61,241769.464,34.06,61020.83,34.75,68991.4,37.31,52855.17,53.02,46620.51,54.0,45188.61,42.53,41458.71,35.02,76781.57,35.07,62122.38,36.48,55907.45,40.42,44532.61,49.88,41349.68
465,000710.SZ,20210129,34.0,34.1,32.29,32.71,34.15,-1.4399999999999977,-4.22,51207.65,168763.464,35.47,70341.38,34.9,67232.58,37.7,51284.45,53.2,46372.64,54.16,44926.33,42.86,40682.21,35.29,73982.7,35.44,60155.06,36.85,54411.45,40.71,43823.88,50.26,41402.78
466,000710.SZ,20210128,35.59,35.97,34.0,34.15,36.65,-2.5,-6.82,48469.65,169365.435,36.73,88585.09,35.03,66348.07,38.04,50811.38,53.37,46383.78,54.31,44856.64,43.16,40345.28,35.42,72215.36,35.71,59544.08,37.2,53626.99,41.02,43554.1,50.68,41408.68
467,000710.SZ,20210127,36.12,38.5,35.8,36.65,36.0,0.6499999999999986,1.81,54800.68,201041.443,37.0,98820.1,35.1,65374.65,38.37,50450.15,53.53,46513.5,54.43,44841.09,43.47,40240.03,35.41,71935.03,35.87,59587.46,37.52,52936.91,41.29,43592.44,51.07,41676.74
468,000710.SZ,20210126,37.74,37.81,35.28,36.0,37.82,-1.8200000000000003,-4.81,72765.57,262665.633,36.45,97111.43,35.08,65281.46,38.6,50422.02,53.69,46506.73,54.53,44918.53,43.78,39902.14,35.02,71954.56,35.95,59515.44,37.81,52157.9,41.54,43176.87,51.53,41949.68
469,000710.SZ,20210125,39.96,41.25,37.01,37.82,39.05,-1.2299999999999969,-3.15,124463.34,483684.532,35.97,92542.3,35.04,64457.65,38.9,50024.3,53.86,46133.51,54.65,45055.05,44.09,39594.26,34.85,68648.9,36.06,58125.18,38.08,50547.6,41.75,42333.16,51.97,42376.71
470,000710.SZ,20210122,35.54,39.05,35.11,39.05,35.5,3.549999999999997,10.0,142426.19,538276.527,35.11,77624.03,35.02,59147.48,39.1,47695.11,54.02,45616.53,54.74,44603.33,44.36,38455.68,34.58,59784.09,36.1,54346.17,38.29,47569.59,41.95,40689.63,52.42,41997.04
471,000710.SZ,20210121,34.39,36.2,34.39,35.5,33.86,1.6400000000000006,4.84,99644.71,351745.237,34.1,55845.63,34.95,51573.37,39.25,44672.44,54.19,44924.77,54.81,44122.45,44.56,36999.18,34.31,50900.38,36.19,48727.94,38.5,44028.31,42.15,38898.16,52.78,41151.79
472,000710.SZ,20210120,33.75,34.63,33.41,33.86,33.62,0.240000000000002,0.71,46257.35,157150.13,33.82,45049.97,35.14,46871.03,39.5,43223.38,54.38,44422.92,54.89,43748.83,44.81,36107.87,34.32,47141.52,36.45,46000.97,38.8,42501.62,42.39,37576.38,53.11,40926.36
473,000710.SZ,20210119,33.55,34.68,33.28,33.62,33.54,0.0799999999999983,0.24,49919.93,169041.182,33.58,46797.69,35.47,46311.85,39.76,42717.86,54.59,44329.25,54.96,43732.47,45.07,36064.43,34.68,48058.89,36.83,45662.07,39.21,42934.48,42.66,37242.92,53.43,41355.74
474,000710.SZ,20210118,34.1,34.28,33.23,33.54,33.99,-0.45000000000000284,-1.32,49871.96,167913.093,33.74,44755.49,35.76,46267.04,40.02,42324.68,54.79,44266.7,55.03,43631.43,45.37,35708.31,35.13,47463.19,37.21,45470.39,39.58,42779.52,42.94,36903.36,53.75,42370.26
475,000710.SZ,20210115,34.11,34.35,33.32,33.99,34.1,-0.10999999999999943,-0.32,33534.21,113340.031,34.04,41944.15,36.13,46535.37,40.24,41890.08,55.01,44168.62,55.11,43554.44,45.68,35747.19,35.59,46327.42,37.63,44625.82,39.93,42438.97,43.18,36867.07,54.06,42683.34
476,000710.SZ,20210114,32.67,34.66,32.49,34.1,32.67,1.4299999999999997,4.38,45666.4,154402.481,34.52,45955.13,36.44,47414.3,40.45,41902.2,55.22,44197.18,55.18,43518.4,46.03,36138.41,35.99,46872.79,38.09,44332.81,40.27,43000.38,43.48,36753.66,54.31,42966.88
477,000710.SZ,20210113,34.31,34.75,32.12,32.67,34.38,-1.7100000000000009,-4.97,54995.94,182111.066,34.81,49233.08,36.8,47661.75,40.64,41603.26,55.43,44153.77,55.25,43441.35,46.37,36282.93,36.33,47239.89,38.58,43437.84,40.55,42447.15,43.81,36287.88,54.51,42967.58
478,000710.SZ,20210112,35.19,35.19,34.1,34.38,35.06,-0.6799999999999997,-1.94,39708.92,136463.579,35.77,49320.1,37.43,45743.72,40.89,41489.89,55.63,43979.41,55.33,43303.57,46.68,36003.4,36.89,47076.33,39.21,42259.57,40.88,41832.35,44.18,35588.04,54.7,42732.87
479,000710.SZ,20210111,36.23,36.24,34.83,35.06,36.39,-1.3299999999999983,-3.65,35815.3,126295.544,36.53,50170.89,37.91,46158.83,41.15,41475.31,55.8,43904.13,55.4,43256.78,46.99,36286.03,37.26,47601.46,39.69,41496.95,41.1,41678.57,44.51,35296.84,54.87,42802.41
480,000710.SZ,20210108,35.49,37.05,34.01,36.39,35.54,0.8500000000000014,2.39,53589.1,191718.837,37.13,50710.68,38.4,46440.67,41.43,41033.69,55.98,43861.08,55.47,43294.72,47.27,36634.14,37.63,48908.26,40.15,41462.33,41.3,41616.27,44.85,35026.97,55.04,42809.68
481,000710.SZ,20210107,37.09,37.2,35.1,35.54,37.5,-1.9600000000000009,-5.23,62056.13,222365.675,37.47,47790.45,38.77,45863.54,41.67,39982.38,56.15,43752.03,55.51,43341.14,47.48,36478.77,38.07,46555.51,40.6,40592.28,41.45,41013.38,45.17,34566.11,55.23,43097.61
482,000710.SZ,20210106,38.59,38.89,37.17,37.5,38.16,-0.6599999999999966,-1.73,55431.05,210436.009,37.84,45246.71,39.27,43626.95,41.92,38763.81,56.3,43581.71,55.58,43173.24,47.73,36043.17,38.58,44860.43,41.05,40181.67,41.63,40649.56,45.54,34208.11,55.46,43035.57
483,000710.SZ,20210105,37.9,39.13,37.4,38.16,38.07,0.0899999999999963,0.24,43962.85,167756.199,38.0,44832.56,39.7,41491.79,42.11,37812.43,56.44,43408.08,55.63,43077.2,47.95,35767.33,38.97,43265.25,41.48,40372.28,41.82,40108.96,45.9,33775.24,55.67,43128.76
484,000710.SZ,20210104,38.28,38.79,37.34,38.07,38.06,0.00999999999999801,0.03,38514.27,146201.393,37.99,45032.03,40.14,40245.96,42.31,37477.92,56.57,43293.07,55.69,43071.88,48.16,35567.32,39.28,43477.6,41.8,40437.68,42.03,39336.88,46.25,33870.44,55.85,43344.09
485,000710.SZ,20201231,37.25,38.25,37.1,38.06,37.43,0.6300000000000026,1.68,38987.96,147117.0,38.13,47105.83,40.69,39701.07,42.54,36925.75,56.69,43153.48,55.75,43194.63,48.37,35511.25,39.67,42924.22,42.11,40494.75,42.25,38647.88,46.59,33879.7,56.02,43647.45
486,000710.SZ,20201230,38.3,38.57,37.01,37.43,38.29,-0.8599999999999994,-2.25,49337.42,185554.097,38.68,45320.56,41.16,38583.25,42.77,36517.78,56.81,43093.93,55.81,43338.32,48.6,35446.45,40.19,41792.82,42.41,41064.17,42.46,38035.78,46.86,33783.04,56.18,43836.27
487,000710.SZ,20201229,37.86,39.17,36.68,38.29,38.08,0.21000000000000085,0.55,53360.3,202721.781,39.32,44474.14,41.68,37489.84,43.03,36002.38,56.95,42978.14,55.88,43443.43,48.88,35212.72,40.83,39635.79,42.67,40050.78,42.67,37160.67,47.14,33507.35,56.35,43990.07
488,000710.SZ,20201228,38.5,39.3,37.52,38.08,38.8,-0.7199999999999989,-1.86,44960.22,172509.062,39.94,41697.94,42.22,36168.89,43.31,35150.87,57.08,42836.04,55.93,43479.69,49.15,34891.19,41.53,37442.82,42.87,39210.36,42.89,36468.32,47.4,33334.67,56.51,44089.21
489,000710.SZ,20201225,40.05,40.85,38.78,38.8,40.79,-1.990000000000002,-4.88,48883.25,193026.649,40.58,41923.17,42.72,36852.26,43.64,34487.95,57.19,42842.14,55.99,43639.62,49.46,34625.92,42.12,35392.43,43.02,38717.13,43.15,35627.65,47.7,32972.19,56.67,44065.94
490,000710.SZ,20201224,40.62,40.89,39.82,40.79,40.65,0.14000000000000057,0.34,30061.6,120943.318,41.21,38742.61,43.28,37649.18,43.96,33984.29,57.31,42735.55,56.03,44062.41,49.76,34486.97,42.67,34016.41,43.14,37970.28,43.38,34835.44,47.99,33037.27,56.82,44098.68
491,000710.SZ,20201223,41.98,42.5,40.35,40.65,41.39,-0.740000000000002,-1.79,45105.34,184945.862,41.69,38265.09,43.58,38819.13,44.19,34139.44,57.43,42800.61,56.05,44573.84,50.05,34578.77,43.12,34629.05,43.13,38242.32,43.57,34893.86,48.32,33584.17,56.96,44407.74
492,000710.SZ,20201222,41.6,42.56,41.26,41.39,41.26,0.13000000000000256,0.32,39479.28,165653.67,42.34,34797.43,43.85,38399.91,44.49,33842.84,57.54,42805.73,56.07,44934.11,50.35,34596.63,43.51,35502.92,43.15,38544.13,43.81,34203.98,48.63,33774.16,57.12,44480.42
493,000710.SZ,20201221,42.08,42.46,40.9,41.26,41.97,-0.7100000000000009,-1.69,46086.39,190403.098,43.11,33187.7,44.06,39238.16,44.77,34174.92,57.62,43003.0,56.06,45113.68,50.62,34700.24,43.98,37479.31,43.24,38530.82,44.07,33635.36,48.88,33683.37,57.28,44309.94
494,000710.SZ,20201218,42.92,43.4,41.64,41.97,43.2,-1.230000000000004,-2.85,32980.42,139350.728,43.67,28861.69,44.16,37929.17,45.08,33697.86,57.73,43348.5,56.06,45191.12,50.92,34560.93,44.33,37397.77,43.41,37266.52,44.35,33157.78,49.15,33930.36,57.44,44342.7
495,000710.SZ,20201217,43.85,44.8,43.05,43.2,43.89,-0.6899999999999977,-1.57,27674.0,120870.185,44.13,29290.22,44.19,38203.9,45.27,33379.12,57.79,43453.65,56.06,45666.1,51.21,34650.53,44.54,38065.27,43.54,36509.72,44.57,33236.32,49.38,34412.74,57.62,44424.63
496,000710.SZ,20201216,45.6,45.6,43.55,43.89,45.22,-1.3299999999999983,-2.94,27767.07,122357.221,44.55,30993.02,44.03,38774.79,45.47,33325.5,57.86,43686.18,56.06,45997.68,51.46,35241.59,44.63,40335.52,43.59,36157.25,44.83,33481.22,49.53,34650.45,57.79,44422.18
497,000710.SZ,20201215,44.36,45.65,43.6,45.22,44.06,1.1599999999999966,2.63,31430.61,141865.237,44.67,36208.41,43.82,39250.11,45.67,33536.42,57.88,43746.84,56.03,46264.42,51.74,35382.28,44.5,40465.78,43.59,35923.11,45.07,34247.98,49.71,34677.44,57.95,44463.85
498,000710.SZ,20201214,44.5,44.78,43.2,44.06,44.29,-0.22999999999999687,-0.52,24456.36,107678.962,44.85,41770.92,43.47,39563.33,45.81,33210.17,57.9,43830.61,55.98,46346.07,52.02,35420.03,44.22,40977.9,43.57,35981.06,45.28,34195.84,49.85,34732.64,58.09,44542.88
499,000710.SZ,20201211,45.3,45.3,43.67,44.29,45.3,-1.009999999999998,-2.23,35123.07,155149.014,44.98,45933.84,43.23,41616.03,45.98,33262.92,57.9,43888.86,55.94,46322.53,52.33,35568.0,43.92,42041.82,43.67,35745.26,45.43,34118.73,50.02,34807.74,58.27,44636.98
500,000710.SZ,20201210,44.18,45.49,43.8,45.3,44.5,0.7999999999999972,1.8,36188.0,162642.167,44.95,46840.32,43.15,41930.65,46.16,33098.89,57.92,43900.92,55.89,46251.31,52.65,35591.48,43.61,41924.14,43.74,35244.96,45.61,33809.66,50.17,34794.18,58.43,44658.01
501,000710.SZ,20201209,46.01,46.45,43.78,44.5,46.09,-1.5900000000000034,-3.45,53844.03,239957.345,44.71,49678.02,43.09,40746.99,46.25,33437.31,57.93,43840.2,55.84,46248.17,53.01,35764.84,43.14,41855.59,43.79,35026.26,45.79,33768.0,50.34,34759.85,58.6,44684.9
502,000710.SZ,20201208,44.64,46.46,44.18,46.09,44.73,1.3600000000000065,3.04,59243.16,270473.114,44.33,44723.14,43.1,37977.79,46.47,32639.83,57.93,43692.98,55.79,46076.96,53.42,35426.86,42.79,41585.33,43.96,33554.5,45.98,32651.14,50.57,34392.57,58.73,44485.27
503,000710.SZ,20201207,43.5,45.2,43.3,44.73,44.15,0.5799999999999983,1.31,45270.93,201886.164,43.59,40184.88,42.96,35007.14,46.69,31418.55,57.93,43501.78,55.73,45973.89,53.81,35493.33,42.5,39582.33,44.12,31713.38,46.11,31551.36,50.78,33892.61,58.84,44232.14
504,000710.SZ,20201204,43.71,44.7,43.42,44.15,44.1,0.04999999999999716,0.11,39655.5,175169.347,42.85,38149.81,42.9,33300.47,46.99,30469.57,57.94,43408.24,55.69,46023.75,54.25,35586.29,42.49,37135.27,44.37,31037.78,46.29,31027.21,51.05,33555.84,58.97,44101.69
505,000710.SZ,20201203,42.57,44.4,42.02,44.1,42.57,1.5300000000000011,3.59,50376.48,220936.322,42.26,37007.96,42.95,32756.94,47.29,29957.26,57.96,43426.11,55.66,46128.78,54.67,35837.84,42.53,34954.16,44.58,30821.84,46.43,31295.17,51.34,33535.94,59.11,44086.95
506,000710.SZ,20201202,42.55,43.61,42.38,42.57,42.38,0.18999999999999773,0.45,29069.64,124590.237,41.57,34033.15,43.09,30400.31,47.62,29052.75,57.96,43502.9,55.62,46111.65,55.05,35690.57,42.55,31978.99,44.93,30054.07,46.69,30506.94,51.64,33312.11,59.22,43979.88
507,000710.SZ,20201201,41.43,42.59,41.07,42.38,41.07,1.3100000000000023,3.19,36551.84,153865.239,41.26,38447.52,43.33,30096.26,48.01,28960.62,57.99,43534.92,55.58,46171.68,55.5,35806.12,42.68,31380.45,45.35,31139.08,47.06,30128.6,51.99,33601.7,59.35,43991.21
508,000710.SZ,20201130,41.17,41.86,40.4,41.07,41.16,-0.0899999999999963,-0.22,35095.58,144675.427,41.42,38979.77,43.64,29731.81,48.45,29078.99,58.02,43553.31,55.55,46284.12,55.96,35997.31,42.93,30984.23,45.81,30804.8,47.48,29343.73,52.31,33780.01,59.47,43914.95
509,000710.SZ,20201127,40.75,41.9,40.3,41.16,40.68,0.4799999999999969,1.18,33946.27,139496.149,42.13,36120.73,44.17,28909.76,48.99,28913.2,58.06,43608.65,55.53,46392.23,56.45,36266.82,43.42,29448.7,46.18,30157.19,47.92,28915.11,52.69,33789.05,59.59,43775.94
510,000710.SZ,20201126,41.0,41.86,40.12,40.68,41.0,-0.3200000000000003,-0.78,35502.44,144762.888,42.81,32900.36,44.79,28023.18,49.52,29375.81,58.11,43784.43,55.51,46510.47,56.92,36937.31,43.87,28565.77,46.62,29752.43,48.4,28437.67,53.06,33884.96,59.71,43746.5
511,000710.SZ,20201125,42.8,43.1,40.87,41.0,43.2,-2.200000000000003,-5.09,51141.47,213499.228,43.52,29924.82,45.48,27735.22,50.04,29480.73,58.17,43977.27,55.49,46736.37,57.48,37156.15,44.44,28196.93,47.12,29724.21,48.9,28118.84,53.42,34493.3,59.85,43722.84
512,000710.SZ,20201124,44.61,45.44,43.0,43.2,44.6,-1.3999999999999986,-3.14,39213.11,170579.942,44.11,24313.37,46.06,26519.47,50.43,28952.7,58.23,44088.09,55.48,46984.93,58.02,37549.42,45.13,25523.67,47.57,28184.05,49.44,27766.67,53.82,34279.6,59.98,43570.8
513,000710.SZ,20201123,44.57,44.95,44.01,44.6,44.56,0.03999999999999915,0.09,20800.37,92642.264,44.43,22988.68,46.66,26197.0,50.75,28763.96,58.25,44228.9,55.46,47296.38,58.66,38193.95,45.73,23844.43,47.91,27535.88,49.99,27441.52,54.21,34197.07,60.07,43626.01
514,000710.SZ,20201120,44.14,45.19,44.11,44.56,44.24,0.3200000000000003,0.72,17844.42,79673.791,44.71,22776.67,47.14,28502.34,51.02,29416.88,58.28,44584.37,55.46,47608.16,59.26,39570.08,46.24,24940.3,48.19,27973.17,50.48,28404.0,54.59,34442.97,60.18,43732.13
515,000710.SZ,20201119,44.07,44.74,43.38,44.24,43.94,0.30000000000000426,0.68,20624.72,91084.744,44.94,24231.18,47.69,29427.11,51.36,29574.72,58.28,45296.11,55.47,47942.91,59.88,40384.18,46.64,26689.53,48.38,29465.67,50.93,29111.52,54.98,34760.29,60.29,43912.01
516,000710.SZ,20201118,44.75,45.22,43.88,43.94,44.82,-0.8800000000000026,-1.96,23084.24,102309.877,45.35,26469.04,48.01,29543.92,51.72,30520.71,58.28,45961.87,55.5,48483.03,60.39,40655.8,47.32,28129.15,48.77,29770.91,51.27,29530.3,55.45,35236.38,60.38,44122.16
517,000710.SZ,20201117,46.4,46.4,43.84,44.82,46.0,-1.1799999999999997,-2.57,32589.66,145091.961,46.16,26733.98,48.47,29756.75,52.2,31691.04,58.28,46537.6,55.53,49388.65,60.8,41315.92,48.01,30897.71,49.25,29502.68,51.61,29854.03,55.96,35326.58,60.46,44495.52
518,000710.SZ,20201116,45.89,46.35,45.1,46.0,45.69,0.3100000000000023,0.68,19740.3,90419.082,47.04,24700.18,48.92,29937.4,52.63,32394.43,58.25,46796.19,55.53,49939.76,61.17,42185.16,48.69,30625.38,49.75,28523.49,51.9,30201.03,56.47,35853.88,60.56,45022.59
519,000710.SZ,20201113,45.82,46.49,45.29,45.69,46.3,-0.6099999999999994,-1.32,25117.0,114924.477,47.78,27103.92,49.23,29983.4,52.93,32814.77,58.21,47070.03,55.51,50169.92,61.52,44210.8,48.94,30865.67,50.17,28648.32,52.24,30316.72,57.01,36395.6,60.6,45259.11
520,000710.SZ,20201112,47.88,48.31,46.1,46.3,47.99,-1.6900000000000048,-3.52,31814.01,148965.526,48.34,29147.87,49.57,30070.53,53.29,33867.38,58.19,47682.09,55.48,50469.2,61.85,45041.78,49.36,30939.08,50.66,28373.61,52.6,31239.09,57.51,36952.35,60.66,45559.44
521,000710.SZ,20201111,49.2,49.5,47.54,47.99,49.2,-1.2100000000000009,-2.46,24408.91,118442.263,49.29,29789.26,49.87,29896.09,53.56,34752.95,58.16,48042.48,55.45,50565.86,62.09,45518.4,49.8,31251.49,51.14,28079.79,53.07,32274.47,57.94,37077.63,60.67,45598.52
522,000710.SZ,20201110,50.11,50.85,48.7,49.2,49.7,-0.5,-1.01,22420.67,111245.911,49.87,35061.43,49.89,31687.28,53.69,35268.46,58.1,48378.85,55.4,50864.44,62.23,45802.94,50.0,30844.43,51.6,28888.16,53.44,33344.35,58.41,37299.74,60.66,45757.55
523,000710.SZ,20201109,48.9,50.29,48.65,49.7,48.49,1.2100000000000009,2.5,31759.03,157396.202,50.35,36550.57,50.11,32018.73,53.84,35473.34,58.02,48537.24,55.33,50903.17,62.31,45861.74,50.09,31227.33,52.12,29240.06,53.68,33731.38,58.88,37774.26,60.63,45844.41
524,000710.SZ,20201106,51.84,51.84,48.0,48.49,51.07,-2.5799999999999983,-5.05,35336.72,173234.378,50.11,34627.42,50.4,30938.77,53.96,35561.1,57.92,48458.91,55.26,50969.17,62.38,46079.01,50.14,31006.05,52.59,30135.85,53.95,34702.94,59.34,38166.75,60.61,45886.93
525,000710.SZ,20201105,51.85,51.87,49.47,51.07,50.88,0.18999999999999773,0.37,35020.95,176775.666,50.39,32730.29,50.9,29221.01,54.12,35373.61,57.84,48373.83,55.2,50933.4,62.47,46097.02,50.12,32241.82,53.08,30322.51,54.19,35589.17,59.81,38981.68,60.58,45821.15
526,000710.SZ,20201104,52.25,55.0,50.8,50.88,51.6,-0.7199999999999989,-1.4,50769.8,268747.822,50.31,32713.73,51.15,28237.62,54.19,35352.68,57.74,48378.26,55.13,50988.75,62.58,46805.28,50.22,31412.68,53.25,30230.88,54.23,35819.68,60.34,39263.26,60.54,45801.34
527,000710.SZ,20201103,49.38,52.39,49.03,51.6,48.49,3.1099999999999994,6.41,29866.37,151703.342,50.13,26627.42,51.51,25841.71,54.33,34863.22,57.64,48198.68,55.06,51030.69,62.73,46856.51,50.48,28107.65,53.4,29332.2,54.35,35106.91,60.85,39761.04,60.5,45642.52
528,000710.SZ,20201102,49.9,50.51,47.99,48.49,49.9,-1.4099999999999966,-2.83,22143.26,108173.277,49.83,25904.09,51.83,25539.48,54.54,34920.3,57.53,48281.72,54.99,51146.37,62.88,47346.47,50.81,26421.6,53.5,29988.86,54.43,35269.45,61.51,40722.49,60.45,45658.65
529,000710.SZ,20201030,50.4,51.23,49.14,49.9,50.68,-0.7800000000000011,-1.54,25851.06,129554.155,50.18,27384.68,52.5,26957.42,54.84,35129.2,57.45,48500.84,54.94,51277.47,63.04,47981.92,51.4,26430.96,53.88,30042.25,54.61,35496.74,62.2,42420.26,60.44,45826.02
530,000710.SZ,20201029,49.79,52.0,49.58,50.68,49.98,0.7000000000000028,1.4,34938.16,178877.535,49.85,31753.35,53.25,27234.92,55.16,35106.08,57.38,48719.97,54.87,51398.71,63.16,48636.15,51.96,25808.15,54.23,31389.1,54.72,35778.69,62.88,43304.45,60.39,46122.54
531,000710.SZ,20201028,50.7,50.7,48.8,49.98,50.1,-0.12000000000000455,-0.24,20338.25,100856.869,50.12,30111.62,53.9,28368.52,55.48,35209.71,57.29,48807.07,54.8,51452.8,63.24,48992.25,52.48,24908.08,54.7,32785.96,54.88,35751.69,63.41,43405.42,60.35,46112.07
532,000710.SZ,20201027,50.5,50.79,49.0,50.1,50.23,-0.12999999999999545,-0.26,26249.72,130794.735,50.83,29587.88,54.54,29809.41,55.84,35698.2,57.19,48938.16,54.75,51624.01,63.35,49625.0,53.2,26931.89,55.16,34594.31,55.17,36133.99,63.83,44276.33,60.33,46269.24
533,000710.SZ,20201026,48.93,50.93,48.13,50.23,48.26,1.9699999999999989,4.08,29546.21,147336.309,51.79,26939.1,54.87,30343.15,56.23,36292.17,57.1,49141.66,54.69,51781.1,63.44,50145.09,54.15,27252.79,55.47,34983.41,55.46,36233.85,64.2,45468.55,60.31,46409.37
534,000710.SZ,20201023,52.26,52.26,47.5,48.26,52.05,-3.789999999999999,-7.28,47694.42,237082.843,52.62,25477.24,55.16,30593.15,56.57,36812.88,57.01,49307.08,54.64,51867.86,63.54,50313.37,55.04,29265.66,55.85,36551.39,55.81,36084.48,64.56,47837.16,60.28,46656.97
535,000710.SZ,20201022,53.3,53.3,51.57,52.05,53.53,-1.480000000000004,-2.76,26729.52,138946.713,54.07,19862.95,55.57,30232.01,57.03,36458.27,56.94,49350.38,54.59,51785.13,63.65,50381.6,56.04,28403.2,56.22,37262.84,56.26,35776.72,64.94,48499.6,60.29,46786.78
536,000710.SZ,20201021,54.9,55.47,53.45,53.53,54.9,-1.3699999999999974,-2.5,17719.51,96044.13,54.83,19704.54,55.88,29961.36,57.36,36839.78,56.84,49676.42,54.52,51858.2,63.72,50920.54,56.28,29049.08,56.24,38023.18,56.59,36117.29,65.14,49180.11,60.27,47123.21
537,000710.SZ,20201020,54.38,54.91,53.4,54.9,54.38,0.519999999999996,0.96,13005.85,70593.846,55.57,24275.91,56.13,32658.94,57.61,38436.36,56.73,50200.22,54.44,51979.45,63.81,51401.96,56.32,30556.75,56.29,38606.54,56.93,37074.81,65.22,49647.29,60.21,47471.28
538,000710.SZ,20201019,55.75,56.29,54.18,54.38,55.48,-1.0999999999999943,-1.98,22236.91,122601.543,56.51,27566.47,56.53,36495.06,57.91,39180.87,56.63,50747.74,54.35,52152.67,63.88,51482.18,56.2,33556.12,56.23,39693.37,57.15,38216.29,65.22,49877.7,60.16,47962.81
539,000710.SZ,20201016,55.85,56.19,54.61,55.48,55.85,-0.37000000000000455,-0.66,19622.96,108682.278,57.46,33054.07,56.91,39131.09,58.26,39534.54,56.57,51103.68,54.27,52414.75,63.97,51852.58,56.37,33653.54,56.21,40029.63,57.47,38662.98,65.23,50307.98,60.08,48780.29
540,000710.SZ,20201015,57.19,57.21,55.56,55.85,57.22,-1.3699999999999974,-2.39,25937.47,145814.232,58.01,36943.45,56.97,40239.44,58.61,40003.11,56.51,51484.19,54.19,52791.99,64.07,52161.78,56.49,36970.05,56.11,40763.95,57.73,39332.24,65.23,50592.39,59.99,49587.55
541,000710.SZ,20201014,58.9,58.96,57.12,57.22,59.6,-2.3800000000000026,-3.99,40576.37,234796.89,57.73,38393.61,57.13,42929.32,58.98,40325.05,56.45,52081.19,54.1,53059.45,64.17,52181.0,56.92,40663.85,56.08,41173.49,57.94,40867.76,65.29,51629.1,59.89,50254.65
542,000710.SZ,20201013,59.28,61.25,58.61,59.6,59.14,0.46000000000000085,0.78,29458.66,175677.223,57.08,36837.58,57.0,44571.4,59.41,40578.4,56.4,53022.56,54.0,53217.22,64.26,52076.89,57.13,42256.73,56.16,40735.03,58.2,40792.53,65.37,51863.04,59.75,50498.4
543,000710.SZ,20201012,58.35,60.58,57.26,59.14,58.23,0.9100000000000037,1.56,49674.91,291591.491,55.89,39545.76,56.45,45531.22,59.87,40550.08,56.29,53691.1,53.88,53442.14,64.29,52229.63,56.8,42714.03,56.11,40724.39,58.43,40952.63,65.43,52482.28,59.59,50746.03
544,000710.SZ,20201009,56.18,58.4,55.0,58.23,54.45,3.779999999999994,6.94,39069.86,222613.906,55.28,34253.0,56.09,43970.58,60.34,40978.11,56.18,53753.33,53.77,53494.03,64.37,52043.94,56.67,43837.12,56.2,39493.89,58.69,40481.94,65.44,52817.74,59.45,51275.84
545,000710.SZ,20200930,54.44,56.5,54.11,54.45,53.98,0.47000000000000597,0.87,33188.26,183450.67,54.97,36996.64,55.75,43637.72,60.93,41365.56,56.06,54007.67,53.67,53622.44,64.45,52024.97,56.4,46122.48,56.37,39463.48,59.03,40409.07,65.45,53415.21,59.32,51647.85
546,000710.SZ,20200929,53.98,54.36,51.67,53.98,53.64,0.3399999999999963,0.63,32796.21,174420.564,56.11,42934.08,55.71,43312.63,61.55,42110.67,55.97,54111.58,53.6,53801.48,64.59,52107.99,56.2,46997.28,56.75,39651.4,59.62,40942.47,65.49,53889.5,59.19,51978.33
547,000710.SZ,20200928,56.5,56.5,53.23,53.64,56.09,-2.450000000000003,-4.37,42999.58,233610.557,57.18,47675.89,55.66,43429.02,62.1,42302.87,55.87,54403.75,53.53,53973.53,64.68,52069.22,56.25,46656.33,57.23,40333.84,60.32,40799.12,65.56,54472.8,59.05,52081.94
548,000710.SZ,20200925,56.26,57.38,56.0,56.09,56.71,-0.6199999999999974,-1.09,23211.11,131260.086,57.71,45882.29,55.8,42746.61,62.75,42148.06,55.76,54306.29,53.46,53974.45,64.75,51880.79,56.27,45830.63,57.63,40546.37,61.05,41506.73,65.62,54843.76,58.91,51894.27
549,000710.SZ,20200924,59.33,59.98,55.99,56.71,60.14,-3.4299999999999997,-5.7,52788.05,302829.612,58.06,53421.24,56.0,43407.85,63.37,42962.18,55.62,54443.11,53.37,54074.6,64.82,51966.2,56.05,46405.73,58.02,41167.71,61.78,42474.47,65.64,55159.69,58.75,51893.22
550,000710.SZ,20200923,59.3,62.87,58.86,60.14,59.3,0.8400000000000034,1.42,62875.47,383689.874,57.83,55248.32,56.15,41596.91,63.98,43036.32,55.5,54279.94,53.28,54134.56,64.87,51767.51,55.72,44557.86,58.35,40513.34,62.41,42665.6,65.64,55160.08,58.58,51750.47
551,000710.SZ,20200922,55.7,60.88,55.55,59.3,56.29,3.009999999999998,5.35,56505.23,330487.478,56.28,51060.48,56.21,38688.4,64.48,43664.47,55.35,54151.46,53.17,54088.85,64.84,51429.56,55.24,41683.14,58.45,40969.72,62.82,41880.78,65.6,55231.32,58.37,51434.1
552,000710.SZ,20200921,57.0,57.46,55.7,56.29,57.85,-1.5600000000000023,-2.7,34031.58,191988.048,55.32,45636.76,56.39,37300.44,65.16,43529.48,55.22,54160.85,53.05,54008.04,64.82,51081.87,55.19,39213.34,58.74,40060.43,63.38,41255.14,65.61,55186.67,58.18,51311.75
553,000710.SZ,20200918,55.49,58.36,55.0,57.85,55.59,2.259999999999998,4.07,60905.87,349356.028,54.83,45778.97,56.84,37524.67,65.91,44900.22,55.1,54267.7,52.95,54070.7,64.82,50993.47,55.43,38734.75,59.24,40071.93,64.08,41817.13,65.68,54936.51,58.03,51475.63
554,000710.SZ,20200917,52.99,57.2,51.91,55.59,52.38,3.210000000000001,6.13,61923.46,338257.29,54.04,39390.22,57.27,36412.3,66.88,45683.97,54.97,54152.37,52.84,53995.73,64.79,50426.91,55.73,35150.66,59.71,38804.35,64.73,41630.56,65.73,54755.03,57.87,51446.46
555,000710.SZ,20200916,54.9,55.69,52.0,52.38,54.48,-2.0999999999999943,-3.85,41936.27,223093.385,53.6,33867.39,57.74,35283.59,67.89,47510.03,54.86,54044.15,52.73,53913.34,64.79,50006.77,56.33,32804.48,60.35,37552.36,65.44,42374.19,65.85,54436.52,57.72,51326.11
556,000710.SZ,20200915,54.4,55.4,52.77,54.48,53.84,0.6399999999999935,1.19,29386.63,158801.353,54.21,32305.79,58.62,34799.09,69.02,48597.26,54.77,54059.03,52.65,54055.46,64.85,49883.13,57.31,32305.52,61.33,37915.06,66.44,42706.84,66.04,54193.91,57.59,51303.43
557,000710.SZ,20200914,54.0,54.9,52.57,53.84,53.92,-0.0799999999999983,-0.15,34742.63,187004.999,55.06,32789.91,59.3,35592.48,69.84,48938.73,54.67,54197.14,52.55,54112.06,64.89,49929.93,58.21,34011.35,62.36,37870.52,67.35,44415.17,66.19,54250.27,57.43,51521.49
558,000710.SZ,20200911,53.36,54.6,52.6,53.92,53.4,0.5200000000000031,0.97,28962.12,155360.433,56.03,31690.53,59.95,38458.67,70.47,50051.97,54.58,54322.52,52.45,54133.4,64.89,50077.88,58.99,35262.12,63.44,39344.78,68.59,46175.53,66.33,54353.12,57.3,51676.69
559,000710.SZ,20200910,55.99,56.26,53.24,53.4,55.39,-1.990000000000002,-3.59,34309.31,188663.936,57.42,30911.09,60.8,39178.47,71.01,52076.11,54.49,54428.39,52.35,54233.01,64.93,50138.85,59.98,35929.68,64.65,40508.84,69.79,49343.78,66.52,54466.22,57.17,51884.75
560,000710.SZ,20200909,58.01,58.75,55.01,55.39,58.75,-3.3599999999999994,-5.72,34128.25,191775.89,59.06,31741.56,61.8,39174.79,71.56,56115.92,54.39,54424.26,52.25,54360.47,64.99,50207.12,60.97,36468.82,65.76,41719.47,71.03,50830.21,66.7,54521.84,57.04,52212.83
561,000710.SZ,20200908,58.55,59.6,57.29,58.75,58.68,0.07000000000000028,0.12,31807.23,186055.236,60.41,32305.25,62.7,39284.49,72.01,57683.94,54.29,54458.63,52.13,54301.97,65.0,50363.32,61.66,40256.31,66.61,41979.6,71.94,51059.15,66.86,54609.96,56.9,52704.66
562,000710.SZ,20200907,60.99,61.6,58.3,58.68,60.89,-2.210000000000001,-3.63,29245.72,174320.056,61.36,35232.79,63.45,39674.98,72.17,58735.5,54.16,54503.1,51.99,54308.54,64.92,50844.38,62.29,40907.53,67.47,42276.04,72.48,52418.66,66.89,54577.97,56.74,53205.01
563,000710.SZ,20200904,61.0,61.33,60.01,60.89,61.58,-0.6899999999999977,-1.12,25064.94,152114.036,61.95,38833.7,64.47,41209.18,72.16,59220.92,54.04,54593.61,51.86,54350.77,64.89,51732.29,63.06,41409.11,68.4,43358.32,72.93,54703.24,66.89,54571.67,56.63,53573.72
564,000710.SZ,20200903,62.6,63.22,61.11,61.58,62.15,-0.5700000000000003,-0.92,38461.67,238307.702,62.55,40948.27,65.57,41473.09,71.99,59272.84,53.89,54881.56,51.71,54328.21,64.77,52039.71,63.68,42458.05,69.22,44870.51,73.31,59589.84,66.89,54647.54,56.51,53984.98
565,000710.SZ,20200902,64.48,64.48,61.85,62.15,63.5,-1.3500000000000014,-2.13,36946.67,230966.425,62.89,41196.08,66.63,43455.11,71.79,59554.97,53.75,55193.47,51.56,54311.28,64.64,52342.32,64.37,42300.25,70.0,47159.05,73.62,61222.48,66.88,54637.95,56.4,54597.02
566,000710.SZ,20200901,62.19,64.36,61.61,63.5,61.65,1.8500000000000014,3.0,46444.94,293038.126,62.92,48207.37,67.85,44631.76,71.59,59547.35,53.61,55430.91,51.41,54283.2,64.45,52336.4,65.35,43524.6,71.01,47907.5,73.68,62242.93,66.8,54647.65,56.29,55756.9
567,000710.SZ,20200831,63.85,64.17,61.0,61.65,63.85,-2.200000000000003,-3.45,47250.3,293458.464,63.22,46582.27,68.78,45560.77,71.47,60773.68,53.44,55575.31,51.25,54290.44,64.23,52297.05,66.51,41729.69,71.93,49617.08,73.51,62219.77,66.71,54380.72,56.13,56417.6
568,000710.SZ,20200828,63.28,64.36,61.8,63.85,63.3,0.5500000000000043,0.87,35637.77,225200.898,64.16,43984.51,69.62,44951.58,71.5,60990.21,53.28,55715.73,51.11,54382.1,64.01,52104.96,67.88,43427.45,73.39,51632.23,73.29,61539.1,66.62,54049.9,55.97,56512.49
569,000710.SZ,20200827,62.32,63.97,61.61,63.3,62.3,1.0,1.61,39700.74,249016.073,64.82,43967.83,70.55,45112.98,71.46,61901.26,53.12,55874.11,50.94,54414.88,63.79,52121.26,69.31,45087.99,74.69,56050.83,72.99,61952.97,66.49,53762.84,55.79,56846.29
570,000710.SZ,20200826,65.16,65.95,61.69,62.3,65.0,-2.700000000000003,-4.15,72003.11,458883.677,65.85,43404.41,71.62,45973.8,71.37,62786.6,52.98,56020.43,50.78,54413.35,63.56,51957.84,70.54,46970.12,76.06,58010.9,72.73,61852.54,66.35,53608.04,55.6,56916.71
571,000710.SZ,20200825,66.4,66.98,64.5,65.0,66.35,-1.3499999999999943,-2.03,38319.41,251382.045,67.79,38841.83,72.78,44689.62,71.27,62872.33,52.84,55961.01,50.63,54359.59,63.33,51433.05,71.56,43702.9,77.07,56460.57,72.63,62390.44,66.27,52952.37,55.41,56940.59
572,000710.SZ,20200824,67.25,67.5,65.4,66.35,67.15,-0.8000000000000114,-1.19,34261.52,227421.462,69.81,36877.1,73.7,48221.39,71.02,63558.41,52.68,56124.58,50.45,54346.87,63.08,51344.94,72.65,43644.55,77.58,58174.23,72.55,62933.54,66.14,52862.0,55.18,56862.64
573,000710.SZ,20200821,69.39,69.8,66.72,67.15,68.43,-1.2800000000000011,-1.87,35554.39,240763.619,71.61,42870.38,74.94,49579.4,70.79,64544.66,52.51,56186.34,50.26,54354.36,62.81,51312.14,73.74,45307.54,77.87,61350.31,72.43,64011.94,65.93,53054.96,54.94,56934.74
574,000710.SZ,20200820,72.96,72.98,67.5,68.43,72.01,-3.5799999999999983,-4.97,36883.62,257030.044,73.8,46208.15,76.07,53047.26,70.49,65418.26,52.33,56218.16,50.07,54394.29,62.54,51401.12,74.77,47282.97,78.13,68155.73,72.19,65153.54,65.77,53021.29,54.7,56882.55
575,000710.SZ,20200819,74.15,74.99,70.9,72.01,75.09,-3.0799999999999983,-4.1,49190.23,355909.197,75.23,50535.82,77.8,56944.93,70.16,65573.66,52.14,56398.97,49.87,54451.66,62.22,51728.46,75.62,52017.86,78.24,70683.6,71.87,66421.35,65.59,53063.73,54.46,56944.97
576,000710.SZ,20200818,76.35,76.58,74.62,75.09,75.36,-0.269999999999996,-0.36,28495.76,214465.317,75.33,48563.96,79.17,62700.27,69.71,65680.17,51.92,56440.36,49.65,54320.85,61.87,51521.68,76.66,52290.4,77.85,71602.09,71.36,66836.53,65.32,53007.94,54.19,57017.2
577,000710.SZ,20200817,77.5,78.88,74.21,75.36,78.1,-2.739999999999995,-3.51,64227.91,485429.64,75.5,50412.0,80.38,66577.7,69.2,66817.06,51.68,56540.04,49.41,54298.96,61.5,51664.38,77.34,57504.48,77.01,72464.81,70.81,68146.48,64.95,53664.47,53.9,57191.55
578,000710.SZ,20200814,76.0,82.0,73.68,78.1,75.58,2.519999999999996,3.33,52243.24,409701.395,75.88,47744.69,80.93,64790.66,68.74,66511.12,51.43,56403.87,49.17,54118.4,61.13,51382.21,78.9,59837.02,76.0,70594.93,70.2,68180.78,64.64,54191.31,53.59,57025.48
579,000710.SZ,20200813,71.92,79.75,71.38,75.58,72.5,3.0799999999999983,4.25,58521.98,445421.956,75.73,48357.79,80.69,66356.0,68.22,65534.02,51.15,56376.05,48.91,53965.32,60.72,51475.75,80.07,67013.66,74.83,70385.46,69.5,67844.91,64.2,54122.62,53.27,56976.28
580,000710.SZ,20200812,76.5,77.33,70.1,72.5,75.95,-3.450000000000003,-4.54,39330.9,286158.712,76.02,53499.89,80.44,69376.08,67.79,65283.89,50.89,56302.97,48.67,53776.3,60.37,51539.07,81.59,69051.69,73.82,69293.74,68.87,67654.57,63.81,54166.54,52.96,56855.92
581,000710.SZ,20200811,77.55,78.8,75.0,75.95,77.25,-1.2999999999999972,-1.68,37735.97,289984.843,78.0,56016.85,80.42,79555.46,67.52,65386.3,50.66,56487.86,48.44,53692.78,60.06,51909.34,82.59,69218.25,73.17,71734.22,68.38,68581.87,63.4,54119.41,52.7,56938.78
582,000710.SZ,20200810,76.95,78.11,73.68,77.25,77.38,-0.12999999999999545,-0.17,50891.35,388230.149,79.18,64596.95,80.02,83378.93,67.15,65081.69,50.39,56496.31,48.2,53751.53,59.67,52199.37,82.5,72703.91,72.49,72578.04,67.84,69118.2,62.91,54215.36,52.41,57064.3
583,000710.SZ,20200807,77.9,79.88,74.3,77.38,77.0,0.37999999999999545,0.49,55308.77,421798.599,81.92,71929.36,79.01,84661.13,66.75,64548.65,50.11,56409.2,47.95,53662.42,59.28,52480.67,82.0,77393.08,71.77,73364.14,67.28,68055.89,62.38,53914.57,52.1,57008.6
584,000710.SZ,20200806,80.46,82.77,74.26,77.0,82.4,-5.400000000000006,-6.55,84232.45,649493.266,84.4,85669.53,77.55,83925.85,66.3,64125.27,49.83,56343.14,47.71,53564.51,58.85,53347.68,81.49,89028.49,70.91,74088.82,66.73,67879.51,61.87,53607.1,51.79,56828.64
585,000710.SZ,20200805,79.68,82.93,77.24,82.4,81.86,0.5400000000000063,0.66,51915.69,420637.539,87.16,84603.49,75.86,79510.31,65.95,62699.27,49.55,56146.04,47.47,53243.49,58.43,53777.83,80.86,89349.35,69.99,73623.09,66.27,66498.85,61.35,52660.62,51.49,56452.35
586,000710.SZ,20200804,88.38,88.98,81.86,81.86,90.95,-9.090000000000003,-9.99,80636.49,674236.123,87.18,82419.66,73.73,79213.25,65.42,62279.59,49.22,55953.86,47.19,53190.55,57.9,54498.82,79.04,90913.78,68.71,74109.6,65.64,65680.97,60.74,52339.43,51.13,56338.15
587,000710.SZ,20200803,89.79,92.8,86.01,90.95,89.8,1.1500000000000057,1.28,87553.39,786542.024,85.82,80810.88,71.7,75832.56,64.93,61067.2,48.9,55622.48,46.93,53076.84,57.35,54354.7,76.69,87425.14,67.54,73467.48,65.03,64085.36,60.14,51524.0,50.79,56018.5
588,000710.SZ,20200731,92.54,98.0,86.68,89.8,90.78,-0.980000000000004,-1.08,124009.64,1128283.153,82.09,82856.8,69.27,75877.71,64.03,59371.16,48.52,55267.13,46.61,52917.59,56.69,53976.29,73.1,81352.85,65.84,72352.66,64.06,62530.7,59.4,50594.81,50.37,55843.3
589,000710.SZ,20200730,86.6,90.78,83.36,90.78,82.53,8.25,10.0,78902.26,704357.912,78.59,92387.45,67.17,70539.46,63.13,56572.87,48.14,54553.54,46.3,52428.55,56.05,53832.87,69.59,73757.27,64.21,68260.53,63.25,59588.66,58.68,49231.77,49.96,55504.69
590,000710.SZ,20200729,75.06,82.53,74.3,82.53,75.03,7.5,10.0,40996.51,326034.552,74.56,94095.21,65.01,69594.17,62.24,55123.3,47.77,54252.84,45.98,52290.54,55.4,53896.99,66.06,69535.8,62.51,66956.0,62.37,58213.48,57.9,48940.64,49.55,55439.99
591,000710.SZ,20200728,72.99,77.0,71.01,75.03,72.3,2.730000000000004,3.78,72592.59,540987.862,70.89,99407.9,63.3,71809.99,61.61,55031.82,47.45,54191.76,45.71,52356.41,54.82,54321.64,63.74,74250.19,61.27,68263.67,61.78,58160.77,57.3,48818.73,49.19,55658.68
592,000710.SZ,20200727,72.29,75.0,70.01,72.3,72.29,0.009999999999990905,0.01,97782.99,713519.097,67.56,94039.4,62.04,71988.86,61.09,54000.53,47.18,54018.67,45.48,52305.56,54.32,53956.8,62.49,72452.16,60.5,67325.34,61.3,56737.28,56.83,48262.16,48.89,55615.99
593,000710.SZ,20200724,73.0,77.69,71.15,72.29,70.63,1.6600000000000108,2.35,171662.92,1284166.531,64.12,79848.89,60.85,69209.09,60.67,52019.54,46.94,53775.32,45.27,52243.47,53.84,52926.08,61.53,69335.21,59.91,63387.29,60.85,54440.11,56.42,47350.19,48.63,55288.17
594,000710.SZ,20200723,65.0,70.63,64.95,70.63,64.21,6.420000000000002,10.0,87441.03,603440.131,60.6,55127.08,59.78,61219.17,60.2,47776.54,46.69,52869.18,45.04,51530.48,53.37,50945.05,60.32,59149.14,59.35,57305.01,60.47,49705.24,56.01,45476.79,48.38,54364.08
595,000710.SZ,20200722,59.49,64.21,58.01,64.21,58.37,5.839999999999996,10.01,67559.97,427269.777,57.56,44976.39,58.73,59512.71,59.76,45746.34,46.44,52535.84,44.83,51224.55,52.91,50254.61,59.13,57896.83,58.97,55073.6,60.15,48053.42,55.65,45073.96,48.15,54164.12
596,000710.SZ,20200721,55.48,58.93,55.13,58.37,55.08,3.289999999999999,5.97,45750.09,264828.691,56.59,49092.47,58.19,57559.41,59.5,44653.78,46.25,52503.61,44.65,51070.18,52.53,49685.95,58.39,57305.42,58.94,53064.57,59.92,47052.38,55.41,45066.3,47.96,54116.73
597,000710.SZ,20200720,55.08,55.55,53.8,55.08,54.7,0.37999999999999545,0.69,26830.45,146679.817,57.42,50864.92,58.06,58102.61,59.47,44268.86,46.09,52437.08,44.51,51052.74,52.23,49633.6,58.39,59509.82,59.2,52415.47,59.91,46541.67,55.21,45295.28,47.82,54095.1
598,000710.SZ,20200717,55.42,56.95,54.16,54.7,55.42,-0.7199999999999989,-1.3,48053.86,267482.515,58.95,58821.52,58.27,61204.11,59.53,44447.3,45.94,52497.47,44.39,51126.7,52.0,49991.82,58.59,63352.47,59.55,53119.63,59.95,46560.69,55.1,46047.92,47.71,54205.98
599,000710.SZ,20200716,58.93,58.93,54.39,55.42,59.4,-3.979999999999997,-6.7,36687.56,207984.87,60.05,63171.2,58.65,61648.12,59.51,44382.15,45.81,52457.53,44.27,51109.92,51.8,50116.51,58.84,62763.8,60.07,52504.36,59.98,45572.7,54.93,47252.6,47.6,54329.88
600,000710.SZ,20200715,60.08,60.77,56.43,59.4,62.48,-3.0799999999999983,-4.93,88140.41,517467.079,60.7,70817.27,59.04,60289.23,59.56,44289.41,45.67,52526.23,44.15,51359.18,51.56,50260.43,58.96,64376.21,60.52,52552.32,59.98,45363.55,54.76,48582.7,47.47,54483.73
601,000710.SZ,20200714,62.72,63.4,60.85,62.48,62.75,-0.2700000000000031,-0.43,54612.32,339315.261,60.18,65518.37,59.17,57356.69,59.52,42856.75,45.49,52102.22,44.0,51578.86,51.25,49608.09,58.79,62277.16,60.8,50116.06,59.92,43514.3,54.49,48880.19,47.31,54106.31
602,000710.SZ,20200713,60.21,62.75,59.22,62.75,60.19,2.5600000000000023,4.25,66613.47,405140.741,59.37,68154.71,59.22,56449.03,59.31,42598.83,45.3,51895.16,43.82,51455.38,50.9,49620.64,58.52,62198.52,60.71,48879.85,59.73,42790.46,54.12,49133.77,47.11,54023.04
603,000710.SZ,20200710,59.3,60.76,58.05,60.19,58.7,1.4899999999999949,2.54,69802.25,418556.437,58.22,67883.42,59.28,53431.01,59.02,42636.29,45.11,51666.69,43.63,51295.49,50.57,49444.01,58.3,57439.38,60.52,46992.55,59.44,42097.97,53.76,49009.77,46.91,53869.9
604,000710.SZ,20200709,56.9,59.96,55.91,58.7,56.78,1.9200000000000017,3.38,74917.9,435931.03,57.62,62356.39,59.54,50582.24,58.93,43402.06,44.93,51365.09,43.45,50996.02,50.27,49232.37,58.38,55460.89,60.55,44983.29,59.34,40889.05,53.46,49733.94,46.73,53688.21
605,000710.SZ,20200708,58.42,58.42,56.4,56.78,58.42,-1.6400000000000006,-2.81,61645.92,350267.301,57.22,57935.15,59.79,47966.53,58.72,42613.94,44.76,51029.4,43.29,50647.04,50.0,49215.86,58.82,52250.38,60.66,43131.71,59.31,39706.11,53.19,49880.5,46.56,53613.52
606,000710.SZ,20200707,57.2,59.23,56.59,58.42,57.02,1.3999999999999986,2.46,67794.01,394276.567,57.41,59035.94,60.44,45974.41,58.58,42599.57,44.6,50776.42,43.14,50388.5,49.75,49635.88,59.49,48823.71,60.69,41925.85,59.27,39179.35,52.88,50067.16,46.4,53424.4
607,000710.SZ,20200706,57.7,57.7,54.11,57.02,57.2,-0.17999999999999972,-0.31,65257.02,366788.743,57.67,56242.34,60.9,43655.39,58.27,41679.24,44.44,50636.63,42.98,50028.77,49.51,49956.61,60.02,45321.13,60.67,40057.6,59.09,39182.46,52.54,49691.08,46.22,53179.02
608,000710.SZ,20200703,57.49,58.15,56.02,57.2,56.7,0.5,0.88,42167.09,241860.512,58.37,46995.33,61.51,41667.56,57.98,41039.13,44.29,50432.28,42.82,49692.72,49.35,50066.41,60.51,42886.8,60.64,38164.8,59.09,40201.84,52.19,48944.79,46.05,53016.85
609,000710.SZ,20200702,57.78,58.41,56.0,56.7,57.7,-1.0,-1.73,52811.73,302967.122,59.13,48565.39,61.77,40723.02,57.62,40764.91,44.14,50408.64,42.67,49500.11,49.2,50496.39,61.31,42244.92,60.55,36977.16,58.9,40400.33,51.85,48626.76,45.88,53130.87
610,000710.SZ,20200701,59.56,60.03,55.65,57.7,59.74,-2.039999999999999,-3.41,67149.85,386529.531,60.41,46565.6,61.95,38881.17,57.34,40295.76,44.0,50250.09,42.52,49272.8,49.09,51284.32,62.08,40728.42,60.49,35857.22,58.75,40678.52,51.52,48340.86,45.71,52892.79
611,000710.SZ,20200630,61.4,63.66,58.67,59.74,60.5,-0.759999999999998,-1.26,53826.0,327375.731,61.58,38611.48,62.18,35994.02,56.99,39127.93,43.85,50082.16,42.37,49003.62,48.97,52737.42,62.81,37954.96,60.48,34132.88,58.42,39656.95,51.15,47636.87,45.52,52607.51
612,000710.SZ,20200629,61.55,61.73,60.14,60.5,61.0,-0.5,-0.82,19022.0,115888.541,62.36,34399.93,62.28,34767.89,56.56,38504.94,43.69,50134.9,42.2,48762.41,48.78,53696.12,62.89,35561.17,60.34,33086.43,57.99,39312.52,50.75,47436.84,45.32,52462.15
613,000710.SZ,20200624,63.38,63.38,60.0,61.0,63.1,-2.1000000000000014,-3.33,50017.36,305210.36,62.64,38778.26,62.04,36191.49,56.14,38878.15,43.53,50423.9,42.02,48715.43,48.54,54224.32,62.74,36545.73,60.02,34427.27,57.48,39773.25,50.38,48014.75,45.11,52480.75
614,000710.SZ,20200623,64.35,64.5,62.05,63.1,63.55,-0.44999999999999574,-0.71,42812.78,269427.599,63.49,35924.46,61.81,34684.69,55.71,38342.39,43.36,50363.81,41.85,48505.48,48.28,54566.68,62.72,34505.68,59.82,33603.12,57.02,39334.69,50.01,48137.89,44.91,52360.61
615,000710.SZ,20200622,63.89,65.5,62.71,63.55,63.65,-0.10000000000000142,-0.16,27379.25,175416.127,63.75,34891.25,61.29,33499.17,55.22,38325.18,43.18,50452.46,41.66,48374.02,47.98,54637.86,62.51,34013.05,59.56,33433.98,56.44,38822.39,49.59,48215.7,44.69,52272.18
616,000710.SZ,20200619,62.02,64.58,61.21,63.65,61.91,1.740000000000002,2.81,32768.25,207004.894,64.04,37298.43,60.68,32809.55,54.66,39326.8,43.0,50624.33,41.47,48332.88,47.66,55271.05,61.89,35028.0,59.16,34357.18,55.83,38997.88,49.14,48412.96,44.46,52441.26
617,000710.SZ,20200618,65.24,65.24,61.0,61.91,65.25,-3.3400000000000034,-5.12,40913.66,254593.485,63.42,36722.41,60.05,32628.38,54.15,39353.66,42.81,50841.2,41.28,48207.58,47.31,55220.35,61.33,34794.07,58.63,36113.12,55.25,38962.64,48.67,48792.71,44.24,52691.03
618,000710.SZ,20200617,64.82,67.8,64.23,65.25,64.41,0.8400000000000034,1.3,35748.35,235268.444,62.83,34313.2,59.7,31993.71,53.7,39303.22,42.63,51163.26,41.1,48050.04,46.98,55247.01,60.77,33442.81,58.38,38859.36,54.73,38658.91,48.28,49000.26,44.03,52693.23
619,000710.SZ,20200616,64.79,65.3,63.05,64.41,64.97,-0.5600000000000023,-0.86,37646.73,242086.039,61.94,33086.91,59.06,31774.39,53.19,39518.41,42.42,51270.34,40.9,47895.83,46.63,55160.91,59.8,31709.4,57.7,39478.04,54.11,38874.88,47.81,49303.28,43.79,52724.0
620,000710.SZ,20200615,60.55,65.5,60.55,64.97,60.57,4.399999999999999,7.26,39415.17,250987.484,61.26,33134.85,58.27,32404.54,52.69,40154.05,42.21,51257.08,40.71,47759.18,46.29,55250.62,58.9,30986.02,57.08,40653.56,53.44,39667.8,47.38,49903.82,43.55,52934.59
621,000710.SZ,20200612,57.62,60.94,57.5,60.57,58.95,1.6199999999999974,2.75,29888.15,178521.021,59.74,32757.56,57.65,31952.18,52.23,40855.71,41.99,51271.37,40.5,47592.21,45.96,55496.52,58.15,30310.8,56.23,40507.95,52.82,39476.68,46.93,50799.36,43.3,52907.55
622,000710.SZ,20200611,60.77,61.19,58.2,58.95,60.8,-1.8499999999999943,-3.04,28867.6,172001.341,59.24,32865.73,57.46,32686.16,51.9,41950.19,41.81,51361.05,40.33,47488.58,45.68,55756.91,57.78,30611.7,55.55,41188.2,52.36,39787.04,46.6,51832.04,43.08,52954.54
623,000710.SZ,20200610,61.5,61.88,59.9,60.8,60.99,-0.19000000000000483,-0.31,29616.9,180227.396,58.71,32572.41,57.2,33991.97,51.54,42850.82,41.64,51433.71,40.16,47490.72,45.42,55962.67,57.3,32308.81,54.86,41387.0,51.99,40260.27,46.36,52575.78,42.88,53066.5
624,000710.SZ,20200609,56.99,61.2,56.05,60.99,57.4,3.5900000000000034,6.25,37886.42,223959.234,57.66,30331.88,56.59,36935.83,51.17,44097.05,41.46,51542.04,39.99,47536.39,45.12,56185.63,56.92,32700.56,54.17,41749.19,51.54,41248.33,46.12,53322.43,42.67,53207.86
625,000710.SZ,20200608,57.88,60.12,55.65,57.4,58.04,-0.6400000000000006,-1.1,37528.72,215345.097,56.55,28837.18,56.28,41393.68,50.69,46521.99,41.28,51826.26,39.83,47643.33,44.83,56268.21,56.62,32854.92,53.41,41227.06,51.15,42094.5,45.91,54556.09,42.45,53117.83
626,000710.SZ,20200605,56.3,58.5,56.3,58.04,56.3,1.740000000000002,3.09,30429.02,175100.813,56.55,27864.04,55.84,42208.55,50.34,48844.5,41.12,52435.54,39.68,47544.66,44.61,56424.8,56.43,33686.36,52.8,40982.83,50.89,43080.23,45.77,56866.16,42.26,53011.72
627,000710.SZ,20200604,55.55,58.01,55.35,56.3,55.55,0.75,1.35,27400.99,154520.926,56.32,28357.67,55.37,44572.25,49.89,51066.87,40.94,52458.57,39.53,47539.72,44.38,56723.06,55.93,37432.16,52.21,41046.93,50.5,44048.89,45.55,58454.48,42.07,53039.09
628,000710.SZ,20200603,55.48,56.47,54.62,55.55,55.47,0.0799999999999983,0.14,18414.25,102471.046,55.89,32045.21,54.73,45272.4,49.44,52314.69,40.76,52543.22,39.39,47485.4,44.17,56947.14,55.99,44275.91,51.7,41266.96,50.24,45535.15,45.32,58975.08,41.88,53030.52
629,000710.SZ,20200602,57.79,57.8,54.0,55.47,57.4,-1.9299999999999997,-3.36,30412.93,168334.405,56.18,35069.25,54.07,47201.54,49.01,53513.49,40.58,52548.63,39.26,47467.72,43.96,57151.14,55.6,47246.69,51.26,42457.63,49.87,48932.49,45.09,59929.75,41.7,53098.56
630,000710.SZ,20200601,57.39,58.8,56.01,57.4,56.9,0.5,0.88,32663.02,187942.63,56.69,36872.66,53.27,47388.53,48.61,55949.95,40.41,52448.12,39.13,47483.56,43.77,57266.67,55.26,50321.11,50.71,44008.7,49.53,51801.86,44.84,60225.38,41.53,53055.25
631,000710.SZ,20200529,53.8,57.17,53.38,56.9,54.14,2.759999999999998,5.1,32897.15,183793.709,56.32,39508.68,52.47,47711.43,48.17,57451.37,40.23,52345.96,38.99,47457.95,43.53,57340.64,54.31,50705.1,50.15,44059.63,49.06,54246.08,44.55,60928.81,41.34,53180.26
632,000710.SZ,20200528,56.9,56.9,53.41,54.14,56.99,-2.8500000000000014,-5.0,45838.71,249364.259,55.54,46506.66,51.63,47291.93,47.63,58626.33,40.05,52166.13,38.85,47393.32,43.32,57465.74,53.31,51764.7,49.65,44374.71,48.52,55477.07,44.23,60863.28,41.16,53204.71
633,000710.SZ,20200527,57.3,59.3,55.7,56.99,58.01,-1.019999999999996,-1.76,33534.43,191493.118,56.08,56506.6,50.94,46276.96,47.14,58608.4,39.89,51906.58,38.74,47331.64,43.13,57741.61,52.41,50465.2,49.33,44236.0,48.08,55921.56,43.94,60814.53,41.01,53145.75
634,000710.SZ,20200526,55.55,58.32,55.2,58.01,55.55,2.460000000000001,4.43,39429.99,225214.37,55.02,59424.12,50.11,46136.7,46.54,58224.43,39.72,51740.48,38.6,47376.39,42.93,58406.17,51.41,50797.82,48.85,45522.22,47.58,58578.83,43.64,60743.8,40.84,53116.13
635,000710.SZ,20200525,53.8,56.18,53.79,55.55,52.99,2.559999999999995,4.83,45843.1,252105.497,53.82,63769.56,49.2,45549.9,45.92,57743.71,39.54,51566.63,38.47,47414.52,42.7,58828.95,50.2,49599.19,48.42,46714.29,47.06,60054.88,43.32,60826.22,40.66,53145.61
636,000710.SZ,20200522,54.91,56.5,52.61,52.99,56.87,-3.8799999999999955,-6.82,67887.05,367500.521,52.29,61901.52,48.52,45271.79,45.36,57444.14,39.37,51398.68,38.34,47463.16,42.49,59114.23,49.17,48279.3,48.11,47777.16,46.5,60954.96,43.06,61026.46,40.5,53275.42
637,000710.SZ,20200521,51.8,56.87,51.8,56.87,51.7,5.169999999999995,10.0,95838.44,533609.92,51.09,57022.74,47.86,44775.42,44.85,56180.12,39.22,51017.96,38.23,47503.4,42.3,59108.67,48.49,44661.7,47.79,47357.25,45.98,60199.71,42.84,60718.63,40.37,53215.02
638,000710.SZ,20200520,51.27,53.53,50.48,51.7,52.0,-0.29999999999999716,-0.58,48122.03,249525.794,48.74,44423.79,47.05,39994.13,44.23,54591.46,39.04,50429.37,38.1,47410.83,42.09,58610.09,47.42,38258.01,47.37,46164.77,45.29,57687.74,42.55,59859.65,40.21,52761.06
639,000710.SZ,20200519,48.29,52.3,48.0,52.0,47.9,4.100000000000001,8.56,61157.2,311922.532,47.8,42171.53,46.67,39307.73,43.83,54755.42,38.89,50196.13,37.99,47373.9,41.96,58778.75,46.92,37668.57,47.0,49775.39,44.8,56853.18,42.33,59829.94,40.08,52823.2
640,000710.SZ,20200518,46.88,49.28,46.29,47.9,46.97,0.9299999999999997,1.98,36502.87,174883.579,46.58,35428.82,46.35,37915.99,43.45,54645.09,38.75,49914.46,37.88,47250.57,41.84,58809.27,46.16,37696.28,46.67,52542.23,44.29,56003.2,42.12,59545.31,39.96,52747.96
641,000710.SZ,20200515,45.0,47.25,44.84,46.97,45.15,1.8200000000000003,4.03,43493.15,200335.783,46.05,34657.08,46.3,39666.44,43.16,54967.98,38.64,49802.82,37.79,47186.74,41.76,59147.53,46.0,37414.16,46.43,56016.57,43.88,55616.79,42.0,59758.15,39.86,52977.08
642,000710.SZ,20200514,46.6,46.6,45.0,45.15,46.98,-1.8299999999999983,-3.9,32843.71,149610.42,45.9,32300.66,46.5,41187.85,42.84,54842.15,38.53,49581.29,37.7,47074.09,41.69,59143.02,45.98,36984.72,46.12,57333.26,43.51,55561.15,41.9,59913.23,39.77,53342.06
643,000710.SZ,20200513,46.25,47.48,45.47,46.98,45.9,1.0799999999999983,2.35,36860.7,171476.639,46.1,32092.23,46.82,43822.99,42.57,55510.09,38.44,49452.43,37.63,47004.64,41.63,59240.26,46.25,38006.81,45.92,58649.74,43.27,56256.25,41.82,60102.63,39.68,53494.76
644,000710.SZ,20200512,45.06,46.21,44.5,45.9,45.27,0.6299999999999955,1.39,27443.69,124655.904,46.04,33165.62,46.79,45563.61,42.3,55995.55,38.33,49263.73,37.55,46968.43,41.56,59587.73,46.29,40246.62,45.66,62469.34,43.01,56941.09,41.7,60050.18,39.58,53485.4
645,000710.SZ,20200511,46.0,47.48,45.0,45.27,46.2,-0.9299999999999997,-2.01,32644.17,148907.481,45.75,39963.74,46.98,48990.16,42.06,56774.55,38.23,49174.21,37.47,46923.95,41.49,59957.15,46.64,43829.4,45.49,65282.72,42.74,57609.0,41.62,60244.08,39.48,53602.3
646,000710.SZ,20200508,46.2,47.97,46.0,46.2,46.15,0.05000000000000426,0.11,31711.04,148190.647,45.95,40171.23,46.92,55735.56,41.86,57981.46,38.13,49025.27,37.4,46951.52,41.41,60093.22,47.06,47275.03,45.16,67292.8,42.44,57828.03,41.53,60336.86,39.39,53686.96
647,000710.SZ,20200507,46.5,46.5,45.5,46.15,46.7,-0.5500000000000043,-1.18,31801.56,146182.44,46.06,41668.78,46.86,62257.32,41.62,59788.41,38.02,48891.0,37.32,46870.33,41.32,60265.34,47.09,50052.81,44.72,67968.71,42.1,58622.79,41.43,60513.0,39.29,53750.46
648,000710.SZ,20200506,44.42,46.88,43.96,46.7,44.41,2.2900000000000063,5.16,42227.65,193704.252,46.41,43921.39,46.62,67964.11,41.45,61554.51,37.92,48873.12,37.25,46807.21,41.22,60484.48,47.31,54071.54,44.23,67402.6,41.83,59341.6,41.34,61091.8,39.2,53862.25
649,000710.SZ,20200430,47.25,47.25,44.37,44.41,46.3,-1.8900000000000006,-4.08,61434.29,276089.619,46.53,47327.61,46.16,70087.13,41.39,62474.05,37.81,48839.15,37.17,46706.37,41.11,60561.43,47.09,61882.21,43.74,66445.49,41.52,59731.67,41.25,61777.61,39.1,54167.13
650,000710.SZ,20200429,46.61,48.88,46.18,46.3,46.75,-0.45000000000000284,-0.96,33681.61,159642.152,47.54,47695.05,45.9,69913.21,41.46,62855.87,37.74,48801.13,37.11,46536.56,41.03,60621.7,47.19,67388.17,43.35,65156.66,41.32,60139.84,41.2,61939.34,39.01,54699.06
651,000710.SZ,20200428,47.56,48.48,45.09,46.75,47.88,-1.1300000000000026,-2.36,39198.79,183556.414,48.16,54378.82,45.55,76034.06,41.52,65156.58,37.64,48712.05,37.02,46502.08,40.91,60691.97,46.86,74618.99,42.82,64718.1,41.05,62122.03,41.09,62498.64,38.89,54699.58
652,000710.SZ,20200427,47.08,49.0,45.44,47.88,47.3,0.5800000000000054,1.23,43064.61,204990.067,48.11,58436.84,45.23,79458.1,41.58,69184.05,37.54,48645.35,36.94,46520.86,40.78,60680.64,46.27,77681.81,42.27,64849.36,40.84,63877.03,40.95,62969.83,38.76,54702.85
653,000710.SZ,20200424,48.35,49.25,46.8,47.3,49.46,-2.1600000000000037,-4.37,59258.75,282650.988,48.21,64221.68,44.52,81748.95,41.49,71615.35,37.44,48472.82,36.84,46327.52,40.64,60717.06,45.58,79292.68,41.78,65380.97,40.74,64891.28,40.84,63226.16,38.61,54503.92
654,000710.SZ,20200423,50.45,52.5,47.7,49.46,49.4,0.060000000000002274,0.12,63271.48,316346.372,47.65,76436.8,43.77,80669.76,41.35,71597.05,37.34,48168.43,36.74,46025.78,40.49,60671.6,45.03,84692.06,41.37,65288.33,40.71,65396.52,40.75,63251.37,38.47,54142.93
655,000710.SZ,20200422,45.8,50.58,45.0,49.4,46.5,2.8999999999999986,6.24,67100.48,322167.112,46.83,87081.3,42.75,77378.06,41.12,71962.43,37.22,47958.83,36.63,45710.11,40.31,60151.21,44.33,86736.05,40.79,64498.81,40.67,67017.68,40.64,63254.28,38.33,53765.27
656,000710.SZ,20200421,47.45,48.21,45.92,46.5,48.38,-1.8800000000000026,-3.89,59488.87,279302.569,45.56,94859.16,41.79,73992.29,40.86,71405.1,37.12,47689.64,36.51,45418.06,40.12,59695.43,43.26,87310.57,40.13,63104.54,40.65,70652.08,40.52,63167.15,38.17,53264.44
657,000710.SZ,20200420,45.6,48.8,45.57,48.38,44.49,3.8900000000000006,8.74,71988.82,343385.287,44.42,96926.77,41.03,72159.12,40.66,71857.45,37.03,47429.12,36.42,45136.67,39.97,59387.35,42.36,85884.61,39.6,62907.77,40.6,72860.07,40.44,62894.92,38.05,52839.24
658,000710.SZ,20200417,45.31,48.48,44.46,44.49,45.4,-0.9099999999999966,-2.0,120334.36,553987.804,42.95,94363.67,40.05,68537.71,40.35,70592.05,36.94,47175.13,36.31,44764.96,39.81,58710.88,41.15,80733.66,39.08,61976.64,40.41,72415.01,40.32,62364.05,37.9,52319.46
659,000710.SZ,20200416,42.68,46.6,42.15,45.4,43.05,2.3500000000000014,5.46,116493.95,524927.805,42.41,92947.32,39.39,62498.45,40.13,68314.97,36.87,46624.88,36.22,44147.93,39.7,57581.1,40.39,71008.77,38.74,58656.41,40.31,70927.01,40.26,61407.16,37.8,51436.64
660,000710.SZ,20200415,39.78,44.5,39.58,43.05,40.79,2.259999999999998,5.54,105989.82,454351.177,41.83,86390.8,38.82,57667.89,39.93,65750.17,36.79,46134.45,36.13,43543.7,39.59,56457.19,39.52,62925.14,38.39,56515.67,40.14,68648.91,40.18,60384.77,37.69,50646.34
661,000710.SZ,20200414,40.11,41.2,38.8,40.79,41.01,-0.21999999999999886,-0.54,69826.91,280373.821,40.95,79761.97,38.52,53930.67,39.81,63937.97,36.73,45773.85,36.07,43003.75,39.5,55679.58,38.77,54817.22,38.14,55873.55,40.04,67611.55,40.13,59332.42,37.58,49871.95
662,000710.SZ,20200413,42.28,42.32,40.43,41.01,41.8,-0.7899999999999991,-1.89,59173.32,243099.69,40.3,74842.45,38.3,52211.77,39.79,63585.94,36.69,45807.61,36.02,42633.1,39.45,55585.09,38.28,52016.92,38.13,56974.65,39.94,66249.49,40.1,58912.31,37.5,49382.4
663,000710.SZ,20200410,43.16,44.6,41.55,41.8,42.52,-0.720000000000006,-1.69,113252.59,486858.919,39.36,67103.65,37.92,50676.51,39.75,63298.99,36.65,45953.59,35.98,42327.24,39.38,55345.15,37.98,51469.26,38.32,57690.58,39.8,65707.5,40.06,58730.04,37.42,49010.43
664,000710.SZ,20200409,39.58,42.52,39.08,42.52,38.65,3.8700000000000045,10.01,83711.34,347232.603,38.38,49070.22,37.47,46238.13,39.68,61270.95,36.58,45457.95,35.93,41726.06,39.31,54361.0,37.72,45884.59,38.55,55748.75,39.7,62908.77,40.0,57642.47,37.33,48238.29
665,000710.SZ,20200408,37.3,38.8,37.2,38.65,37.5,1.1499999999999986,3.07,72845.68,279346.183,37.2,39459.49,37.12,43903.88,39.57,60171.78,36.52,45156.58,35.88,41274.22,39.22,54083.75,37.26,42261.57,38.84,57158.49,39.58,61597.56,39.94,57346.53,37.24,47710.92
666,000710.SZ,20200407,36.42,37.84,36.42,37.5,36.31,1.1899999999999977,3.28,45229.32,168613.67,36.59,29872.46,37.04,42448.81,39.59,59325.71,36.48,44829.29,35.85,40907.84,39.17,53594.74,37.0,38898.51,39.35,62322.84,39.63,61097.97,39.92,56781.64,37.18,47200.48
667,000710.SZ,20200403,36.88,37.58,36.16,36.31,36.91,-0.5999999999999943,-1.63,20479.32,75442.395,36.27,29191.39,37.11,44637.26,39.68,59444.65,36.44,44685.03,35.82,40690.94,39.13,53465.38,36.85,39930.94,39.73,66347.8,39.7,61237.56,39.9,56666.96,37.13,46942.64
668,000710.SZ,20200402,36.2,37.0,35.78,36.91,36.63,0.27999999999999403,0.76,23085.45,84172.126,36.6,35834.86,37.25,50227.12,39.81,60395.21,36.42,44689.39,35.81,40626.13,39.12,53756.35,37.02,43219.62,40.03,68255.68,39.8,62031.56,39.92,57088.9,37.09,46852.7
669,000710.SZ,20200401,35.6,37.18,35.38,36.63,35.6,1.0300000000000011,2.89,35657.69,129651.223,37.06,42698.96,37.53,55516.61,39.91,61016.45,36.39,44742.55,35.79,40532.23,39.1,54069.62,37.08,46304.05,40.27,70886.13,39.87,62806.7,39.91,57634.98,37.05,46781.6
670,000710.SZ,20200331,36.3,36.39,35.4,35.6,35.88,-0.28000000000000114,-0.78,24910.54,89475.023,37.31,45063.65,38.15,58426.94,40.01,60959.28,36.37,44633.3,35.77,40370.97,39.06,53955.28,37.26,50106.19,40.46,71510.79,39.95,63087.41,39.89,57444.72,37.0,46577.76
671,000710.SZ,20200330,37.21,37.22,35.3,35.88,37.99,-2.1099999999999994,-5.55,41823.97,150746.525,37.41,47924.55,38.99,62235.06,40.17,61375.96,36.35,44719.36,35.76,40266.96,39.05,53953.75,37.51,56929.88,40.68,74008.71,40.13,63899.51,39.89,57578.16,36.96,46473.3
672,000710.SZ,20200327,39.36,39.82,37.66,37.99,39.18,-1.1899999999999977,-3.04,53696.65,205706.55,37.42,50670.48,39.95,67625.99,40.28,61269.7,36.33,44553.85,35.74,40117.45,39.04,53845.62,37.97,61932.37,40.76,73365.78,40.28,64265.32,39.88,57487.47,36.92,46368.33
673,000710.SZ,20200326,37.91,39.7,37.51,39.18,37.9,1.2800000000000011,3.38,57405.95,224083.412,37.43,50604.38,40.79,77044.14,40.36,60933.9,36.3,44327.73,35.73,39882.95,38.99,53481.3,38.65,63911.91,40.71,72826.63,40.37,63949.01,39.85,56946.75,36.87,46231.99
674,000710.SZ,20200325,37.01,38.38,36.43,37.9,36.09,1.8099999999999952,5.02,47481.16,178400.128,37.11,49909.13,41.23,82299.73,40.4,61202.22,36.26,44103.97,35.7,39615.63,38.92,53070.26,39.38,65612.92,40.69,71420.86,40.39,63159.28,39.81,56583.33,36.82,46219.94
675,000710.SZ,20200324,36.9,36.9,35.12,36.09,35.96,0.13000000000000256,0.36,39215.0,141077.929,37.21,55148.73,41.58,83157.86,40.5,62257.96,36.23,44001.58,35.68,39424.0,38.87,52773.39,40.43,72055.41,40.74,71265.55,40.49,62879.16,39.79,56328.66,36.77,45998.04
676,000710.SZ,20200323,36.91,37.88,35.33,35.96,38.02,-2.0600000000000023,-5.42,55553.63,202612.481,37.62,65935.22,42.0,85963.97,40.65,63196.88,36.21,43922.69,35.68,39245.71,38.86,52886.06,41.71,85747.18,40.95,72197.7,40.62,62845.7,39.79,56469.56,36.75,45917.87
677,000710.SZ,20200320,38.04,39.18,37.18,38.02,37.56,0.46000000000000085,1.22,53366.14,203567.933,38.52,73194.27,42.35,85394.53,40.76,63540.58,36.18,43831.15,35.67,38999.87,38.85,52623.09,42.61,92764.67,41.13,71890.87,40.77,62403.22,39.81,56589.34,36.72,45606.76
678,000710.SZ,20200319,38.43,38.77,36.6,37.56,38.41,-0.8499999999999943,-2.21,53929.73,202285.523,39.87,77219.45,42.5,87048.59,40.78,63955.41,36.13,43532.7,35.65,38752.29,38.83,52428.38,43.05,93291.74,41.19,71437.53,40.85,62841.99,39.78,56386.2,36.68,45290.6
679,000710.SZ,20200318,38.79,40.44,38.02,38.41,38.15,0.259999999999998,0.68,73679.15,289503.045,41.66,81316.7,42.5,85128.25,40.88,64088.19,36.08,43215.59,35.64,38485.26,38.81,52109.05,43.45,95468.21,41.26,71058.02,40.98,63823.54,39.76,56144.72,36.64,45116.93
680,000710.SZ,20200317,40.57,41.5,37.6,38.15,40.48,-2.3299999999999983,-5.76,93147.44,360608.552,43.66,88962.08,42.4,82761.67,40.99,63708.56,36.03,42772.84,35.62,38138.74,38.78,51699.56,43.66,92915.39,41.3,69578.02,41.08,63738.84,39.72,55965.36,36.6,44739.07
681,000710.SZ,20200316,45.46,46.29,40.29,40.48,44.77,-4.290000000000006,-9.58,91848.89,395827.117,45.79,105559.13,42.44,77849.61,41.13,62834.99,35.97,42249.2,35.62,37644.8,38.76,51276.53,43.84,91087.54,41.43,67384.32,41.13,62875.24,39.67,55015.74,36.57,44145.96
682,000710.SZ,20200313,42.65,45.98,42.33,44.77,46.5,-1.7299999999999969,-3.72,73492.02,325843.715,46.69,112335.07,42.32,74197.77,41.18,61953.34,35.9,41694.24,35.6,37179.46,38.72,50860.4,43.55,84799.18,41.44,65431.79,41.07,62062.62,39.57,54077.05,36.52,43675.68
683,000710.SZ,20200312,47.01,49.5,46.01,46.5,48.4,-1.8999999999999986,-3.93,74416.02,352002.077,46.23,109364.04,41.97,72995.15,41.08,61061.07,35.8,41247.55,35.55,36831.22,38.62,50432.02,42.78,81741.34,41.22,63967.56,40.93,61561.03,39.4,53557.21,36.44,43405.72
684,000710.SZ,20200311,48.0,51.4,47.1,48.4,48.8,-0.3999999999999986,-0.82,111906.05,549525.29,45.24,109619.71,41.45,71072.15,40.93,60052.85,35.68,40842.29,35.5,36512.6,38.49,50180.86,42.0,77228.8,40.89,61932.46,40.79,61106.22,39.22,53093.29,36.34,43167.86
685,000710.SZ,20200310,48.13,49.5,42.86,48.8,45.0,3.799999999999997,8.44,176132.69,825770.13,43.66,96868.7,40.74,65871.63,40.72,58612.11,35.56,40165.02,35.44,36052.14,38.34,49383.82,41.05,70475.7,40.52,58291.03,40.61,59490.89,38.98,51679.56,36.22,42685.84
686,000710.SZ,20200309,42.2,46.55,41.9,45.0,42.44,2.5600000000000023,6.03,125728.57,559623.326,41.89,76615.95,39.98,55887.55,40.47,55053.81,35.44,39044.22,35.36,35082.86,38.17,47888.69,40.19,58648.22,40.07,51394.96,40.39,55682.22,38.75,49157.28,36.1,41840.47
687,000710.SZ,20200306,41.0,42.97,41.0,42.44,41.55,0.8900000000000006,2.14,58636.87,247633.582,40.41,57263.3,39.53,49606.83,40.32,52616.18,35.36,38221.01,35.3,34416.23,38.06,47376.18,39.66,51017.07,39.85,47222.5,40.27,52929.77,38.58,47623.71,36.02,41461.02
688,000710.SZ,20200305,40.49,41.86,40.29,41.55,40.49,1.0599999999999952,2.62,75694.35,311616.836,39.32,54118.64,39.41,48886.56,40.23,52203.92,35.3,37865.77,35.26,34177.6,37.95,47276.59,39.33,49583.31,39.75,47617.11,40.23,52313.09,38.44,47085.97,35.94,41321.37
689,000710.SZ,20200304,39.9,40.85,39.6,40.49,39.95,0.5399999999999991,1.35,48151.01,193950.139,38.76,44837.89,39.33,47125.33,40.14,51396.35,35.24,37421.04,35.22,33784.56,37.85,46743.84,39.07,46647.84,39.75,48001.21,40.22,51887.3,38.32,46267.37,35.87,41026.54
690,000710.SZ,20200303,38.1,40.27,37.89,39.95,37.61,2.3400000000000034,6.22,74868.93,295615.491,38.45,44082.69,39.33,46821.98,40.07,51391.87,35.2,37137.71,35.19,33551.49,37.77,46654.78,38.94,46240.66,39.79,49150.56,40.22,52120.62,38.22,45885.12,35.8,40839.59
691,000710.SZ,20200302,37.1,37.99,37.1,37.61,37.02,0.5899999999999963,1.59,28965.32,108494.746,38.49,40680.49,39.32,43656.21,40.04,51129.7,35.15,36693.67,35.17,33185.78,37.7,46227.24,39.03,43681.09,39.77,48769.1,40.21,51053.3,38.13,45431.71,35.74,40419.47
692,000710.SZ,20200228,38.0,39.18,36.7,37.02,38.75,-1.7299999999999969,-4.46,42913.6,162362.508,38.91,44770.84,39.58,44434.07,40.02,51423.42,35.12,36552.05,35.15,33090.14,37.66,46365.44,39.33,46064.41,39.82,50694.34,40.27,51575.12,38.1,45546.14,35.7,40353.99
693,000710.SZ,20200227,39.05,39.39,38.44,38.75,38.92,-0.1700000000000017,-0.44,29290.6,113734.452,39.34,45047.98,39.8,44072.35,40.02,51289.16,35.1,36320.21,35.14,32892.59,37.62,46396.14,39.67,46193.79,40.01,51470.88,40.32,51752.57,38.09,45476.96,35.67,40252.54
694,000710.SZ,20200226,39.29,39.8,38.69,38.92,40.13,-1.2100000000000009,-3.02,44375.01,173977.766,39.38,48457.78,39.94,45071.49,39.97,51774.61,35.06,36166.91,35.11,32761.03,37.57,47056.45,39.78,46636.12,40.18,53044.93,40.3,52376.18,38.04,45488.46,35.62,40174.51
695,000710.SZ,20200225,39.1,40.65,38.91,40.13,39.73,0.4000000000000057,1.01,57857.9,230916.029,39.43,48398.63,40.05,46775.64,39.9,52112.1,35.02,35917.11,35.07,32560.75,37.51,48134.99,39.98,46106.37,40.39,53998.49,40.3,53095.51,38.0,45465.0,35.57,40115.58
696,000710.SZ,20200224,39.29,39.88,38.92,39.73,39.18,0.5499999999999972,1.4,49417.11,195357.792,39.58,46681.7,40.16,48738.6,39.76,51123.41,34.98,35566.25,35.04,32261.52,37.4,47813.48,39.96,44141.7,40.49,54199.22,40.2,52465.31,37.94,45524.37,35.51,39783.34
697,000710.SZ,20200221,38.95,39.75,38.89,39.18,38.94,0.240000000000002,0.62,44299.26,173776.636,39.75,47357.97,40.28,50409.45,39.63,50638.11,34.94,35338.05,35.01,32018.72,37.28,47682.47,40.05,43427.93,40.58,53886.12,40.1,52096.36,37.91,45711.41,35.46,39547.66
698,000710.SZ,20200220,39.15,39.72,38.63,38.94,39.18,-0.240000000000002,-0.61,46339.61,180471.542,39.99,47339.59,40.31,52174.09,39.53,50405.28,34.91,35128.1,34.98,31797.92,37.16,47347.72,40.16,45650.91,40.68,53677.98,40.04,52146.25,37.87,45662.47,35.42,39388.38
699,000710.SZ,20200219,40.5,40.66,39.18,39.18,40.85,-1.6700000000000017,-4.09,44079.25,175534.353,40.19,44814.47,40.29,53799.51,39.45,49667.45,34.88,34891.22,34.95,31585.89,37.05,46942.38,40.42,49354.58,40.8,54507.04,39.96,52463.26,37.84,45816.46,35.37,39275.02
700,000710.SZ,20200218,40.53,40.89,39.9,40.85,40.6,0.25,0.62,49273.27,198541.434,40.54,43814.12,40.42,54904.53,39.37,49418.07,34.85,34689.94,34.91,31362.1,36.95,46594.03,40.63,52060.47,40.86,55060.6,39.83,51802.02,37.79,45950.61,35.32,39139.82
701,000710.SZ,20200217,40.61,41.14,40.22,40.6,40.4,0.20000000000000284,0.5,52798.44,214214.188,40.34,41601.7,40.51,55789.01,39.24,48915.95,34.81,34410.85,34.87,31130.8,36.82,46030.4,40.51,53857.1,40.8,54739.4,39.64,51256.81,37.72,46196.02,35.25,39082.3
702,000710.SZ,20200214,39.66,41.65,39.66,40.4,39.91,0.490000000000002,1.23,44207.4,180469.724,40.35,39497.9,40.71,56608.08,39.12,48765.08,34.77,34141.46,34.83,30852.33,36.69,45439.28,40.32,55324.27,40.74,54330.48,39.48,50709.63,37.65,46770.88,35.16,38728.9
703,000710.SZ,20200213,40.95,41.14,39.61,39.91,40.92,-1.0100000000000051,-2.47,33713.97,135026.396,40.33,43962.22,40.84,57966.93,39.03,49310.17,34.73,33914.5,34.79,30640.92,36.57,44978.06,40.36,56747.98,40.65,54531.96,39.34,49944.49,37.55,46886.89,35.08,38429.39
704,000710.SZ,20200212,39.79,41.0,39.69,40.92,39.85,1.0700000000000003,2.69,39077.52,158084.928,40.65,53894.7,40.96,58693.17,38.92,49529.69,34.7,33741.5,34.76,30482.49,36.47,44720.47,40.58,59453.74,40.56,55246.2,39.23,50007.38,37.46,46920.62,35.0,38231.13
705,000710.SZ,20200211,40.25,40.7,39.31,39.85,40.66,-0.8099999999999952,-1.99,38211.18,152524.239,40.73,60306.82,40.98,58774.62,38.77,49540.38,34.67,33575.11,34.73,30295.91,36.34,44488.23,40.8,61890.61,40.46,56590.08,39.08,49778.17,37.34,46960.53,34.91,38053.34
706,000710.SZ,20200210,41.34,41.98,40.01,40.66,40.32,0.3399999999999963,0.84,42279.44,172486.494,40.68,66112.5,41.09,60675.36,38.66,50267.05,34.64,33376.92,34.7,30109.12,36.22,44152.9,41.02,64256.75,40.32,56627.11,38.97,50093.42,37.25,47037.06,34.83,37834.37
707,000710.SZ,20200207,41.01,41.47,39.5,40.32,41.51,-1.1899999999999977,-2.87,66529.0,269747.998,40.29,71150.64,41.07,61665.45,38.5,50087.36,34.62,33175.02,34.67,29915.28,36.09,43736.94,41.11,64344.3,40.13,56430.58,38.85,50775.45,37.15,46987.91,34.74,37558.45
708,000710.SZ,20200206,41.65,43.06,41.21,41.51,41.31,0.19999999999999574,0.48,83376.36,350166.277,40.39,69533.73,41.03,59843.93,38.33,49175.54,34.6,32814.68,34.64,29586.7,35.97,43043.7,41.19,61705.05,39.97,55393.93,38.72,49930.41,37.06,46632.7,34.66,37137.86
709,000710.SZ,20200205,39.9,41.33,39.4,41.31,39.62,1.6900000000000048,4.27,71138.12,287899.746,40.5,65012.77,40.86,56862.68,38.14,47967.47,34.57,32378.52,34.61,29196.51,35.83,42206.63,41.17,59659.49,39.73,54017.59,38.53,48465.9,36.95,46556.65,34.57,36562.88
710,000710.SZ,20200204,39.21,40.88,37.85,39.62,38.69,0.9299999999999997,2.4,67239.57,268262.227,40.86,63474.4,40.66,55101.05,37.96,47245.19,34.55,32121.23,34.56,28816.94,35.71,41530.48,41.08,58060.74,39.43,51672.8,38.36,48191.89,36.83,47458.77,34.49,36092.88
711,000710.SZ,20200203,36.75,41.88,36.75,38.69,40.8,-2.1099999999999994,-5.17,67470.15,263017.115,41.36,62401.0,40.54,53620.99,37.8,46064.1,34.52,31739.87,34.53,28479.72,35.6,40788.52,41.1,55621.71,39.21,49956.67,38.2,47156.24,36.7,46900.53,34.43,35592.43
712,000710.SZ,20200123,42.1,42.7,39.73,40.8,42.09,-1.2900000000000063,-3.06,58444.44,239652.754,41.92,57537.97,40.56,53504.44,37.68,44808.97,34.5,31362.08,34.5,28132.94,35.51,40079.43,41.16,53336.69,39.06,48402.3,38.07,46091.48,36.57,46435.88,34.39,35092.54
713,000710.SZ,20200122,43.14,43.15,41.41,42.09,43.1,-1.009999999999998,-2.34,60771.59,256272.502,41.99,53876.36,40.27,52005.01,37.51,44081.61,34.46,31083.36,34.47,27881.07,35.38,39429.33,40.95,52315.95,38.83,46542.75,37.87,45553.39,36.39,45781.69,34.33,34702.62
714,000710.SZ,20200121,42.19,43.95,41.88,43.1,42.11,0.990000000000002,2.35,63446.26,273444.992,41.84,54306.21,39.87,50280.18,37.28,43069.87,34.41,30725.71,34.43,27589.88,35.24,38813.08,40.54,51038.67,38.55,45284.19,37.65,45080.36,36.2,45034.48,34.26,34257.44
715,000710.SZ,20200120,42.46,43.37,40.05,42.11,41.52,0.5899999999999963,1.42,61872.54,258822.771,41.3,52647.08,39.41,48922.46,37.02,41985.52,34.36,30345.96,34.38,27302.58,35.08,38116.42,40.13,51289.55,38.23,43721.95,37.35,43868.23,36.01,44276.26,34.18,33819.79
716,000710.SZ,20200117,41.35,42.64,40.96,41.52,41.13,0.39000000000000057,0.95,43155.0,180373.807,40.83,48842.42,38.99,48459.17,36.79,40907.39,34.31,30007.02,34.34,27019.8,34.93,37456.47,39.62,48997.47,37.95,43011.75,37.1,42632.34,35.83,43361.73,34.11,33375.62
717,000710.SZ,20200116,41.28,42.12,40.93,41.13,41.33,-0.19999999999999574,-0.48,40136.43,166245.683,40.39,49135.42,38.52,47004.34,36.59,41040.03,34.27,29796.23,34.3,26864.04,34.78,37270.77,39.16,48516.86,37.72,43991.02,36.88,42317.64,35.65,42783.56,34.05,33095.39
718,000710.SZ,20200115,40.14,42.12,40.01,41.33,40.42,0.9099999999999966,2.25,62920.84,260111.836,39.9,50755.54,38.06,46448.99,36.43,40913.39,34.22,29583.66,34.27,26703.5,34.66,37233.43,38.76,49082.81,37.48,44043.09,36.65,41858.85,35.49,42274.88,33.98,32821.05
719,000710.SZ,20200114,39.98,40.73,39.1,40.42,39.77,0.6499999999999986,1.63,55150.57,219765.839,39.25,47771.12,37.62,44407.61,36.28,40202.87,34.17,29195.72,34.24,26444.67,34.55,37140.61,38.29,48375.69,37.21,42869.11,36.42,40647.43,35.33,41466.12,33.91,32366.74
720,000710.SZ,20200113,39.0,39.77,38.2,39.77,39.32,0.45000000000000284,1.14,42849.25,167130.816,38.95,49932.01,37.3,41800.14,36.16,39462.56,34.12,28885.85,34.22,26219.19,34.45,36683.32,37.78,45284.86,37.0,43257.46,36.21,39649.61,35.19,40907.92,33.86,31968.27
721,000710.SZ,20200110,38.68,39.88,38.51,39.32,38.67,0.6499999999999986,1.68,44620.02,175428.885,38.41,49152.53,37.05,41242.54,36.05,39466.04,34.08,28638.89,34.19,26023.72,34.36,36506.58,37.33,44291.63,36.76,42923.5,36.05,39810.13,35.04,40411.47,33.81,31749.16
722,000710.SZ,20200109,38.69,39.58,38.28,38.67,38.05,0.6200000000000045,1.63,48237.04,186730.582,37.92,47898.29,36.84,40287.26,35.97,39960.17,34.04,28387.25,34.17,25834.08,34.27,36154.6,36.96,43467.92,36.52,42468.87,35.93,39517.15,34.9,39852.5,33.77,31494.55
723,000710.SZ,20200108,38.51,38.81,37.82,38.05,38.96,-0.9100000000000037,-2.34,47998.72,184065.42,37.62,47410.07,36.67,40243.53,35.94,40324.94,34.01,28100.77,34.14,25622.5,34.19,35717.12,36.71,40769.55,36.34,42172.11,35.85,39201.35,34.78,39290.82,33.74,31194.48
724,000710.SZ,20200107,37.05,39.3,37.05,38.96,37.07,1.8900000000000006,5.1,65955.04,254616.53,37.33,48980.26,36.6,41377.51,35.91,40129.77,33.99,27840.41,34.12,25475.43,34.13,35518.33,36.56,39529.72,36.2,42101.2,35.79,38600.74,34.66,38834.11,33.71,30920.29
725,000710.SZ,20200106,36.8,37.65,36.51,37.07,36.86,0.21000000000000085,0.57,38951.81,145049.16,36.61,40637.7,36.39,39471.56,35.85,39824.59,33.95,27425.85,34.11,25171.26,34.06,35016.74,36.32,36154.35,35.96,40157.57,35.69,37834.49,34.54,38075.3,33.68,30446.37
726,000710.SZ,20200103,37.3,37.34,36.63,36.86,37.15,-0.28999999999999915,-0.78,38348.85,141813.079,36.24,39430.73,36.31,39509.21,35.84,40212.13,33.92,27226.07,34.12,25011.99,34.02,34790.37,36.27,37026.03,35.84,39449.78,35.68,38583.43,34.45,37619.32,33.67,30238.48
727,000710.SZ,20200102,36.69,37.26,36.5,37.15,36.6,0.5499999999999972,1.5,45795.91,169138.139,35.99,39037.54,36.25,41399.12,35.83,40966.51,33.9,26999.61,34.12,24862.85,33.99,34751.25,36.29,39465.19,35.75,39218.04,35.71,39326.45,34.36,37218.32,33.65,30014.95
728,000710.SZ,20191231,35.41,36.97,35.31,36.6,35.38,1.2199999999999989,3.45,55849.69,203396.643,35.8,34129.03,36.08,40658.66,35.8,42186.93,33.88,26740.45,34.13,24678.33,33.96,34688.61,36.2,39003.37,35.6,38246.87,35.69,39178.69,34.27,36616.5,33.63,29706.67
729,000710.SZ,20191230,34.94,35.6,34.35,35.38,35.22,0.1600000000000037,0.45,24242.22,85166.54,35.79,30079.18,35.93,39095.41,35.74,42049.23,33.87,26400.81,34.14,24438.02,33.93,34555.59,36.14,37362.52,35.48,36783.3,35.71,39169.65,34.18,35928.22,33.62,29367.24
730,000710.SZ,20191227,35.55,35.88,35.0,35.22,35.59,-0.37000000000000455,-1.04,32916.96,116471.049,36.04,31671.01,35.9,40484.62,35.71,42387.35,33.87,26284.85,34.17,24379.32,33.91,34953.2,36.21,41230.07,35.43,36831.99,35.76,40099.19,34.11,35710.8,33.64,29245.81
731,000710.SZ,20191226,36.04,36.22,35.32,35.59,36.23,-0.6399999999999935,-1.77,36382.91,129527.461,36.29,34621.34,35.9,41535.66,35.67,42638.96,33.87,26102.39,34.19,24278.23,33.9,35510.15,36.19,41555.38,35.42,37569.38,35.8,41135.22,34.03,35368.44,33.65,29081.55
732,000710.SZ,20191225,36.12,36.46,35.91,36.23,36.54,-0.3100000000000023,-0.85,21253.39,76953.063,36.59,39892.85,35.79,40820.24,35.64,42827.79,33.87,25915.86,34.23,24165.56,33.9,36094.3,36.09,41469.82,35.42,37541.77,35.82,42832.13,33.95,35249.2,33.67,28900.36
733,000710.SZ,20191224,36.62,37.48,36.05,36.54,36.6,-0.060000000000002274,-0.16,35600.44,130404.542,36.59,43877.71,35.68,41092.74,35.6,43359.46,33.86,25844.65,34.26,24152.95,33.85,36369.32,35.97,43574.68,35.42,38417.25,35.76,43829.28,33.88,35517.23,33.68,28894.66
734,000710.SZ,20191223,36.2,36.97,36.02,36.6,36.51,0.09000000000000341,0.25,32201.35,117602.76,36.49,44645.86,35.55,40947.63,35.54,43642.29,33.85,25718.49,34.28,24082.05,33.81,36432.17,35.84,44672.68,35.4,38136.24,35.69,43833.87,33.83,35856.55,33.69,28882.06
735,000710.SZ,20191220,36.7,37.32,36.15,36.51,37.06,-0.5500000000000043,-1.48,47668.6,174632.76,36.38,50789.13,35.38,40499.26,35.49,45013.23,33.83,25543.42,34.3,24111.34,33.76,36345.71,35.59,44160.8,35.37,38674.55,35.59,44142.88,33.76,35667.42,33.68,28716.41
736,000710.SZ,20191219,35.92,37.65,35.69,37.06,36.25,0.8100000000000023,2.23,62740.45,230101.214,36.09,48489.41,35.19,38876.93,35.42,47295.5,33.81,25283.55,34.32,24120.94,33.7,36036.2,35.42,41873.53,35.38,39362.13,35.53,43980.7,33.7,35366.18,33.67,28428.08
737,000710.SZ,20191218,36.0,36.64,35.8,36.25,36.01,0.240000000000002,0.67,41177.71,148756.218,35.59,43046.8,34.99,35990.44,35.27,46442.69,33.8,24909.42,34.35,23816.37,33.64,35481.09,35.2,38970.88,35.41,39257.07,35.45,43200.36,33.63,34624.19,33.66,28057.81
738,000710.SZ,20191217,36.0,36.26,35.52,36.01,36.08,-0.07000000000000028,-0.19,39441.21,141618.374,35.34,43271.65,34.89,36489.44,35.11,46396.02,33.79,24733.73,34.39,23708.84,33.6,35341.92,35.01,37490.36,35.44,39266.34,35.4,43334.99,33.58,34195.0,33.65,27791.92
739,000710.SZ,20191216,35.21,36.18,35.06,36.08,35.03,1.0499999999999972,3.0,62917.69,224734.827,35.19,44699.49,34.86,36211.72,34.93,45800.49,33.78,24540.11,34.44,23629.2,33.56,35081.72,34.82,36204.08,35.5,40073.22,35.36,44647.39,33.52,34089.13,33.64,27536.26
740,000710.SZ,20191213,34.73,35.15,34.4,35.03,34.58,0.45000000000000284,1.3,36170.0,125598.501,34.81,37532.46,34.87,34353.67,34.78,44418.76,33.77,24206.6,34.48,23371.74,33.52,34740.2,34.65,32433.91,35.53,39533.75,35.3,46725.66,33.49,33512.77,33.64,27120.82
741,000710.SZ,20191212,34.84,34.97,34.33,34.58,35.02,-0.44000000000000483,-1.26,35527.4,122834.991,34.75,35257.64,34.96,33877.52,34.68,43882.96,33.78,24053.22,34.52,23284.07,33.5,34497.8,34.64,33583.39,35.6,40925.15,35.19,46644.82,33.48,33276.17,33.64,26926.08
742,000710.SZ,20191211,35.25,35.9,35.01,35.02,35.23,-0.20999999999999375,-0.6,42301.93,149844.978,34.82,34894.96,35.07,34449.85,34.58,43043.95,33.78,23923.39,34.58,23157.25,33.48,34305.9,34.74,33613.72,35.68,43513.28,35.07,46780.28,33.47,33274.3,33.64,26709.41
743,000710.SZ,20191210,34.2,35.28,33.83,35.23,34.17,1.0599999999999952,3.1,46580.44,162378.256,34.67,31709.08,35.2,35920.49,34.46,42048.73,33.79,23719.94,34.63,22995.31,33.47,34077.67,34.87,33259.83,35.66,43956.58,34.9,46009.99,33.47,33254.23,33.63,26415.71
744,000710.SZ,20191209,34.73,34.85,33.95,34.17,34.73,-0.5599999999999952,-1.61,27082.52,92635.57,34.45,27708.66,35.39,37001.93,34.35,40961.54,33.8,23529.65,34.68,22825.25,33.45,33893.09,34.96,31599.81,35.61,43414.47,34.75,44988.61,33.46,33242.44,33.61,26115.28
745,000710.SZ,20191206,34.71,34.94,34.33,34.73,34.93,-0.20000000000000284,-0.57,24795.91,85863.227,34.5,27335.36,35.59,38100.44,34.28,40588.38,33.81,23459.94,34.75,22783.2,33.42,33903.39,35.15,33188.32,35.59,44133.93,34.67,44684.28,33.46,33692.12,33.61,25950.32
746,000710.SZ,20191205,34.32,35.0,34.02,34.93,34.28,0.6499999999999986,1.9,33714.01,116615.12,34.53,31909.14,35.78,40468.35,34.2,40496.12,33.81,23355.91,34.8,22770.22,33.39,34137.74,35.35,36850.74,35.59,45034.29,34.55,44091.12,33.45,34523.66,33.61,25813.55
747,000710.SZ,20191204,34.0,34.54,33.73,34.28,34.16,0.12000000000000455,0.35,26372.53,90043.594,34.67,32332.48,35.92,41884.83,34.07,39888.7,33.82,23209.08,34.84,22744.42,33.33,33826.75,35.63,39543.26,35.58,45315.1,34.42,43249.47,33.45,35298.33,33.6,25590.79
748,000710.SZ,20191203,34.11,34.33,33.76,34.16,34.39,-0.23000000000000398,-0.67,26578.34,90420.37,35.08,34810.58,36.09,44779.09,33.98,39438.98,33.82,23112.6,34.89,22651.96,33.28,33585.33,35.88,41042.33,35.6,46257.3,34.33,42690.92,33.44,35556.78,33.6,25458.58
749,000710.SZ,20191202,34.83,35.12,34.2,34.39,34.91,-0.519999999999996,-1.49,25216.0,87225.441,35.46,35490.95,36.24,49449.22,33.89,39084.79,33.82,23088.76,34.95,22568.96,33.23,33363.26,36.18,43942.36,35.63,48869.05,34.25,42284.8,33.42,35785.71,33.59,25289.25
750,000710.SZ,20191129,35.59,36.16,34.3,34.91,35.62,-0.7100000000000009,-1.99,47664.8,166691.613,35.8,39041.27,36.25,51445.53,33.79,38948.93,33.85,23014.69,35.0,22602.88,33.18,33263.62,36.41,46633.6,35.63,53871.53,34.16,42166.24,33.39,35794.06,33.58,25163.98
751,000710.SZ,20191128,36.01,36.58,35.43,35.62,36.3,-0.6799999999999997,-1.87,35830.75,128273.169,36.16,41792.35,36.2,50528.1,33.7,38147.8,33.86,22767.26,35.07,22487.59,33.12,32787.22,36.57,48266.9,35.47,53175.54,34.02,41012.81,33.34,35407.23,33.57,24814.59
752,000710.SZ,20191127,35.78,37.24,35.56,36.3,36.1,0.19999999999999574,0.55,38763.02,141569.305,36.58,46754.04,36.07,50962.02,33.58,37434.91,33.88,22609.71,35.12,22364.66,33.04,32431.73,36.62,53412.84,35.23,53363.56,33.87,40187.85,33.3,35161.84,33.56,24586.65
753,000710.SZ,20191126,36.15,36.73,35.69,36.1,36.09,0.00999999999999801,0.03,29980.17,108197.684,36.68,47274.07,35.94,51272.8,33.44,36715.09,33.89,22441.99,35.17,22244.99,32.96,32128.99,36.44,54653.33,34.91,52385.07,33.71,39380.28,33.25,35028.13,33.55,24321.46
754,000710.SZ,20191125,36.68,36.7,35.43,36.09,36.68,-0.5899999999999963,-1.61,42967.62,154782.964,36.89,52393.78,35.83,51992.03,33.31,36118.23,33.91,22339.61,35.23,22214.81,32.89,31920.97,36.26,55229.14,34.65,51683.01,33.53,39067.49,33.19,34860.56,33.55,24134.5
755,000710.SZ,20191122,37.55,38.44,36.06,36.68,37.73,-1.0499999999999972,-2.78,61420.2,228050.727,37.01,54225.92,35.72,52165.02,33.17,35282.49,33.93,22140.69,35.29,22133.5,32.83,31544.58,36.04,55079.54,34.43,50432.27,33.39,38316.12,33.14,34766.16,33.54,23831.8
756,000710.SZ,20191121,37.65,37.88,36.83,37.73,36.81,0.9199999999999946,2.5,60639.21,226799.393,36.98,54741.46,35.58,53502.95,33.0,33805.34,33.96,21824.11,35.34,21958.98,32.78,30821.46,35.84,53217.84,34.15,47711.31,33.22,36655.2,33.09,34042.32,33.53,23399.31
757,000710.SZ,20191120,37.14,37.43,36.46,36.81,37.13,-0.3200000000000003,-0.86,41363.15,152501.138,36.67,60071.63,35.31,58474.23,32.8,32385.83,33.98,21523.43,35.38,21760.5,32.72,30112.71,35.53,51086.93,33.82,45102.57,33.02,35110.19,33.02,33383.92,33.51,22985.64
758,000710.SZ,20191119,36.5,37.88,36.43,37.13,36.71,0.4200000000000017,1.14,55578.71,207079.078,36.2,62032.58,34.92,57888.21,32.62,32028.91,34.01,21368.98,35.42,21644.17,32.68,29716.58,35.32,51472.27,33.56,43515.21,32.84,34054.32,32.97,33114.28,33.5,22786.22
759,000710.SZ,20191118,36.55,36.88,35.78,36.71,36.5,0.21000000000000085,0.58,52128.32,189684.925,35.64,58064.49,34.44,56658.39,32.47,31492.34,34.04,21147.03,35.47,21538.14,32.64,29073.54,35.09,53795.73,33.29,41456.02,32.65,32686.78,32.91,32733.58,33.47,22381.34
760,000710.SZ,20191115,36.01,37.05,35.71,36.5,36.18,0.3200000000000003,0.88,63997.89,233502.447,35.06,55933.17,33.92,54124.92,32.37,31605.03,34.06,21043.03,35.53,21438.32,32.59,28524.2,34.84,61109.48,33.04,39932.55,32.46,31322.4,32.84,32329.03,33.44,22032.33
761,000710.SZ,20191114,34.48,37.09,34.46,36.18,34.5,1.6799999999999997,4.87,87290.08,315031.261,34.71,51694.22,33.49,50428.08,32.25,30336.08,34.08,20940.89,35.56,21230.4,32.55,27785.19,34.36,58084.18,32.75,37385.76,32.27,29601.67,32.77,31968.59,33.43,21572.89
762,000710.SZ,20191113,34.27,35.29,33.91,34.5,34.3,0.20000000000000284,0.58,51167.91,177452.506,34.39,42102.24,33.14,45094.45,32.16,28639.14,34.12,20412.96,35.61,20882.43,32.52,26748.36,33.83,53314.28,32.5,33575.35,32.09,27666.26,32.67,30686.92,33.42,20977.79
763,000710.SZ,20191112,34.03,34.59,33.58,34.3,33.84,0.45999999999999375,1.36,35738.26,122134.715,34.43,40911.96,32.88,41696.99,32.11,27670.11,34.18,20217.39,35.68,20742.13,32.51,26162.33,33.38,50116.81,32.34,31743.76,32.0,27205.18,32.6,29971.89,33.42,20647.73
764,000710.SZ,20191111,34.08,34.65,33.32,33.84,34.71,-0.8699999999999974,-2.51,41471.69,141328.714,34.54,49526.97,32.64,39599.0,32.07,27072.71,34.25,20149.64,35.74,20638.65,32.5,25797.87,33.04,48136.88,32.17,30986.67,31.97,27879.23,32.54,29541.64,33.43,20474.01
765,000710.SZ,20191108,34.85,35.28,34.42,34.71,34.6,0.10999999999999943,0.32,42803.18,148904.296,34.62,66285.78,32.46,37148.57,32.04,26826.16,34.31,19996.41,35.8,20608.23,32.5,25342.7,32.82,45785.0,32.07,29934.41,31.93,27191.96,32.48,29146.16,33.44,20245.78
766,000710.SZ,20191107,34.67,35.19,34.22,34.6,34.69,-0.0899999999999963,-0.26,39330.14,136150.217,34.02,64474.14,32.23,34963.31,32.03,26400.65,34.37,19847.45,35.85,20511.76,32.48,24992.74,32.46,42204.78,31.91,28373.88,31.87,26751.65,32.41,28631.69,33.45,20029.35
767,000710.SZ,20191106,34.83,34.83,34.19,34.69,34.85,-0.1600000000000037,-0.46,45216.52,156126.761,33.27,64526.33,32.01,33604.0,32.02,25890.18,34.43,19672.21,35.9,20509.57,32.49,24655.89,32.12,39118.2,31.76,27121.82,31.81,26048.02,32.33,28129.0,33.46,19809.97
768,000710.SZ,20191105,34.34,34.95,34.01,34.85,34.25,0.6000000000000014,1.75,78813.32,271905.633,32.33,59321.66,31.71,31130.57,32.0,25601.91,34.49,19461.91,35.94,20425.61,32.49,24216.05,31.8,35558.15,31.6,25345.34,31.75,25055.02,32.25,27643.02,33.48,19592.98
769,000710.SZ,20191104,31.85,34.88,31.85,34.25,31.71,2.539999999999999,8.01,125265.76,425004.975,31.54,46746.79,31.42,25920.46,32.0,24492.62,34.56,19038.49,35.99,20236.07,32.49,23366.48,31.49,29116.31,31.43,22132.31,31.69,23530.87,32.19,26569.11,33.48,19078.25
770,000710.SZ,20191101,30.4,31.9,30.34,31.71,30.87,0.8399999999999999,2.72,33744.97,105760.709,31.01,25284.21,31.19,17402.79,32.01,22157.54,34.63,18307.32,36.03,19694.33,32.5,21817.4,31.24,18755.64,31.26,16428.87,31.68,20299.88,32.15,24726.99,33.49,18116.16
771,000710.SZ,20191031,30.38,32.15,30.38,30.87,29.99,0.8800000000000026,2.93,39591.06,124009.434,30.91,19935.41,31.13,16391.37,32.08,22755.13,34.71,18229.93,36.06,19600.61,32.55,21554.21,31.14,16687.34,31.22,15360.41,31.77,19907.52,32.17,24284.34,33.52,17939.71
772,000710.SZ,20191030,30.65,30.86,29.81,29.99,30.89,-0.9000000000000021,-2.91,19193.17,57740.516,30.96,13710.08,31.21,14917.17,32.19,23787.41,34.79,18158.84,36.1,19463.41,32.6,21180.0,31.16,13836.42,31.22,14842.26,31.88,19768.33,32.21,23749.2,33.55,17713.78
773,000710.SZ,20191029,31.7,31.7,30.89,30.89,31.59,-0.6999999999999993,-2.22,15939.0,49494.079,31.26,11794.65,31.33,14332.51,32.33,25581.56,34.88,18100.19,36.14,19468.48,32.67,21041.45,31.29,13370.71,31.32,15749.37,32.04,20498.47,32.27,23623.54,33.59,17746.71
774,000710.SZ,20191028,31.05,31.63,31.0,31.59,31.2,0.39000000000000057,1.25,17952.83,56291.948,31.44,11485.83,31.38,14205.59,32.4,26344.52,34.97,18076.66,36.18,19490.24,32.73,21030.5,31.3,13836.46,31.44,17750.41,32.16,21496.27,32.32,23480.41,33.65,17735.14
775,000710.SZ,20191025,31.37,31.44,30.88,31.2,31.15,0.05000000000000071,0.16,7001.0,21793.728,31.47,12227.06,31.38,13569.75,32.46,27002.2,35.05,18166.91,36.22,19573.18,32.8,20920.08,31.33,14083.83,31.48,17895.44,32.25,22699.95,32.35,23363.32,33.7,17685.82
776,000710.SZ,20191024,31.4,31.68,31.0,31.15,31.47,-0.3200000000000003,-1.02,8464.41,26463.656,31.36,13439.26,31.39,14150.64,32.49,27552.68,35.16,18313.99,36.26,19626.45,32.88,21002.81,31.36,14542.98,31.57,19025.09,32.36,24956.2,32.39,23389.5,33.75,17737.01
777,000710.SZ,20191023,31.78,31.96,31.39,31.47,31.78,-0.3100000000000023,-0.98,9616.0,30334.313,31.35,13962.76,31.37,14360.84,32.52,28022.99,35.25,18359.76,36.29,19778.34,32.96,21085.16,31.41,15125.44,31.66,19512.92,32.48,27347.19,32.44,23407.23,33.81,17788.24
778,000710.SZ,20191022,31.6,31.8,31.37,31.78,31.74,0.0400000000000027,0.13,14394.91,45496.664,31.33,14946.76,31.33,14573.13,32.56,28360.96,35.35,18421.73,36.32,19959.61,33.05,21231.19,31.41,15132.54,31.73,19803.45,32.54,28422.65,32.47,23367.22,33.87,17835.08
779,000710.SZ,20191021,30.7,31.88,30.65,31.74,30.68,1.0599999999999987,3.46,21659.0,67750.393,31.15,16187.09,31.26,15714.14,32.61,28841.71,35.44,18494.53,36.35,20048.94,33.13,21493.77,31.37,15148.31,31.78,20738.16,32.6,29286.62,32.49,23267.37,33.94,17834.48
780,000710.SZ,20191018,31.23,31.32,30.5,30.68,31.1,-0.4200000000000017,-1.35,13062.0,40450.311,31.19,15940.59,31.27,16920.02,32.64,28790.74,35.54,18547.09,36.37,20224.53,33.18,21369.3,31.29,14102.1,31.9,21072.01,32.62,29421.89,32.53,23028.62,34.01,17785.93
781,000710.SZ,20191017,31.36,31.5,30.91,31.1,31.34,-0.23999999999999844,-0.77,11081.9,34431.611,31.35,15646.69,31.47,20219.85,32.71,29503.73,35.65,18678.09,36.38,20315.82,33.25,21369.4,31.31,14033.48,32.09,21517.61,32.66,29801.65,32.58,23086.85,34.09,17821.59
782,000710.SZ,20191016,30.9,31.75,30.89,31.34,30.9,0.4400000000000013,1.42,14536.0,45591.929,31.46,16288.11,31.58,20971.5,32.78,29706.91,35.74,18789.3,36.38,20347.59,33.31,21465.75,31.28,15848.09,32.24,22734.28,32.72,30135.83,32.64,23136.59,34.18,17888.59
783,000710.SZ,20191015,31.8,31.8,30.86,30.9,31.93,-1.0300000000000011,-3.23,20596.55,64324.243,31.49,15318.31,31.7,22129.82,32.83,29901.0,35.83,18839.07,36.38,20337.09,33.35,21395.54,31.34,18128.03,32.41,24062.35,32.79,30675.97,32.7,23098.14,34.25,17964.28
784,000710.SZ,20191014,31.79,32.32,31.72,31.93,31.5,0.4299999999999997,1.37,20426.5,65433.846,31.59,14109.52,31.86,21947.08,32.92,30035.95,35.92,18957.57,36.38,20254.01,33.41,21237.75,31.58,21664.35,32.6,25326.18,32.85,30653.63,32.77,23006.46,34.33,18102.23
785,000710.SZ,20191011,31.7,31.7,31.21,31.5,31.62,-0.120000000000001,-0.38,11592.5,36485.681,31.39,12263.6,31.93,21562.47,32.97,30398.02,36.02,19060.57,36.38,20194.34,33.46,21139.59,31.63,21707.05,32.71,27008.01,32.89,31216.19,32.82,22817.43,34.4,18342.77
786,000710.SZ,20191010,31.48,31.68,31.33,31.62,31.5,0.120000000000001,0.38,14289.01,45042.347,31.27,12420.27,32.04,23216.05,33.0,30876.33,36.1,19180.48,36.38,20204.78,33.5,21155.71,31.78,23507.21,32.85,30162.81,32.96,31429.44,32.88,22857.65,34.48,18340.07
787,000710.SZ,20191009,31.21,31.54,31.08,31.5,31.4,0.10000000000000142,0.32,9687.0,30368.258,31.1,15408.07,32.23,24296.59,33.02,31702.29,36.19,19279.05,36.38,20173.86,33.54,21092.22,31.91,23900.41,33.02,33458.07,33.01,31657.64,32.94,22811.58,34.57,18412.71
788,000710.SZ,20191008,31.1,31.86,31.06,31.4,30.91,0.48999999999999844,1.59,14552.6,45882.062,31.18,20937.75,32.45,25241.75,32.99,31722.96,36.28,19402.45,36.38,20157.94,33.57,21057.15,32.04,24474.37,33.1,35067.7,33.09,32174.24,33.0,22796.84,34.68,18548.49
789,000710.SZ,20190930,31.1,31.32,30.8,30.91,30.91,0.0,0.0,11196.9,34720.567,31.56,29219.19,32.67,26846.57,32.96,31538.07,36.38,19428.14,36.37,20117.93,33.6,21003.5,32.2,26328.01,33.21,36355.78,33.16,32780.38,33.07,22806.26,34.78,18588.95
790,000710.SZ,20190927,30.86,31.15,30.74,30.91,30.79,0.120000000000001,0.39,12375.83,38302.2,31.88,31150.49,32.96,29146.61,32.95,31500.6,36.47,19602.67,36.38,20129.28,33.64,20951.38,32.52,28041.92,33.28,37081.78,33.22,33335.66,33.17,22780.83,34.88,18673.59
791,000710.SZ,20190926,31.86,31.98,30.58,30.79,31.9,-1.1099999999999994,-3.48,29228.0,90682.446,32.3,34594.15,33.25,31723.33,32.93,31658.46,36.56,19700.75,36.38,20107.76,33.68,20898.15,32.86,29001.74,33.34,37685.74,33.27,34335.52,33.27,22794.66,34.98,18687.91
792,000710.SZ,20190925,32.78,32.78,31.9,31.9,33.29,-1.3900000000000006,-4.18,37335.44,119894.407,32.71,32392.75,33.5,33633.71,32.93,31149.83,36.65,19768.33,36.38,19991.99,33.73,20601.56,33.2,29620.47,33.45,37279.69,33.26,33707.58,33.38,22551.53,35.09,18568.8
793,000710.SZ,20190924,33.1,34.35,32.89,33.29,32.52,0.769999999999996,2.37,55959.76,188181.461,32.91,28010.98,33.7,36507.04,32.86,30321.4,36.71,19724.53,36.37,19906.51,33.76,20243.84,33.48,29996.67,33.52,36949.94,33.2,32738.6,33.47,22272.09,35.2,18406.34
794,000710.SZ,20190923,32.96,32.96,32.37,32.52,32.99,-0.46999999999999886,-1.42,20853.44,67890.966,32.83,23436.82,33.83,38371.21,32.76,29147.81,36.78,19660.79,36.35,19632.07,33.76,19581.17,33.63,28988.01,33.49,35148.27,33.12,31204.05,33.55,21907.56,35.29,18106.48
795,000710.SZ,20190920,32.84,33.29,32.37,32.99,32.87,0.12000000000000455,0.37,29594.1,97115.226,33.16,24933.34,33.87,39988.62,32.71,28957.39,36.83,19750.09,36.33,19570.99,33.77,19438.89,33.78,32308.96,33.52,35970.76,33.04,31100.36,33.61,21765.41,35.38,18121.05
796,000710.SZ,20190919,32.86,32.99,32.1,32.87,32.86,0.00999999999999801,0.03,18221.0,59639.432,33.42,23409.34,33.92,40813.24,32.68,28520.45,36.86,19668.92,36.31,19431.13,33.78,19120.82,33.93,36818.42,33.55,35390.56,32.96,30511.72,33.65,21489.99,35.46,18119.04
797,000710.SZ,20190918,32.98,33.18,32.83,32.86,32.93,-0.07000000000000028,-0.21,15426.58,50899.483,33.69,26848.18,33.88,41389.86,32.69,28195.89,36.89,19656.3,36.29,19375.24,33.8,18990.9,34.14,43015.72,33.57,35536.26,32.85,30209.98,33.69,21491.44,35.55,18056.76
798,000710.SZ,20190917,34.22,34.22,32.75,32.93,34.14,-1.2100000000000009,-3.54,33089.0,110333.893,34.06,31982.36,33.81,42084.35,32.7,27962.25,36.92,19688.41,36.27,19336.49,33.83,18877.76,34.17,45661.04,33.62,36024.18,32.75,30231.02,33.72,21388.84,35.63,18032.8
799,000710.SZ,20190916,34.45,34.82,33.99,34.14,34.3,-0.1599999999999966,-0.47,28336.0,97262.458,34.42,34539.19,33.81,41162.66,32.72,27331.8,36.96,19594.85,36.26,19180.4,33.86,18537.17,34.23,46383.55,33.65,36006.57,32.68,29607.35,33.76,20983.39,35.72,18014.96
800,000710.SZ,20190912,34.27,34.53,33.88,34.3,34.24,0.05999999999999517,0.18,21974.11,75100.174,34.4,39684.59,33.75,41347.61,32.71,26714.59,36.98,19620.08,36.23,19087.85,33.87,18247.93,34.05,46121.65,33.57,35982.53,32.61,29154.09,33.78,20728.87,35.82,18013.67
801,000710.SZ,20190911,34.88,35.3,34.22,34.24,34.7,-0.46000000000000085,-1.33,35415.23,122435.817,34.43,50227.5,33.63,41190.08,32.68,26389.69,37.0,19578.63,36.21,19013.87,33.89,18081.9,33.82,46369.74,33.48,37002.4,32.57,28661.15,33.8,20575.99,35.91,17956.01
802,000710.SZ,20190910,34.7,35.0,34.25,34.7,34.7,0.0,0.0,41097.45,142439.344,34.58,59183.26,33.54,41335.33,32.67,25600.18,37.03,19569.72,36.18,18894.51,33.91,17756.35,33.69,44938.92,33.29,35751.14,32.54,27730.07,33.8,20144.52,36.0,17815.38
803,000710.SZ,20190909,34.2,34.75,34.0,34.7,34.06,0.6400000000000006,1.88,45873.17,157605.628,34.27,59339.72,33.45,39557.83,32.64,24671.67,37.04,19563.85,36.15,18729.8,33.91,17440.83,33.55,43903.22,33.06,34109.57,32.51,26748.61,33.78,19577.18,36.09,17680.23
804,000710.SZ,20190906,34.58,34.65,34.01,34.06,34.45,-0.39000000000000057,-1.13,54063.0,185080.269,34.04,58227.92,33.34,37654.9,32.61,23534.69,37.05,19450.08,36.14,18529.16,33.9,16922.41,33.36,41308.52,32.86,32312.06,32.47,25464.54,33.76,18988.11,36.19,17541.51
805,000710.SZ,20190905,34.86,35.19,34.38,34.45,34.99,-0.5399999999999991,-1.54,74688.65,259881.434,33.69,52558.72,33.33,35433.52,32.58,22191.77,37.06,19431.13,36.12,18249.74,33.9,16338.21,33.26,39632.56,32.68,30496.07,32.45,24026.69,33.76,18208.52,36.28,17357.04
806,000710.SZ,20190904,33.2,35.3,33.08,34.99,33.14,1.8500000000000014,5.58,80194.05,274355.738,33.21,42511.99,33.26,32206.45,32.56,20210.76,37.05,19110.3,36.11,17840.71,33.9,15460.56,33.17,33962.7,32.48,27358.37,32.43,21822.8,33.76,17103.44,36.36,16960.42
807,000710.SZ,20190903,33.64,33.77,32.92,33.14,33.54,-0.3999999999999986,-1.19,41879.72,138918.208,32.79,30694.58,33.07,28180.38,32.52,18339.04,37.01,18667.64,36.09,17415.77,33.91,14603.01,33.0,28056.8,32.21,23807.11,32.39,19467.27,33.75,15883.26,36.44,16473.0
808,000710.SZ,20190902,32.24,33.74,32.06,33.54,32.33,1.2100000000000009,3.74,40314.16,133937.713,32.84,28466.72,33.02,28218.21,32.58,17521.0,37.0,18465.44,36.08,17208.35,33.93,14198.76,33.07,26387.33,32.05,22516.01,32.4,18311.8,33.77,15360.38,36.54,16437.84
809,000710.SZ,20190830,32.22,32.95,32.19,32.33,32.06,0.269999999999996,0.84,25717.0,83896.89,32.68,24389.13,32.78,25916.35,32.62,16694.96,36.99,18231.01,36.07,16998.69,33.94,13859.8,33.07,25629.59,31.91,21219.25,32.39,17248.12,33.76,14792.8,36.64,16395.72
810,000710.SZ,20190829,33.13,33.13,31.91,32.06,32.89,-0.8299999999999983,-2.52,24455.0,78732.509,32.83,26706.41,32.61,24573.98,32.69,16382.58,36.98,18124.24,36.07,16876.82,33.99,13704.69,33.09,25843.41,31.89,20670.31,32.44,16635.36,33.77,14533.9,36.72,16421.9
811,000710.SZ,20190828,33.48,33.48,32.55,32.89,33.38,-0.490000000000002,-1.47,21107.03,69360.906,33.12,25413.41,32.52,23456.13,32.78,15930.5,36.98,18047.17,36.07,16776.32,34.04,13603.05,33.13,27635.06,31.94,19806.86,32.49,16372.05,33.81,14221.95,36.83,16455.47
812,000710.SZ,20190827,32.92,33.83,32.92,33.38,32.74,0.6400000000000006,1.95,30740.4,102626.038,33.2,25419.02,32.32,23197.36,32.85,15721.65,36.97,17963.52,36.07,16688.94,34.07,13495.01,32.89,26563.36,31.96,19125.65,32.56,16137.36,33.83,14011.46,36.93,16508.38
813,000710.SZ,20190826,32.43,33.4,32.39,32.74,33.08,-0.3399999999999963,-1.03,19926.22,65433.897,33.29,24307.94,32.09,21750.77,32.89,15156.48,36.95,17798.64,36.06,16560.25,34.12,13340.85,32.56,24315.93,31.98,18171.31,32.62,15520.31,33.86,13614.8,37.03,16404.3
814,000710.SZ,20190823,32.58,33.38,32.51,33.08,33.5,-0.4200000000000017,-1.25,37303.38,123133.937,33.45,26870.05,31.86,20923.28,32.97,14829.3,36.94,17714.37,36.07,16512.34,34.16,13302.43,32.37,23315.61,32.03,17542.55,32.68,15359.3,33.9,13408.44,37.13,16541.0
815,000710.SZ,20190822,33.48,33.75,33.0,33.5,33.31,0.18999999999999773,0.57,17990.0,60124.544,33.35,24980.4,31.61,19288.99,33.04,14176.79,36.93,17546.39,36.07,16338.77,34.19,12935.92,32.09,21359.57,32.04,16223.75,32.75,14418.67,33.93,12897.44,37.21,16450.97
816,000710.SZ,20190821,33.56,34.02,33.08,33.31,33.83,-0.519999999999996,-1.54,21135.1,70755.964,33.14,29856.71,31.41,19011.23,33.14,13932.13,36.91,17482.15,36.08,16285.81,34.21,12863.67,31.79,20754.04,32.06,15752.85,32.81,14285.87,33.97,12756.3,37.29,16625.72
817,000710.SZ,20190820,33.5,34.19,33.35,33.83,33.55,0.28000000000000114,0.83,25185.0,85076.39,32.57,27707.69,31.3,18519.15,33.25,13698.9,36.89,17402.48,36.09,16194.92,34.23,12748.26,31.42,19557.41,32.09,15172.5,32.86,13965.53,34.0,12587.37,37.36,16708.16
818,000710.SZ,20190819,32.57,33.9,32.47,33.55,32.54,1.009999999999998,3.1,32736.75,109248.34,31.83,24323.91,31.24,17134.62,33.35,13388.76,36.87,17386.54,36.09,16081.95,34.23,12721.06,31.03,18644.68,32.07,14274.04,32.91,13419.43,34.03,12458.17,37.44,16888.13
819,000710.SZ,20190816,32.52,32.92,31.93,32.54,32.48,0.060000000000002274,0.18,27855.17,90397.661,31.29,19761.16,31.22,15192.01,33.47,13030.89,36.85,17225.72,36.1,15950.8,34.29,12478.57,30.76,16808.92,32.05,13057.39,32.97,12832.13,34.03,12029.09,37.49,16896.26
820,000710.SZ,20190815,29.71,33.19,29.71,32.48,30.44,2.0399999999999956,6.7,42371.55,136042.531,30.83,17738.74,31.32,13945.74,33.64,13214.21,36.82,17105.42,36.12,15871.11,34.36,12267.62,30.69,15497.21,32.11,12031.34,33.12,12226.01,34.05,11735.63,37.53,16813.34
821,000710.SZ,20190814,30.4,30.96,30.3,30.44,30.15,0.2900000000000027,0.96,10390.0,31763.486,30.43,11651.37,31.41,11251.85,33.73,12330.46,36.8,16852.55,36.14,15666.55,34.43,11877.92,30.76,11978.65,32.17,10740.55,33.27,11253.81,34.09,11177.19,37.57,16596.95
822,000710.SZ,20190813,30.68,30.71,30.07,30.15,30.82,-0.6700000000000017,-2.17,8266.1,25043.961,30.28,11407.13,31.63,11293.19,33.87,12409.25,36.8,16841.34,36.17,15660.48,34.53,11934.22,31.04,11687.94,32.4,10924.36,33.49,11395.48,34.17,11268.65,37.63,16677.45
823,000710.SZ,20190812,30.62,30.95,30.02,30.82,30.28,0.5399999999999991,1.78,9923.0,30358.394,30.24,12965.45,31.91,11316.72,34.04,12704.6,36.8,16845.58,36.21,15689.67,34.65,12027.17,31.41,12026.7,32.64,11122.51,33.75,11805.58,34.25,11323.57,37.69,16772.03
824,000710.SZ,20190809,30.5,31.42,30.2,30.28,30.47,-0.18999999999999773,-0.62,17743.03,54652.027,30.23,13856.67,32.15,11286.34,34.15,12685.41,36.79,16823.26,36.24,15709.62,34.76,12085.83,31.69,11769.5,32.84,11381.14,33.99,12611.08,34.31,11406.39,37.75,16955.76
825,000710.SZ,20190808,29.7,30.56,29.7,30.47,29.67,0.7999999999999972,2.7,11934.7,36273.864,30.55,13255.68,32.39,10476.55,34.29,12421.28,36.79,16788.21,36.26,15694.35,34.89,12060.37,31.99,11087.94,33.08,10948.21,34.17,12430.45,34.4,11345.4,37.81,16941.27
826,000710.SZ,20190807,30.1,30.21,29.5,29.67,29.94,-0.2699999999999996,-0.9,9168.8,27358.833,31.09,12305.94,32.6,10204.94,34.44,12454.5,36.79,16771.1,36.29,15696.04,35.04,12132.45,32.33,10751.67,33.32,11051.78,34.33,12468.26,34.49,11427.02,37.87,17126.25
827,000710.SZ,20190806,30.1,30.5,29.24,29.94,30.8,-0.8599999999999994,-2.79,16057.73,48011.286,31.81,11968.75,32.92,10063.82,34.6,12561.34,36.78,16813.29,36.31,15743.44,35.19,12265.15,32.75,10787.59,33.57,11169.58,34.54,12772.9,34.59,11490.95,37.93,17385.27
828,000710.SZ,20190805,31.82,32.25,30.72,30.8,31.89,-1.0899999999999999,-3.42,14379.1,45218.84,32.58,11087.94,33.2,10102.13,34.73,12369.27,36.79,16793.87,36.35,15725.74,35.33,12365.97,33.1,9903.39,33.85,10806.8,34.69,12546.66,34.7,11542.95,37.98,17497.22
829,000710.SZ,20190802,32.3,32.38,31.65,31.89,33.13,-1.240000000000002,-3.74,14738.08,47093.443,33.15,9682.32,33.52,10078.06,34.82,12153.92,36.8,16777.1,36.37,15724.55,35.45,12669.6,33.34,9305.86,34.08,10843.74,34.84,12359.43,34.78,11587.38,38.01,17805.17
830,000710.SZ,20190801,33.2,33.5,32.92,33.13,33.28,-0.14999999999999858,-0.45,7186.0,23809.037,33.43,8920.19,33.77,9885.05,34.87,12030.12,36.79,16722.26,36.39,15686.79,35.56,13130.3,33.53,8565.47,34.33,10590.41,34.96,12303.64,34.84,11505.33,38.03,17919.77
831,000710.SZ,20190731,33.8,33.8,33.27,33.28,33.79,-0.509999999999998,-1.51,7482.84,24983.767,33.57,9197.39,33.89,10493.5,34.89,12033.1,36.78,16710.99,36.41,15700.6,35.68,13184.73,33.58,9502.45,34.53,10891.38,35.02,12490.82,34.87,11595.09,38.0,17996.98
832,000710.SZ,20190730,33.66,34.0,33.51,33.79,33.68,0.10999999999999943,0.33,11653.67,39393.274,33.69,9606.42,34.03,10616.69,34.92,12059.61,36.77,16717.22,36.42,15719.3,35.8,13391.7,33.75,10160.78,34.72,11249.26,35.06,12558.97,34.89,11678.36,37.99,18040.97
833,000710.SZ,20190729,33.26,33.68,33.13,33.68,33.26,0.4200000000000017,1.26,7351.0,24606.771,33.61,8718.84,34.14,10797.64,34.94,11922.24,36.76,16683.7,36.44,15713.63,35.94,13582.74,33.88,10218.32,34.92,11695.02,35.06,12405.76,34.9,11869.88,37.96,17998.49
834,000710.SZ,20190726,33.93,33.93,33.16,33.26,33.82,-0.5600000000000023,-1.66,10927.44,36476.871,33.53,8929.39,34.23,11118.71,34.95,12015.06,36.75,16666.54,36.46,15773.53,36.07,13743.49,33.98,10992.79,35.14,13031.87,35.05,12511.69,34.98,11989.86,37.95,18023.42
835,000710.SZ,20190725,34.1,34.1,33.64,33.82,33.89,-0.07000000000000028,-0.21,8572.0,28972.66,33.64,8210.75,34.4,10955.22,34.95,11877.76,36.74,16626.22,36.49,15812.09,36.19,13882.5,34.17,10808.49,35.26,13101.7,35.07,12390.35,35.05,12008.31,37.94,18043.67
836,000710.SZ,20190724,33.39,34.12,33.39,33.89,33.42,0.46999999999999886,1.41,9528.01,32286.38,33.59,9807.5,34.52,11458.76,34.92,11925.14,36.73,16618.57,36.5,15849.51,36.32,13956.13,34.31,11351.89,35.34,13326.55,35.09,12384.08,35.11,12084.51,37.92,18047.75
837,000710.SZ,20190723,33.2,33.53,32.98,33.42,33.27,0.14999999999999858,0.45,7215.77,23987.018,33.82,10715.14,34.75,11469.78,34.93,11813.68,36.72,16596.43,36.52,15892.64,36.46,14028.22,34.4,11551.58,35.43,13765.55,35.11,12299.26,35.18,12169.25,37.89,18026.66
838,000710.SZ,20190722,33.88,34.18,33.13,33.27,33.8,-0.529999999999994,-1.57,8403.75,28111.862,34.14,11717.79,35.04,11930.53,34.95,11850.79,36.72,16608.76,36.53,15938.51,36.61,14169.88,34.6,11710.21,35.48,13868.29,35.14,12408.96,35.28,12302.94,37.87,18031.46
839,000710.SZ,20190719,33.57,34.06,33.57,33.8,33.56,0.23999999999999488,0.72,7334.21,24833.499,34.43,13056.19,35.33,12410.27,35.01,11807.76,36.71,16632.55,36.55,15942.62,36.76,14324.19,34.82,12381.63,35.58,13886.22,35.13,12337.47,35.38,12401.59,37.86,18070.72
840,000710.SZ,20190718,34.69,34.69,33.52,33.56,35.03,-1.4699999999999989,-4.2,16555.77,55943.586,34.7,13406.23,35.63,13428.32,35.05,11813.96,36.72,16636.97,36.55,15974.34,36.89,14527.75,35.12,12615.35,35.67,14172.73,35.1,12432.43,35.48,12543.24,37.83,18082.42
841,000710.SZ,20190717,34.95,35.18,34.46,35.03,35.04,-0.00999999999999801,-0.03,14066.21,49123.368,35.03,12896.28,35.98,14776.96,35.1,11522.4,36.72,16584.78,36.56,15970.27,37.0,14698.39,35.49,12280.32,35.75,13985.01,35.12,12071.85,35.61,12556.32,37.81,18024.98
842,000710.SZ,20190716,34.94,35.48,34.74,35.04,34.73,0.3100000000000023,0.89,12229.0,42975.654,34.98,12388.02,36.03,14642.95,35.11,11388.75,36.72,16527.19,36.57,16011.21,37.11,14654.14,35.69,12337.73,35.71,13758.07,35.09,11885.56,35.71,12640.58,37.77,18098.5
843,000710.SZ,20190715,35.25,35.29,34.0,34.73,35.12,-0.39000000000000057,-1.11,15095.77,52268.073,35.06,11702.63,36.06,14707.56,35.12,11352.57,36.72,16484.58,36.57,16039.19,37.22,14658.44,35.96,13171.72,35.65,13499.48,35.09,11709.28,35.8,12830.42,37.73,18076.43
844,000710.SZ,20190712,35.01,35.57,34.85,35.12,35.21,-0.09000000000000341,-0.26,9084.41,31951.461,35.21,11707.07,36.13,14954.66,35.14,11421.31,36.72,16453.17,36.58,16094.88,37.34,14869.8,36.3,15070.95,35.59,13271.13,35.11,11457.59,35.89,13198.01,37.68,18038.39
845,000710.SZ,20190711,35.03,35.94,34.99,35.21,34.81,0.3999999999999986,1.15,14006.0,49646.395,35.55,11824.46,36.09,14968.98,35.1,11359.77,36.72,16490.0,36.57,16186.43,37.49,15124.43,36.35,15394.91,35.53,13181.28,35.12,11376.21,35.97,13868.11,37.64,18012.34
846,000710.SZ,20190710,35.52,35.91,34.62,34.81,35.44,-0.6299999999999955,-1.78,11524.9,40502.741,35.94,11664.36,36.09,14565.62,35.06,11249.24,36.73,16446.9,36.56,16264.95,37.62,15138.41,36.37,15301.21,35.49,12900.18,35.13,11226.74,36.09,13822.48,37.59,17968.75
847,000710.SZ,20190709,35.4,35.77,35.1,35.44,35.47,-0.030000000000001137,-0.08,8802.07,31134.207,36.4,12287.44,36.15,14684.04,35.06,11171.0,36.74,16431.91,36.55,16288.98,37.75,15231.94,36.46,15979.53,35.46,12673.09,35.15,11209.21,36.21,14013.83,37.55,17946.68
848,000710.SZ,20190708,36.76,36.82,35.09,35.47,36.83,-1.3599999999999994,-3.69,15117.96,53995.33,36.85,14640.82,36.12,14991.68,35.06,11379.11,36.75,16462.44,36.53,16297.02,37.88,15446.3,36.37,16026.38,35.4,12758.34,35.14,11496.91,36.36,14300.15,37.51,17929.25
849,000710.SZ,20190705,37.3,37.55,36.61,36.83,37.17,-0.3400000000000034,-0.91,9671.38,35708.37,37.38,18434.84,36.03,14561.63,35.03,11274.5,36.75,16449.77,36.51,16280.61,38.03,15634.42,36.34,15390.82,35.29,12315.39,35.09,11226.04,36.49,14371.65,37.46,17909.06
850,000710.SZ,20190704,36.95,38.8,36.83,37.17,37.08,0.09000000000000341,0.24,13205.51,49188.848,37.15,18965.36,35.8,14360.54,34.97,11428.05,36.73,16487.91,36.48,16341.19,38.15,15931.15,36.22,15730.11,35.09,12340.97,34.99,11245.26,36.58,14566.34,37.4,17907.39
851,000710.SZ,20190703,37.71,37.71,36.81,37.08,37.69,-0.6099999999999994,-1.62,14640.3,54237.285,36.8,18938.06,35.52,14154.65,34.92,11453.87,36.71,16481.06,36.46,16445.15,38.24,16116.35,36.01,15689.7,34.94,11967.62,34.91,11100.57,36.69,14581.16,37.34,17924.38
852,000710.SZ,20190702,37.45,38.11,37.41,37.69,38.15,-0.46000000000000085,-1.21,20568.93,77543.623,36.52,19671.61,35.27,13589.03,34.88,11518.33,36.69,16498.7,36.43,16515.4,38.33,16210.52,35.74,15178.4,34.8,11659.48,34.85,11141.82,36.81,14586.06,37.28,17912.88
853,000710.SZ,20190701,36.2,38.8,36.01,38.15,35.66,2.490000000000002,6.98,34088.06,126633.282,35.88,17411.94,35.02,12651.74,34.83,11295.85,36.67,16446.6,36.41,16586.93,38.43,16438.41,35.35,13827.23,34.66,10978.06,34.75,10841.56,36.92,14540.58,37.23,17841.18
854,000710.SZ,20190628,35.1,35.81,34.9,35.66,35.4,0.259999999999998,0.73,12324.0,43580.894,35.3,12346.8,34.72,10566.74,34.78,10857.32,36.65,16308.33,36.37,16500.73,38.53,16454.03,34.88,11471.31,34.52,9650.91,34.63,10201.69,37.03,14305.4,37.18,17614.12
855,000710.SZ,20190627,35.99,36.0,35.24,35.4,35.7,-0.30000000000000426,-0.84,13069.0,46449.016,35.28,12494.86,34.62,10426.97,34.79,10996.18,36.65,16280.78,36.35,16481.15,38.62,16674.49,34.7,10967.65,34.5,9366.86,34.63,10260.35,37.16,14476.69,37.15,17557.78
856,000710.SZ,20190626,34.5,35.96,34.19,35.7,34.5,1.2000000000000028,3.48,18308.04,64972.15,35.22,12441.34,34.44,9903.13,34.78,10900.47,36.66,16256.13,36.34,16454.8,38.74,16880.01,34.61,10499.15,34.5,9189.51,34.64,10385.78,37.26,14748.09,37.12,17518.71
857,000710.SZ,20190625,35.18,35.22,34.0,34.5,35.26,-0.759999999999998,-2.16,9270.59,31906.287,34.95,10685.2,34.22,9278.13,34.76,10731.74,36.65,16202.9,36.32,16419.08,38.88,17001.99,34.46,9366.66,34.49,8824.05,34.64,10209.0,37.4,14622.09,37.09,17423.02
858,000710.SZ,20190624,35.6,35.63,34.95,35.26,35.54,-0.28000000000000114,-0.79,8762.37,30829.286,34.82,10242.52,34.2,9006.42,34.77,10826.11,36.67,16212.8,36.32,16430.53,39.02,17121.74,34.44,9490.3,34.53,9232.17,34.71,10539.24,37.54,14676.77,37.07,17386.43
859,000710.SZ,20190621,35.0,35.6,35.0,35.54,35.1,0.4399999999999977,1.25,13064.29,46244.699,34.45,10595.82,34.12,8984.51,34.74,11249.12,36.69,16273.3,36.31,16436.4,39.14,17489.31,34.23,9239.97,34.46,9143.65,34.73,10815.33,37.68,15046.53,37.04,17356.1
860,000710.SZ,20190620,34.36,35.17,33.88,35.1,34.35,0.75,2.18,12801.39,44507.907,34.13,9440.43,34.08,8513.46,34.82,11292.82,36.7,16303.72,36.3,16462.58,39.24,17668.44,33.96,8951.84,34.37,9002.83,34.72,10707.03,37.86,15298.48,37.01,17309.48
861,000710.SZ,20190619,34.42,34.85,34.3,34.35,33.84,0.509999999999998,1.51,9527.34,32858.886,34.0,8556.97,34.1,8109.12,34.89,11270.27,36.71,16318.26,36.31,16429.98,39.35,18017.22,33.88,8245.54,34.36,8806.0,34.72,10699.35,38.02,15336.03,36.99,17255.63
862,000710.SZ,20190618,33.9,34.2,33.46,33.84,33.43,0.4100000000000037,1.23,7057.22,23885.971,33.97,8048.13,34.17,7887.25,34.98,11376.64,36.72,16368.88,36.32,16444.19,39.45,18303.89,33.86,8140.56,34.41,9123.54,34.73,10797.75,38.2,15486.24,36.98,17251.17
863,000710.SZ,20190617,33.92,34.27,32.85,33.43,33.92,-0.490000000000002,-1.44,10528.87,35218.912,34.07,8738.09,34.29,8076.84,35.11,11598.84,36.74,16423.82,36.34,16444.56,39.56,18833.55,33.98,8128.9,34.45,9348.72,34.74,11334.0,38.39,15783.27,36.97,17290.94
864,000710.SZ,20190614,34.72,34.72,33.82,33.92,34.44,-0.519999999999996,-1.51,7287.35,24863.57,34.01,7884.11,34.44,8113.0,35.28,11737.32,36.75,16413.89,36.37,16432.36,39.66,19142.66,34.17,7830.51,34.51,9566.88,34.9,11468.04,38.61,16094.91,36.98,17269.62
865,000710.SZ,20190613,34.05,34.6,33.86,34.44,34.2,0.23999999999999488,0.7,8384.08,28718.663,33.79,8463.24,34.55,8893.43,35.44,11944.25,36.76,16451.43,36.4,16452.3,39.7,19284.23,34.3,7766.08,34.59,9906.7,35.03,11626.28,38.81,16505.55,36.98,17284.22
866,000710.SZ,20190612,34.34,34.82,33.98,34.2,34.34,-0.14000000000000057,-0.41,6983.13,23976.475,33.76,7934.1,34.51,8786.35,35.6,12163.34,36.77,16503.41,36.43,16464.57,39.74,19391.17,34.4,7879.86,34.65,10329.09,35.12,11784.94,38.96,16817.4,36.98,17262.48
867,000710.SZ,20190611,33.28,34.45,32.8,34.34,33.13,1.2100000000000009,3.65,10507.0,35517.203,33.75,8232.98,34.47,9037.48,35.81,12467.98,36.78,16600.64,36.47,16471.04,39.78,19565.4,34.52,8281.44,34.73,10630.16,35.26,12039.24,39.13,17062.74,36.99,17255.05
868,000710.SZ,20190610,33.0,33.38,32.85,33.13,32.86,0.2700000000000031,0.82,6259.0,20720.287,33.89,7519.71,34.51,8911.16,36.0,12721.35,36.79,16645.44,36.5,16474.4,39.82,19686.85,34.62,8974.04,34.84,11063.71,35.42,12196.92,39.31,17515.3,37.0,17255.61
869,000710.SZ,20190606,33.99,34.29,32.86,32.86,34.25,-1.3900000000000006,-4.06,10183.0,33928.032,34.33,7776.91,34.68,9651.08,36.23,13231.94,36.8,16772.16,36.54,16469.01,39.89,20029.66,34.69,9047.34,34.98,11603.02,35.63,12465.71,39.52,17998.64,37.01,17323.34
870,000710.SZ,20190605,34.5,34.86,34.03,34.25,34.15,0.10000000000000142,0.29,5738.39,19761.643,34.8,7068.91,34.82,9757.08,36.43,14025.12,36.81,16871.97,36.58,16458.22,39.95,20107.28,34.78,9053.83,35.1,11584.62,35.87,12654.05,39.68,18309.9,37.04,17303.49
871,000710.SZ,20190604,35.0,35.0,34.0,34.15,35.07,-0.9200000000000017,-2.62,8477.51,29210.961,35.05,7825.61,34.85,10461.21,36.6,15306.07,36.81,17021.54,36.61,16464.73,39.99,20485.87,34.84,9366.47,35.14,11926.25,36.1,13040.79,39.85,18688.98,37.06,17333.71
872,000710.SZ,20190603,35.55,35.79,34.71,35.07,35.3,-0.22999999999999687,-0.65,6940.65,24359.352,35.3,8329.9,34.95,10892.45,36.84,15388.15,36.8,17070.91,36.64,16494.58,40.03,20909.52,34.96,10106.52,35.17,12126.35,36.32,13395.6,40.04,19005.3,37.07,17373.06
873,000710.SZ,20190531,35.0,36.08,35.0,35.3,35.22,0.0799999999999983,0.23,7545.01,26799.514,35.34,10428.37,35.01,11653.32,37.05,15860.66,36.77,17093.28,36.67,16492.29,40.03,21210.2,34.91,10568.54,35.13,12936.55,36.51,13951.55,40.21,19193.81,37.08,17426.0
874,000710.SZ,20190530,35.53,35.65,34.87,35.22,35.49,-0.2700000000000031,-0.76,6643.0,23339.758,35.05,10317.76,35.04,12073.28,37.32,16402.9,36.75,17126.6,36.71,16515.98,40.04,21794.05,34.86,11303.25,35.27,13286.8,36.67,14938.42,40.36,19673.56,37.07,17489.48
875,000710.SZ,20190529,35.4,35.99,35.25,35.49,35.4,0.09000000000000341,0.25,9521.9,34052.957,34.77,11038.75,35.15,13037.51,37.55,16778.33,36.73,17218.73,36.75,16518.68,40.01,22085.33,34.88,12047.31,35.39,13556.38,36.82,16360.01,40.49,20004.5,37.07,17535.96
876,000710.SZ,20190528,35.18,36.12,35.17,35.4,35.31,0.0899999999999963,0.25,10998.95,39228.173,34.63,10907.32,35.18,13616.22,37.76,17126.31,36.71,17366.32,36.78,16504.96,39.94,22177.73,34.91,12778.32,35.49,13737.48,37.05,16418.21,40.62,20495.14,37.05,17599.77
877,000710.SZ,20190527,33.77,35.6,33.77,35.31,33.85,1.4600000000000009,4.31,17432.99,60756.398,34.63,11883.13,35.16,13525.15,38.0,17217.35,36.69,17474.06,36.82,16485.54,39.89,22201.24,34.94,12978.88,35.63,13918.14,37.28,16818.46,40.72,20828.95,37.05,17617.0
878,000710.SZ,20190524,33.49,34.17,33.43,33.85,33.8,0.05000000000000426,0.15,6991.98,23681.013,34.48,10708.72,35.14,13151.16,38.26,17143.87,36.69,17579.78,36.87,16431.92,39.83,22056.21,35.07,13153.39,35.83,13808.35,37.58,17103.39,40.85,21318.09,37.05,17589.87
879,000710.SZ,20190523,34.56,34.73,33.72,33.8,34.81,-1.0100000000000051,-2.9,10247.91,34800.918,34.66,12288.74,35.21,13573.27,38.57,17462.93,36.68,17666.78,36.93,16452.34,39.81,22100.88,35.28,14158.7,36.1,14174.89,37.89,17517.25,40.96,21763.42,37.07,17601.24
880,000710.SZ,20190522,35.38,35.8,34.51,34.81,35.37,-0.5599999999999952,-1.58,8864.77,30853.256,34.99,13055.88,35.24,14565.32,38.89,17749.08,36.67,17658.22,36.98,16435.47,39.78,22142.34,35.41,14115.41,36.41,14454.15,38.18,17887.42,41.02,21891.05,37.08,17595.17
881,000710.SZ,20190521,34.87,35.96,34.2,35.37,34.58,0.7899999999999991,2.28,15878.01,56012.74,35.18,14649.33,35.5,15002.66,39.14,18153.1,36.66,17656.49,37.04,16422.73,39.73,22144.97,35.43,14486.04,36.73,14877.96,38.48,18061.74,41.05,22016.71,37.09,17609.99
882,000710.SZ,20190520,34.5,34.95,33.72,34.58,34.72,-0.14000000000000057,-0.4,11560.92,39732.803,35.25,14074.64,35.68,14707.0,39.33,18549.43,36.64,17631.44,37.09,16369.39,39.67,22026.56,35.37,14146.18,37.0,15040.14,38.77,18030.29,41.09,22086.24,37.1,17566.81
883,000710.SZ,20190517,35.5,36.16,34.5,34.72,35.47,-0.75,-2.11,14892.1,52823.282,35.66,15598.05,35.89,14828.78,39.6,18525.52,36.64,17628.97,37.15,16356.35,39.63,21976.29,35.34,15304.55,37.31,15643.05,39.09,18239.6,41.14,22220.5,37.12,17616.09
884,000710.SZ,20190516,35.97,35.97,35.01,35.47,35.75,-0.28000000000000114,-0.78,14083.61,49785.491,35.9,16028.66,36.16,14807.24,39.85,18456.68,36.63,17593.3,37.21,16331.79,39.58,21952.6,35.68,15270.35,37.57,16756.0,39.42,18409.1,41.2,22505.13,37.15,17637.35
885,000710.SZ,20190515,35.79,36.39,35.45,35.75,35.75,0.0,0.0,16831.99,60298.642,35.83,15174.94,36.46,14895.98,40.09,18952.68,36.61,17616.94,37.27,16297.91,39.52,21881.34,35.9,15065.44,37.8,18516.36,39.69,18693.03,41.23,22537.14,37.16,17644.12
886,000710.SZ,20190514,35.18,36.45,35.18,35.75,36.59,-0.8400000000000034,-2.3,13004.56,46594.104,35.68,14322.76,36.72,14702.97,40.4,19286.49,36.62,17550.69,37.33,16265.7,39.45,21785.75,36.07,14696.64,38.12,18238.16,39.89,19110.4,41.25,22825.49,37.16,17644.0
887,000710.SZ,20190513,35.5,37.2,35.3,36.59,35.95,0.6400000000000006,1.78,19178.0,70452.955,35.49,14217.72,37.05,14920.55,40.66,19346.78,36.62,17543.22,37.39,16266.62,39.39,21917.54,36.32,14857.39,38.45,18738.24,40.15,19035.19,41.27,23279.6,37.17,17660.36
888,000710.SZ,20190510,35.51,36.2,34.68,35.95,35.1,0.8500000000000014,2.42,17045.13,60875.204,35.03,15011.05,37.42,14779.23,40.91,19328.01,36.63,17459.48,37.44,16219.42,39.3,21789.56,36.58,14463.32,38.83,19078.4,40.37,18814.3,41.25,23451.49,37.16,17576.37
889,000710.SZ,20190509,34.71,35.65,34.2,35.1,35.03,0.07000000000000028,0.2,9815.01,34554.562,35.46,14512.05,37.79,14938.96,41.19,19558.42,36.65,17399.91,37.49,16168.15,39.2,21702.71,36.91,14191.09,39.19,19196.53,40.63,19277.72,41.24,24022.96,37.15,17540.11
890,000710.SZ,20190508,34.55,35.76,33.71,35.03,34.76,0.2700000000000031,0.78,12571.1,44038.88,35.98,14955.95,38.23,16000.82,41.52,20129.36,36.67,17405.77,37.53,16195.0,39.13,21651.28,37.41,14792.9,39.56,19773.43,41.01,19889.94,41.21,24334.2,37.15,17590.56
891,000710.SZ,20190507,34.56,35.25,34.02,34.76,34.3,0.46000000000000085,1.34,12479.34,43373.157,36.45,15070.53,38.6,17891.59,41.83,20698.63,36.71,17391.08,37.58,16179.29,39.06,21600.68,38.04,15269.87,40.0,19849.6,41.33,19972.71,41.13,24398.88,37.16,17660.67
892,000710.SZ,20190506,37.02,37.4,34.29,34.3,38.1,-3.8000000000000043,-9.97,23144.67,81984.132,37.15,15497.07,39.0,20723.24,42.11,21128.5,36.75,17360.51,37.62,16138.59,39.0,21552.65,38.64,15934.1,40.46,19972.35,41.67,20174.73,41.08,24403.59,37.16,17697.98
893,000710.SZ,20190430,38.39,38.39,37.68,38.1,37.7,0.3999999999999986,1.06,14550.13,55319.319,38.14,13915.6,39.61,19809.64,42.39,21086.12,36.78,17276.7,37.67,16050.92,38.94,21333.51,39.29,15981.56,40.97,19707.13,42.04,20232.54,41.02,24127.11,37.17,17709.34
894,000710.SZ,20190429,37.39,38.48,37.23,37.7,37.39,0.3100000000000023,0.83,12034.5,45443.587,38.37,13870.13,39.93,20460.11,42.59,21765.84,36.79,17212.79,37.69,16004.06,38.84,21308.78,39.47,18241.66,41.29,19978.47,42.31,20721.77,40.92,24056.98,37.14,17792.72
895,000710.SZ,20190426,38.1,38.47,37.3,37.39,38.25,-0.8599999999999994,-2.25,13144.0,49629.232,38.83,14629.85,40.44,21532.93,42.84,22448.92,36.81,17187.27,37.72,16002.79,38.73,21274.6,39.69,21967.28,41.59,20506.82,42.58,21384.83,40.82,24079.02,37.11,17919.73
896,000710.SZ,20190425,39.25,39.48,38.2,38.25,39.25,-1.0,-2.55,14612.03,56705.555,39.62,15469.21,40.88,22014.75,42.99,22911.11,36.82,17143.48,37.75,16005.15,38.62,21302.61,40.17,21779.67,41.8,21317.29,42.8,21849.86,40.72,24010.99,37.07,17940.08
897,000710.SZ,20190424,39.3,39.93,38.58,39.25,39.25,0.0,0.0,15237.32,59641.227,40.13,16371.14,41.21,22533.29,43.17,23319.09,36.83,17135.92,37.78,15981.24,38.52,21284.59,40.58,22619.09,42.07,21124.08,43.0,22086.25,40.6,23884.08,37.01,17903.0
898,000710.SZ,20190423,40.02,40.17,38.8,39.25,40.02,-0.7700000000000031,-1.92,14322.79,56320.182,40.43,18047.52,41.56,22445.38,43.36,23678.48,36.84,17075.61,37.79,15952.4,38.42,21240.96,41.08,23693.47,42.27,20989.78,43.19,22833.69,40.46,23759.97,36.95,17878.88
899,000710.SZ,20190422,40.7,40.94,39.8,40.02,41.35,-1.3299999999999983,-3.22,15833.12,63830.02,40.56,22613.18,41.93,22492.43,43.53,23794.02,36.85,17056.35,37.81,15943.22,38.32,21141.2,41.47,24201.97,42.49,21821.03,43.41,23531.57,40.33,23739.84,36.89,17925.45
900,000710.SZ,20190419,42.3,42.33,40.58,41.35,40.78,0.5700000000000003,1.4,17340.8,71600.099,40.55,29304.7,42.26,22646.82,43.66,24396.88,36.86,16995.7,37.81,15925.38,38.21,21004.27,41.72,24753.96,42.81,22438.45,43.49,23965.74,40.18,23621.61,36.84,18049.96
901,000710.SZ,20190418,41.23,42.6,40.4,40.78,40.76,0.020000000000003126,0.05,19121.67,78864.44,40.72,28090.13,42.51,22849.61,43.71,24666.24,36.86,16925.29,37.82,15865.53,38.08,20884.78,41.96,24429.32,42.98,22324.13,43.6,24337.17,40.0,23493.64,36.76,18126.39
902,000710.SZ,20190417,39.99,41.29,39.99,40.76,39.91,0.8500000000000014,2.13,23619.22,96261.559,41.03,28867.04,42.73,23117.28,43.78,25249.73,36.87,16846.09,37.82,15802.9,37.97,20720.84,42.29,24010.6,43.18,22295.04,43.76,24615.0,39.84,23556.43,36.71,18239.19
903,000710.SZ,20190416,39.76,39.95,38.11,39.91,39.95,-0.04000000000000625,-0.1,37151.11,145003.926,41.73,29339.43,42.8,23558.37,43.8,25467.63,36.89,16740.21,37.83,15716.36,37.85,20470.99,42.65,23432.7,43.42,22358.02,43.91,24436.07,39.66,23322.44,36.64,18205.03
904,000710.SZ,20190415,42.81,43.18,39.8,39.95,42.21,-2.259999999999998,-5.35,49290.71,201604.683,42.38,25790.75,43.08,21527.36,43.89,25750.87,36.92,16554.73,37.84,15576.42,37.74,20043.94,43.12,21715.29,43.74,21961.83,44.05,24408.71,39.47,22878.77,36.57,17970.56
905,000710.SZ,20190412,42.27,42.74,41.3,42.21,42.31,-0.10000000000000142,-0.24,11267.95,47404.032,42.89,20203.21,43.34,18701.25,43.9,25292.67,36.94,16263.81,37.87,15330.9,37.63,19486.33,43.48,19046.37,44.03,21093.61,44.16,23648.98,39.3,22156.56,36.52,17631.6
906,000710.SZ,20190411,44.0,44.79,42.01,42.31,44.25,-1.9399999999999977,-4.38,23006.23,98324.03,43.2,20768.51,43.45,20215.09,43.76,25487.9,36.95,16232.16,37.89,15295.7,37.51,19420.62,43.43,20854.9,44.12,21884.96,44.19,24572.06,39.09,22115.03,36.44,17639.96
907,000710.SZ,20190410,43.13,44.79,42.69,44.25,43.17,1.0799999999999983,2.5,25981.13,114965.611,43.55,19154.15,43.76,20613.18,43.6,25293.71,36.97,16120.06,37.9,15222.91,37.38,19233.76,43.56,19629.07,44.2,21819.82,44.17,24839.44,38.89,21879.54,36.37,17541.63
908,000710.SZ,20190409,42.74,44.2,41.75,43.17,42.53,0.6400000000000006,1.5,19407.72,83713.103,43.58,17525.98,43.8,19772.67,43.4,25119.28,36.97,16004.62,37.91,15116.41,37.23,19045.07,43.46,18286.09,44.24,22403.79,44.11,25532.79,38.65,21558.34,36.29,17406.41
909,000710.SZ,20190408,43.5,44.6,42.0,42.53,43.73,-1.1999999999999957,-2.74,21353.01,92173.923,43.86,17639.83,43.93,19705.9,43.24,25125.41,36.98,15944.44,37.93,15045.83,37.12,18892.58,43.51,19440.1,44.38,23196.37,44.02,26009.59,38.44,21446.46,36.2,17390.41
910,000710.SZ,20190404,44.08,44.57,43.15,43.73,44.07,-0.3400000000000034,-0.77,14094.46,61734.561,44.07,17889.52,44.16,19977.13,43.12,25437.67,37.0,15854.19,37.96,14970.15,37.01,18728.4,43.89,20122.95,44.38,23571.64,43.85,25894.68,38.23,21248.44,36.16,17273.24
911,000710.SZ,20190403,44.1,44.57,43.63,44.07,44.39,-0.3200000000000003,-0.72,14934.42,65715.981,43.66,20941.29,44.35,21141.18,42.93,25493.84,37.02,15835.39,37.99,14989.0,36.89,18617.46,44.0,20218.95,44.42,24291.09,43.62,25971.67,37.98,21267.61,36.09,17255.19
912,000710.SZ,20190402,45.1,45.48,44.1,44.39,44.58,-0.18999999999999773,-0.43,17840.27,79685.474,43.58,20104.0,44.49,22448.25,42.73,26058.5,37.03,15823.08,38.0,15012.72,36.76,18499.57,44.07,20579.49,44.49,24917.2,43.41,26142.2,37.76,21239.71,36.04,17190.07
913,000710.SZ,20190401,44.35,45.35,44.0,44.58,43.6,0.9799999999999969,2.25,19977.01,88925.783,43.35,19046.2,44.46,23160.15,42.5,26717.65,37.03,15776.97,38.01,14973.48,36.64,18402.68,44.19,21283.35,44.53,24937.75,43.18,26201.39,37.55,21141.79,35.99,17111.95
914,000710.SZ,20190329,41.69,43.66,41.69,43.6,41.68,1.9200000000000017,4.61,22601.45,97090.091,43.17,21240.37,44.41,23292.96,42.24,26997.49,37.03,15696.45,38.02,14920.22,36.51,18328.14,44.36,22208.37,44.52,25755.41,42.97,26601.16,37.34,20922.85,35.94,17034.3
915,000710.SZ,20190328,43.55,43.55,40.88,41.68,43.63,-1.9500000000000028,-4.47,29353.29,123746.648,43.71,22356.38,44.52,24451.35,42.0,27842.55,37.03,15639.15,38.05,14873.1,36.41,18130.8,44.58,23140.85,44.49,25950.29,42.76,26381.24,37.14,20638.88,35.91,16933.09
916,000710.SZ,20190327,43.6,44.1,42.71,43.63,43.25,0.38000000000000256,0.88,10747.98,46671.067,44.33,19496.61,44.85,24905.65,41.75,27817.14,37.04,15504.18,38.08,14821.09,36.34,17864.29,44.81,22915.02,44.58,26430.64,42.62,26540.57,36.97,20289.32,35.9,16755.79
917,000710.SZ,20190326,43.69,44.56,43.05,43.25,43.68,-0.4299999999999997,-0.98,12551.29,54929.001,44.57,21054.97,44.76,26298.76,41.35,27984.89,37.02,15468.44,38.11,14867.21,36.25,17896.97,44.85,24010.57,44.47,27444.63,42.38,27524.01,36.78,20223.95,35.87,16758.52
918,000710.SZ,20190325,45.59,45.72,43.56,43.68,46.29,-2.6099999999999994,-5.64,30947.86,137806.009,45.02,23520.49,44.86,27524.31,41.0,27991.09,37.01,15439.11,38.15,14949.53,36.14,17906.86,45.02,26521.5,44.44,29156.14,42.13,28088.69,36.59,20096.1,35.84,16698.49
919,000710.SZ,20190322,44.78,46.53,44.2,46.29,44.8,1.490000000000002,3.33,28181.49,127898.666,45.54,23176.37,45.0,27255.75,40.64,27273.68,37.0,15270.24,38.17,14866.25,36.01,17696.41,45.25,26952.63,44.28,29294.34,41.85,28768.2,36.4,19665.68,35.81,16510.25
920,000710.SZ,20190321,44.79,45.45,44.45,44.8,44.81,-0.010000000000005116,-0.02,15054.42,67751.748,45.45,23925.32,44.92,26491.9,40.22,26748.99,36.97,15156.63,38.17,14804.45,35.86,17483.58,44.87,27020.33,43.84,28780.55,41.42,28778.47,36.15,19320.48,35.75,16332.39
921,000710.SZ,20190320,45.5,45.54,44.26,44.81,45.53,-0.7199999999999989,-1.58,18539.81,83079.268,45.29,26333.42,44.89,28128.5,39.83,26699.08,36.96,15146.12,38.2,14793.17,35.72,17511.92,44.84,28363.23,43.44,28848.03,40.93,28825.04,35.95,19175.24,35.7,16319.63
922,000710.SZ,20190319,46.59,47.26,44.8,45.53,46.29,-0.759999999999998,-1.64,24878.89,113933.699,45.12,26966.17,44.75,28740.75,39.44,26420.32,36.95,15090.79,38.22,14741.95,35.59,17438.94,44.91,29254.91,43.07,28923.55,40.49,28632.45,35.75,19016.1,35.66,16219.74
923,000710.SZ,20190318,45.78,46.85,44.65,46.29,45.8,0.490000000000002,1.07,29227.22,134034.798,45.02,29522.5,44.58,29823.92,39.01,25894.4,36.92,14989.99,38.23,14639.51,35.45,17296.25,44.88,28592.15,42.68,28660.41,40.01,28021.68,35.55,18798.61,35.62,16108.66
924,000710.SZ,20190315,44.06,46.99,44.0,45.8,44.0,1.7999999999999972,4.09,31926.25,146752.023,44.96,30728.89,44.21,29962.43,38.56,25263.92,36.89,14875.71,38.24,14519.9,35.31,17017.98,44.69,29302.46,42.28,28797.55,39.53,27392.18,35.35,18444.34,35.59,15924.26
925,000710.SZ,20190314,44.15,45.23,43.0,44.0,44.0,0.0,0.0,27094.95,120649.696,44.3,30115.34,43.97,31105.14,38.13,24710.64,36.85,14743.01,38.26,14414.86,35.18,16719.23,44.41,28759.74,41.85,28001.44,39.06,26773.22,35.15,18062.9,35.55,15718.23
926,000710.SZ,20190313,44.99,45.7,43.65,44.0,45.0,-1.0,-2.22,21703.56,96944.426,44.38,30393.03,43.69,31614.13,37.75,24170.76,36.84,14605.04,38.31,14365.54,35.07,16499.87,44.34,29946.26,41.52,28353.35,38.64,26172.12,35.0,17707.55,35.53,15556.74
927,000710.SZ,20190312,46.1,46.1,44.55,45.0,45.98,-0.9799999999999969,-2.13,37660.51,169758.797,44.7,31543.64,43.19,31321.99,37.35,23816.63,36.82,14513.61,38.35,14309.0,34.97,16353.1,44.09,30878.68,41.15,29280.73,38.21,25681.92,34.85,17447.36,35.53,15445.65
928,000710.SZ,20190311,42.65,46.11,42.65,45.98,42.5,3.479999999999997,8.19,35259.19,158656.875,44.74,27661.81,42.56,29686.87,36.95,23382.16,36.8,14314.53,38.38,14146.6,34.87,16083.95,43.86,31790.79,40.68,28872.29,37.74,24686.26,34.68,16995.91,35.52,15218.83
929,000710.SZ,20190308,43.23,44.55,42.5,42.5,44.44,-1.9399999999999977,-4.37,28858.48,125702.459,44.42,27876.03,41.91,28516.96,36.47,22626.88,36.78,14163.43,38.4,13980.29,34.76,15846.42,43.31,31636.05,40.16,29675.99,37.25,23948.12,34.5,16648.04,35.5,14986.65
930,000710.SZ,20190307,45.98,46.0,43.37,44.44,45.6,-1.1600000000000037,-2.54,28483.41,126616.205,44.53,27404.13,41.54,27806.0,36.07,22087.85,36.79,14017.18,38.44,13861.32,34.68,15660.25,42.8,30540.77,39.69,29657.54,36.87,23277.47,34.4,16297.08,35.51,14802.09
931,000710.SZ,20190306,45.39,46.48,44.21,45.6,45.2,0.3999999999999986,0.88,27456.59,124742.487,44.3,29499.48,41.07,28074.21,35.63,21425.34,36.79,13856.31,38.48,13739.62,34.57,15504.69,42.04,29332.82,38.98,29055.95,36.4,22650.12,34.26,15978.44,35.51,14621.93
932,000710.SZ,20190305,44.0,45.37,43.9,45.2,44.36,0.8400000000000034,1.89,18251.36,82021.123,43.48,30213.72,40.43,27193.24,35.17,20875.9,36.79,13739.97,38.51,13618.22,34.44,15338.19,41.23,28592.2,38.27,28321.22,35.92,22497.86,34.11,15740.82,35.5,14471.09
933,000710.SZ,20190304,43.59,46.09,43.0,44.36,43.05,1.3100000000000023,3.04,36330.29,162746.74,42.97,35919.77,39.83,28414.91,34.72,20600.18,36.8,13668.67,38.54,13587.52,34.31,15216.15,40.48,28728.66,37.57,27736.45,35.41,22208.81,33.94,15658.18,35.5,14408.51
934,000710.SZ,20190301,43.7,43.99,41.84,43.05,43.31,-0.2600000000000051,-0.6,26499.01,112526.433,42.19,35396.07,39.23,28716.52,34.31,19728.98,36.81,13468.31,38.58,13443.34,34.19,14901.0,39.88,28292.64,36.95,26437.04,34.89,21348.84,33.78,15305.4,35.51,14175.41
935,000710.SZ,20190228,42.0,45.62,42.0,43.31,41.47,1.8400000000000034,4.44,38960.16,170471.553,41.07,33677.4,38.66,28946.72,33.93,19322.98,36.84,13343.77,38.64,13366.15,34.09,14759.26,39.29,27243.14,36.39,25779.96,34.45,20664.14,33.64,15067.42,35.53,14049.48
936,000710.SZ,20190227,42.18,43.9,40.8,41.47,42.65,-1.1799999999999997,-2.77,31027.78,131795.588,39.78,29166.17,38.05,29898.5,33.53,18455.67,36.87,13193.21,38.69,13241.84,33.99,14519.59,38.71,26760.44,35.79,24285.05,33.99,19658.0,33.49,14704.41,35.56,13834.49
937,000710.SZ,20190226,41.6,44.3,41.6,42.65,40.47,2.1799999999999997,5.39,46781.59,200177.634,38.99,26970.68,37.42,29703.24,33.17,17991.46,36.9,13109.28,38.77,13201.4,33.91,14331.98,38.22,27682.78,35.27,23083.53,33.61,18919.63,33.38,14405.05,35.58,13669.26
938,000710.SZ,20190225,37.88,40.8,37.83,40.47,37.44,3.030000000000001,8.09,33711.82,133538.947,37.98,21537.56,36.46,27370.16,32.81,17005.54,36.93,12862.26,38.85,12987.18,33.81,14035.0,37.51,25953.79,34.68,21134.0,33.2,17583.9,33.25,13861.65,35.59,13349.26
939,000710.SZ,20190222,36.84,37.73,36.51,37.44,36.87,0.5700000000000003,1.55,17905.64,66847.105,37.57,21189.22,35.76,25758.64,32.56,16365.93,36.97,12704.37,38.94,12872.34,33.73,13912.91,37.01,27715.94,34.23,20104.16,32.86,16883.33,33.18,13439.06,35.62,13187.93
940,000710.SZ,20190221,37.09,37.77,36.72,36.87,37.5,-0.6300000000000026,-1.68,16404.0,61122.009,37.52,20808.89,35.29,24885.6,32.39,16040.49,37.04,12681.67,39.06,12880.09,33.68,14037.85,36.59,28774.31,33.9,19645.82,32.6,16602.2,33.15,13299.3,35.66,13121.35
941,000710.SZ,20190220,37.63,37.92,36.53,37.5,37.63,-0.13000000000000256,-0.35,20050.34,74500.063,37.63,24354.71,34.91,24419.29,32.24,15721.64,37.12,12710.56,39.19,12884.01,33.62,14026.95,35.92,28779.07,33.59,19308.77,32.34,16563.55,33.13,13203.28,35.7,13031.33
942,000710.SZ,20190219,38.3,38.49,37.1,37.63,38.4,-0.769999999999996,-2.01,19616.0,74248.073,37.45,28394.89,34.47,23904.45,32.06,15378.39,37.19,12700.09,39.31,12896.74,33.54,13895.1,35.31,28050.24,33.27,19450.69,32.11,16337.22,33.12,13047.38,35.74,12933.64
943,000710.SZ,20190218,37.39,39.15,36.78,38.4,37.2,1.1999999999999957,3.23,31970.1,120345.367,37.04,30370.01,33.99,23092.6,31.91,15002.22,37.28,12747.64,39.43,12934.37,33.47,13798.13,34.67,26744.24,32.87,18948.88,31.92,16082.19,33.11,13011.68,35.77,12825.43
944,000710.SZ,20190215,37.2,37.4,36.73,37.2,37.42,-0.21999999999999886,-0.59,16004.0,59255.405,36.45,34242.66,33.42,21171.63,31.71,14205.45,37.35,12642.81,39.53,12821.37,33.38,13637.34,34.03,24581.44,32.4,17876.94,31.7,15244.54,33.1,12769.58,35.8,12657.52
945,000710.SZ,20190214,36.57,37.57,36.02,37.42,36.6,0.8200000000000003,2.24,34133.12,125584.136,35.65,36739.73,32.93,20539.86,31.56,13885.4,37.41,12654.84,39.64,12835.72,33.33,13834.28,33.48,24316.78,32.02,17374.64,31.51,14896.52,33.09,12751.11,35.86,12637.0
946,000710.SZ,20190213,35.62,37.88,35.2,36.6,35.59,1.009999999999998,2.84,40251.21,147477.254,34.21,33203.42,32.47,18923.08,31.39,13101.19,37.49,12509.11,39.75,12699.18,33.26,13732.67,32.88,21809.66,31.64,16106.77,31.32,14038.07,33.07,12462.5,35.9,12440.66
947,000710.SZ,20190212,35.41,36.12,34.96,35.59,35.44,0.15000000000000568,0.42,29491.62,104886.46,33.17,27705.59,32.03,16499.05,31.28,12103.79,37.57,12298.22,39.84,12545.21,33.24,13631.42,32.32,18484.29,31.31,14538.05,31.17,12923.9,33.06,12041.13,35.95,12191.59
948,000710.SZ,20190211,34.0,36.39,33.9,35.44,33.22,2.219999999999999,6.68,51333.33,179922.482,32.3,23118.47,31.64,14973.77,31.2,11500.85,37.66,12145.96,39.96,12455.62,33.19,13498.46,31.85,16314.22,31.04,13398.95,31.05,12103.51,33.06,11701.24,35.99,12052.26
949,000710.SZ,20190201,30.45,33.22,30.34,33.22,30.2,3.0199999999999996,10.0,28489.36,92227.255,31.6,14920.22,31.31,12785.73,31.13,10338.97,37.74,11852.08,40.06,12283.9,33.15,12934.22,31.45,12492.38,30.78,11467.03,30.94,10563.15,33.05,11057.25,36.03,11731.29
950,000710.SZ,20190131,31.41,31.41,30.0,30.2,31.42,-1.2200000000000024,-3.88,16451.6,50424.14,31.31,11893.83,31.05,11331.14,31.17,9735.49,37.85,11752.67,40.2,12295.41,33.15,12669.24,31.22,10517.34,30.61,10516.15,30.88,9862.5,33.09,10846.91,36.11,11554.11
951,000710.SZ,20190130,31.57,32.57,31.23,31.42,31.23,0.19000000000000128,0.61,12762.06,40675.483,31.55,10415.9,30.94,10875.73,31.29,9517.49,38.0,11768.69,40.34,12358.52,33.18,12613.5,31.25,9838.48,30.55,10455.79,30.97,9525.43,33.19,10922.46,36.21,11488.16
952,000710.SZ,20190129,31.62,31.99,31.1,31.23,31.93,-0.6999999999999993,-2.19,6556.0,20568.709,31.47,9262.98,30.81,10352.34,31.39,9311.97,38.14,11764.43,40.48,12371.16,33.22,12592.75,31.22,10851.14,30.51,10480.71,31.02,9399.75,33.25,10992.38,36.3,11456.75
953,000710.SZ,20190128,31.89,32.1,31.46,31.93,31.77,0.16000000000000014,0.5,10342.09,32958.161,31.39,9509.96,30.69,10523.1,31.49,9298.33,38.27,11789.85,40.63,12413.4,33.26,12635.41,31.08,11153.52,30.54,10751.16,31.08,9575.54,33.32,11291.58,36.39,11514.62
954,000710.SZ,20190125,31.4,32.14,31.09,31.77,31.42,0.34999999999999787,1.11,13357.4,42518.499,31.29,10064.54,30.56,10410.39,31.59,9305.14,38.39,11767.7,40.77,12466.88,33.28,12730.68,30.77,11172.44,30.53,10576.09,31.17,9496.5,33.36,11528.47,36.49,11493.42
955,000710.SZ,20190124,31.0,31.47,30.7,31.42,31.0,0.4200000000000017,1.35,9061.95,28263.017,31.12,9140.85,30.43,9899.02,31.68,9335.41,38.51,11735.72,40.92,12528.8,33.34,12649.81,30.56,10432.5,30.53,10186.38,31.25,9352.57,33.39,11760.44,36.6,11426.44
956,000710.SZ,20190123,30.7,31.13,30.63,31.0,30.85,0.14999999999999858,0.49,6997.47,21647.593,30.95,9261.06,30.34,10178.48,31.82,9298.31,38.65,11727.76,41.07,12625.23,33.41,12688.03,30.39,10403.89,30.54,10152.27,31.36,9242.98,33.41,11869.18,36.72,11440.12
957,000710.SZ,20190122,31.42,31.77,30.58,30.85,31.42,-0.5700000000000003,-1.81,7790.91,24100.598,30.98,12439.3,30.24,10368.8,31.98,9367.96,38.78,11727.36,41.22,12723.6,33.49,12689.67,30.3,10591.82,30.6,10143.7,31.49,9212.81,33.42,11921.92,36.84,11448.34
958,000710.SZ,20190121,30.94,31.88,30.93,31.42,30.93,0.490000000000002,1.58,13114.99,41298.693,30.76,12797.07,30.11,10942.15,32.14,9527.02,38.92,11763.97,41.38,12844.92,33.6,12698.67,30.23,10483.69,30.65,9998.15,31.63,9305.56,33.44,11997.79,36.98,11445.74
959,000710.SZ,20190118,30.55,31.13,30.34,30.93,30.55,0.379999999999999,1.24,8738.91,26935.366,30.24,12280.33,30.04,10953.34,32.26,9532.27,39.06,11755.97,41.55,12998.56,33.7,12665.92,30.12,10441.68,30.68,9598.53,31.75,9347.96,33.45,12111.05,37.11,11407.82
960,000710.SZ,20190117,31.0,31.19,30.4,30.55,31.14,-0.5899999999999999,-1.89,9663.0,29789.504,30.0,11724.15,30.12,11201.5,32.36,9721.22,39.21,11788.72,41.71,13102.13,33.81,12688.82,30.0,10514.96,30.72,9535.08,31.92,9316.68,33.49,12478.32,37.25,11478.99
961,000710.SZ,20190116,29.74,31.57,29.55,31.14,29.74,1.4000000000000021,4.71,22888.69,70510.169,29.83,11546.72,30.21,10984.41,32.49,9796.42,39.36,11846.28,41.86,13393.97,33.94,12667.68,29.85,11073.1,30.83,9368.91,32.12,9306.76,33.52,12759.14,37.37,11556.32
962,000710.SZ,20190115,28.87,29.8,28.76,29.74,28.86,0.879999999999999,3.05,9579.77,28148.742,29.63,8744.34,30.25,9651.68,32.57,9628.51,39.52,11855.34,42.03,13564.04,34.06,12510.16,29.79,10110.29,30.92,8674.06,32.29,8983.77,33.58,12921.95,37.51,11458.99
963,000710.SZ,20190114,29.7,29.86,28.79,28.86,29.7,-0.8399999999999999,-2.83,10531.29,30702.196,29.7,8170.31,30.39,9559.36,32.74,9731.07,39.71,11862.28,42.26,13585.22,34.19,12453.74,30.01,10348.81,31.09,8786.54,32.48,9107.56,33.62,13087.62,37.64,11470.63
964,000710.SZ,20190111,29.57,29.96,29.46,29.7,29.72,-0.019999999999999574,-0.07,5958.0,17673.54,29.99,8603.03,30.65,9274.34,32.9,9838.3,39.9,11888.47,42.49,13607.07,34.34,12424.77,30.3,9979.75,31.37,8658.53,32.66,9261.96,33.68,13062.35,37.8,11504.84
965,000710.SZ,20190110,30.06,30.12,29.14,29.72,30.12,-0.40000000000000213,-1.33,8775.83,26011.997,30.0,9305.76,30.82,9191.42,33.09,9908.85,40.09,11980.54,42.72,13686.92,34.47,12436.52,30.49,9940.27,31.59,8812.61,32.84,9470.69,33.74,13106.65,37.95,11626.56
966,000710.SZ,20190109,30.01,30.61,30.01,30.12,30.12,0.0,0.0,8876.82,26945.845,29.86,10599.48,31.0,8910.39,33.27,9930.73,40.29,12038.12,42.93,13760.63,34.59,12499.81,30.68,9900.66,31.84,8662.53,32.98,9750.81,33.78,13164.9,38.1,11707.95
967,000710.SZ,20190108,30.26,30.46,29.9,30.12,30.27,-0.14999999999999858,-0.5,6709.59,20260.619,29.95,11476.23,31.12,8802.16,33.43,9982.68,40.49,12130.65,43.15,13824.11,34.73,12468.84,30.89,9695.58,32.08,8523.3,33.15,9890.48,33.86,13203.72,38.27,11854.5
968,000710.SZ,20190107,29.79,30.41,29.78,30.27,29.76,0.509999999999998,1.71,12694.93,38265.817,30.31,12527.31,31.32,8773.71,33.63,10099.93,40.68,12264.45,43.36,13904.77,34.87,12533.35,31.07,9512.62,32.33,8716.5,33.3,10139.39,33.92,13254.48,38.42,11939.21
969,000710.SZ,20190104,28.7,29.82,28.5,29.76,29.05,0.7100000000000009,2.44,9471.65,27822.102,30.61,11356.47,31.53,8488.84,33.84,10240.49,40.86,12265.68,43.56,14012.15,35.03,12458.75,31.25,8755.38,32.56,8801.09,33.49,9994.8,33.97,13334.35,38.55,11981.23
970,000710.SZ,20190103,30.77,30.77,29.0,29.05,30.57,-1.5199999999999996,-4.97,15244.43,45246.036,30.98,10574.78,31.78,8670.21,34.08,10474.98,41.04,12327.88,43.78,14150.35,35.19,12428.49,31.44,8555.2,32.89,8717.54,33.7,9996.39,34.09,13298.03,38.71,12011.86
971,000710.SZ,20190102,31.59,31.67,30.4,30.57,31.9,-1.3299999999999983,-4.17,13260.55,40979.524,31.5,9201.84,32.2,8110.71,34.29,10464.72,41.21,12298.8,44.0,14250.27,35.35,12328.13,31.81,7664.72,33.26,8423.59,33.91,9843.02,34.2,13242.77,38.87,11967.18
972,000710.SZ,20181228,31.78,32.35,31.03,31.9,31.77,0.129999999999999,0.41,11964.99,38053.491,31.83,7914.93,32.48,7786.03,34.46,10569.32,41.37,12305.54,44.2,14497.18,35.52,12262.95,32.05,7237.83,33.54,8420.52,34.12,9757.53,34.32,13140.43,39.02,11919.73
973,000710.SZ,20181227,32.0,32.16,31.7,31.77,31.61,0.16000000000000014,0.51,6840.73,21844.218,31.83,6497.93,32.7,7309.82,34.58,10657.66,41.53,12322.11,44.38,14679.58,35.69,12242.64,32.17,7224.28,33.72,8486.93,34.31,9941.17,34.43,13082.12,39.15,11895.14
974,000710.SZ,20181226,31.7,32.29,31.61,31.61,31.65,-0.03999999999999915,-0.13,5563.2,17734.823,31.88,6154.29,32.93,7252.24,34.69,10724.06,41.68,12429.55,44.53,14905.86,35.84,12250.07,32.43,7337.3,33.84,8903.07,34.51,10294.62,34.55,13145.74,39.3,11956.25
975,000710.SZ,20181225,31.61,32.01,31.19,31.65,32.23,-0.5799999999999983,-1.8,8379.73,26396.511,31.89,6535.61,33.21,7637.66,34.79,10933.79,41.85,12602.27,44.7,15041.85,36.01,12265.37,32.69,7684.95,34.01,9235.9,34.66,10605.7,34.69,13227.31,39.46,12066.22
976,000710.SZ,20181224,31.85,32.26,31.19,32.23,31.91,0.31999999999999673,1.0,6826.0,21822.46,32.12,6127.6,33.46,8099.74,34.9,11154.06,42.0,12732.4,44.88,15350.57,36.18,12245.16,33.01,7424.4,34.13,9675.89,34.82,10886.94,34.83,13222.26,39.63,12097.63
977,000710.SZ,20181221,32.0,32.23,31.53,31.91,32.0,-0.08999999999999986,-0.28,4880.0,15505.054,32.26,6560.73,33.77,8174.71,35.01,11570.48,42.16,12788.45,45.04,15543.12,36.34,12278.9,33.26,7351.02,34.28,9987.92,34.95,11158.36,34.96,13293.08,39.78,12125.87
978,000710.SZ,20181220,31.79,32.31,31.7,32.0,31.68,0.3200000000000003,1.01,5122.5,16436.304,32.5,7950.63,34.12,8519.74,35.11,11925.7,42.34,12849.67,45.18,15707.71,36.52,12357.06,33.59,7920.38,34.42,10452.78,35.07,11298.97,35.08,13300.88,39.92,12144.82
979,000710.SZ,20181219,32.73,32.77,31.5,31.68,32.77,-1.0900000000000034,-3.33,7469.84,24011.371,32.98,8520.31,34.45,9141.01,35.22,12495.86,42.5,12948.67,45.34,15849.86,36.7,12400.2,33.88,8846.81,34.62,10614.5,35.17,11551.35,35.22,13354.82,40.06,12175.06
980,000710.SZ,20181218,32.8,33.39,32.31,32.77,32.93,-0.1599999999999966,-0.49,6339.65,20801.31,33.49,8834.28,34.73,9588.97,35.29,12998.38,42.68,13062.23,45.5,16105.08,36.88,12452.44,34.34,8879.89,34.83,10716.99,35.29,11831.32,35.35,13344.3,40.22,12178.78
981,000710.SZ,20181217,32.5,33.25,32.18,32.93,33.13,-0.20000000000000284,-0.6,8991.68,29425.627,33.89,8721.2,34.84,10267.73,35.32,13614.15,42.84,13194.31,45.64,16287.48,37.06,12543.39,34.71,9182.47,34.96,10932.17,35.4,12319.48,35.44,13464.02,40.37,12183.78
982,000710.SZ,20181214,34.58,34.58,33.03,33.13,34.41,-1.279999999999994,-3.72,11829.49,39733.529,34.27,8141.3,35.01,10516.04,35.31,13808.11,43.01,13295.9,45.77,16358.78,37.21,12572.85,35.04,9603.2,35.17,11017.38,35.48,12585.01,35.58,13423.39,40.52,12217.7
983,000710.SZ,20181213,34.19,34.84,34.17,34.41,34.19,0.21999999999999886,0.64,7970.9,27512.263,34.68,7890.13,35.07,10927.59,35.26,13759.06,43.18,13410.25,45.9,16499.21,37.36,12526.87,35.27,9749.58,35.38,11299.62,35.56,13007.62,35.7,13418.7,40.68,12218.83
984,000710.SZ,20181212,35.18,35.18,34.07,34.19,34.8,-0.6099999999999994,-1.75,9039.66,31052.096,34.77,9173.31,35.14,11319.57,35.19,13887.66,43.35,13626.29,46.03,16641.5,37.48,12611.94,35.25,10468.84,35.55,11773.28,35.55,13560.44,35.83,13404.18,40.83,12264.52
985,000710.SZ,20181211,35.19,35.24,34.62,34.8,34.8,0.0,0.0,5774.29,20128.762,35.19,8925.5,35.17,11714.76,35.13,14207.39,43.52,13745.75,46.16,16858.71,37.6,12623.64,35.34,10786.85,35.65,12066.08,35.54,14168.31,35.95,13373.56,40.97,12338.79
986,000710.SZ,20181210,35.11,35.26,34.51,34.8,35.19,-0.39000000000000057,-1.11,6092.16,21268.422,35.53,9643.73,35.27,11913.43,35.09,14942.71,43.67,14115.26,46.28,17403.97,37.69,12621.34,35.25,11927.38,35.73,12618.21,35.46,14495.38,36.07,13405.94,41.13,12492.28
987,000710.SZ,20181207,34.97,35.62,34.97,35.19,34.88,0.30999999999999517,0.89,10573.64,37244.584,35.82,11065.1,35.35,12177.08,35.01,15543.3,43.85,14431.5,46.39,17725.62,37.78,12651.14,35.31,12624.83,35.8,13062.04,35.35,14631.04,36.2,13443.94,41.32,12529.67
988,000710.SZ,20181206,36.3,36.49,34.71,34.88,36.3,-1.4199999999999946,-3.91,14386.81,50966.65,35.86,11609.02,35.37,12182.42,34.99,16192.81,44.07,14449.44,46.47,17800.94,37.87,12598.57,35.25,12985.18,35.81,12988.26,35.25,14690.03,36.36,13441.75,41.5,12560.75
989,000710.SZ,20181205,35.97,36.63,35.85,36.3,36.5,-0.20000000000000284,-0.55,7800.59,28270.18,35.73,11764.36,35.53,11898.51,34.92,16343.79,44.3,14448.32,46.55,17853.31,37.97,12564.36,35.36,12382.2,35.82,12903.62,35.16,14874.15,36.49,13325.26,41.68,12600.99
990,000710.SZ,20181204,36.25,36.72,35.91,36.5,36.23,0.2700000000000031,0.75,9365.47,34138.804,35.48,12648.21,35.61,12642.64,34.8,16379.51,44.52,14529.24,46.62,18041.34,38.06,12640.9,35.32,12554.09,35.77,13307.04,35.06,15639.96,36.63,13307.1,41.87,12678.21
991,000710.SZ,20181203,36.49,36.62,36.0,36.23,35.41,0.8200000000000003,2.32,13199.0,47956.201,34.97,14211.03,35.72,13264.07,34.7,16357.46,44.73,14611.65,46.68,18195.68,38.14,12656.99,35.22,12681.87,35.75,13887.99,34.91,16211.52,36.76,13265.41,42.05,12785.18
992,000710.SZ,20181130,34.21,35.45,34.01,35.41,34.2,1.2099999999999937,3.54,13293.25,46433.468,34.79,14184.56,35.72,13394.59,34.6,16330.17,44.94,14656.14,46.73,18250.55,38.22,12619.18,35.29,12431.56,35.69,14075.91,34.86,16860.12,36.89,13201.37,42.23,12891.65
993,000710.SZ,20181129,35.0,35.89,34.16,34.2,35.04,-0.8399999999999963,-2.4,15163.51,53461.838,34.63,14361.33,35.8,13665.63,34.57,16268.77,45.15,14705.08,46.77,18323.95,38.3,12612.22,35.49,12849.66,35.71,14636.64,34.76,17067.68,37.06,13158.85,42.4,12888.15
994,000710.SZ,20181128,33.88,35.05,33.78,35.04,33.96,1.0799999999999983,3.18,12219.81,42177.572,34.99,13000.03,35.94,13650.65,34.56,16109.71,45.36,14813.96,46.85,18332.65,38.38,12580.94,35.85,13077.72,35.71,15106.24,34.69,16862.73,37.25,13045.42,42.58,12915.36
995,000710.SZ,20181127,34.91,35.3,33.8,33.96,35.36,-1.3999999999999986,-3.96,17179.56,59005.351,35.16,12459.98,35.97,13410.53,34.51,16264.64,45.59,14957.06,46.92,18429.33,38.48,12514.37,35.97,13345.31,35.65,15859.04,34.64,16742.6,37.42,13031.55,42.74,12905.67
996,000710.SZ,20181126,34.31,35.63,34.14,35.36,34.59,0.769999999999996,2.23,13066.67,45678.882,35.46,11152.7,36.06,13065.48,34.59,15973.84,45.8,15060.89,47.01,18578.04,38.59,12399.14,36.22,13309.03,35.57,15779.37,34.59,16578.99,37.62,12964.58,42.9,12881.1
997,000710.SZ,20181123,36.24,36.58,34.47,34.59,36.0,-1.4099999999999966,-3.92,14177.12,50147.804,35.78,10678.56,36.05,13281.04,34.61,15940.37,46.0,15352.01,47.08,18589.2,38.67,12344.84,36.29,13499.24,35.38,15634.14,34.56,16516.96,37.78,12933.48,43.06,12891.8
998,000710.SZ,20181122,35.94,36.46,35.79,36.0,35.88,0.11999999999999744,0.33,8356.98,30184.618,36.34,11337.98,36.17,13804.68,34.7,15732.8,46.2,15550.72,47.15,18622.79,38.78,12335.81,36.37,12991.35,35.25,15542.45,34.54,16369.57,37.94,12836.88,43.22,12959.59
999,000710.SZ,20181121,35.05,36.0,35.05,35.88,35.48,0.4000000000000057,1.13,9519.57,33951.918,36.71,13155.41,36.1,14466.25,34.78,15736.02,46.34,15805.76,47.2,18662.45,38.89,12328.37,36.28,13425.05,35.06,16120.12,34.44,16673.91,38.06,12936.79,43.38,13143.57
1000,000710.SZ,20181120,36.5,36.85,35.48,35.48,36.95,-1.470000000000006,-3.98,10643.18,38434.502,36.77,14230.64,36.09,15619.19,34.86,15769.51,46.51,15937.88,47.26,18698.47,39.01,12272.36,36.22,14059.98,34.93,17182.89,34.47,16599.67,38.18,12943.41,43.53,13290.22
1001,000710.SZ,20181119,37.19,37.45,36.64,36.95,37.39,-0.4399999999999977,-1.18,10695.97,39480.8,36.97,15465.36,35.99,16689.38,34.99,15764.04,46.7,16284.48,47.33,18759.01,39.14,12273.17,36.29,15094.11,34.76,17976.35,34.5,16642.52,38.28,12859.38,43.7,13325.68
1002,000710.SZ,20181116,37.68,37.88,36.74,37.39,37.84,-0.45000000000000284,-1.19,17474.22,65172.771,36.79,16319.92,35.75,17964.75,35.08,15687.01,46.86,16483.58,47.4,18817.91,39.26,12237.0,36.1,15720.26,34.64,19074.4,34.51,16523.32,38.35,12819.9,43.86,13350.68
1003,000710.SZ,20181115,35.9,37.9,35.9,37.84,36.2,1.6400000000000006,4.53,17444.1,64371.264,36.39,14644.72,35.37,17819.52,35.16,15498.8,46.98,16589.29,47.45,18843.74,39.39,12103.73,35.93,16423.61,34.4,19176.69,34.56,16223.06,38.43,12639.19,44.02,13366.55
1004,000710.SZ,20181114,36.38,37.08,36.1,36.2,36.49,-0.28999999999999915,-0.79,14895.75,54529.613,35.85,13694.69,34.88,17259.36,35.21,15143.03,47.13,16670.55,47.5,18847.9,39.51,11985.34,35.57,17134.77,34.11,18755.24,34.59,15996.87,38.51,12545.46,44.18,13419.7
1005,000710.SZ,20181113,35.79,36.74,35.35,36.49,36.04,0.45000000000000284,1.25,16816.78,60958.553,35.68,13889.32,34.55,17063.02,35.32,14950.77,47.29,16918.51,47.57,18861.6,39.67,12017.13,35.33,18372.76,33.97,18441.25,34.71,15848.91,38.63,12522.89,44.35,13506.89
1006,000710.SZ,20181112,35.3,36.1,34.63,36.04,35.4,0.6400000000000006,1.81,14968.74,53160.891,35.6,14722.86,34.22,17300.99,35.41,14657.3,47.43,17059.81,47.63,18907.28,39.79,12045.46,34.92,18249.71,33.77,18213.97,34.83,15557.58,38.73,12418.81,44.51,13563.6
1007,000710.SZ,20181109,34.65,35.55,34.65,35.4,35.1,0.29999999999999716,0.85,9098.21,32030.429,35.41,15120.6,34.02,18516.85,35.48,14614.78,47.56,17101.99,47.7,18983.79,39.93,11995.34,34.47,17769.04,33.7,18025.81,34.96,15427.79,38.83,12342.06,44.69,13674.65
1008,000710.SZ,20181108,35.87,36.01,35.1,35.1,35.35,-0.25,-0.71,12693.98,45278.081,35.47,18202.51,33.77,19856.41,35.64,14539.94,47.7,17285.76,47.77,19165.84,40.08,12020.38,34.13,18093.55,33.62,18058.68,35.1,15302.78,38.93,12403.27,44.9,13924.5
1009,000710.SZ,20181107,36.18,36.18,35.22,35.35,36.11,-0.759999999999998,-2.1,15868.88,56675.776,35.29,20574.85,33.73,21392.02,35.81,14506.24,47.84,17419.96,47.83,19214.7,40.25,12046.29,33.84,18815.19,33.53,18298.35,35.26,15158.28,39.01,12405.33,45.09,14037.4
1010,000710.SZ,20181106,34.72,36.3,34.7,36.11,35.1,1.009999999999998,2.88,20984.5,74622.887,34.98,22856.21,33.5,21672.88,36.0,14248.31,47.98,17627.45,47.87,19186.77,40.41,12108.89,33.64,20305.8,33.6,17869.52,35.4,14857.28,39.13,12261.3,45.26,14396.69
1011,000710.SZ,20181105,35.28,36.0,34.46,35.1,35.68,-0.5799999999999983,-1.63,16957.42,59774.231,34.25,21776.56,33.2,20752.15,36.17,13842.97,48.12,18161.76,47.92,19201.77,40.57,12076.33,33.24,20858.6,33.6,17416.73,35.48,14608.56,39.23,12053.85,45.47,14652.08
1012,000710.SZ,20181102,34.9,35.73,34.61,35.68,34.19,1.490000000000002,4.36,24507.78,86455.514,33.53,20417.48,33.07,20110.5,36.36,13571.19,48.24,18463.79,47.96,19282.59,40.77,12203.07,33.19,22428.55,33.72,16924.85,35.67,14261.77,39.34,11921.13,45.74,14620.42
1013,000710.SZ,20181101,33.84,35.1,33.84,34.19,33.84,0.3499999999999943,1.03,24555.66,84794.011,32.78,17984.58,32.82,19169.22,36.58,13096.61,48.33,18455.42,47.99,19208.16,40.94,12101.3,32.86,21929.77,33.88,16122.79,35.84,13829.78,39.46,11737.67,46.01,14534.73
1014,000710.SZ,20181031,32.88,34.5,32.87,33.84,32.42,1.4200000000000017,4.38,27275.69,92438.965,32.39,17055.54,32.85,18142.3,36.87,12681.51,48.43,18446.27,48.03,19163.4,41.09,12010.38,32.66,20375.72,34.1,15427.91,36.1,13247.91,39.62,11458.38,46.29,14492.2
1015,000710.SZ,20181030,31.61,32.87,31.31,32.42,31.53,0.8900000000000006,2.82,15586.26,50286.231,32.3,17755.4,32.86,16794.59,37.14,12096.85,48.53,18531.69,48.07,19078.89,41.3,11822.01,32.61,18509.73,34.4,14586.98,36.36,12578.81,39.81,11092.43,46.56,14441.85
1016,000710.SZ,20181029,31.86,31.99,30.31,31.53,31.93,-0.3999999999999986,-1.25,10162.02,31922.668,32.23,19940.63,32.91,16940.83,37.5,11835.82,48.63,18669.63,48.11,19084.84,41.51,11745.96,32.63,18178.23,34.79,14211.52,36.67,12316.5,40.02,11011.06,46.84,14475.33
1017,000710.SZ,20181026,32.4,32.84,31.7,31.93,32.22,-0.28999999999999915,-0.9,12343.28,39744.535,32.84,24439.62,33.31,16720.08,37.88,11738.82,48.72,18755.12,48.16,19151.67,41.73,11711.36,32.92,18282.59,35.21,14257.16,37.05,12256.83,40.27,10974.75,47.13,14560.15
1018,000710.SZ,20181025,32.0,32.58,31.19,32.22,33.39,-1.1700000000000017,-3.5,19910.43,63501.755,32.94,25874.96,33.64,16688.19,38.24,11650.98,48.8,18847.86,48.19,19155.98,41.94,11666.97,33.12,18023.81,35.59,13907.4,37.46,12193.46,40.51,10893.68,47.4,14714.32
1019,000710.SZ,20181024,31.41,34.5,31.41,33.39,32.09,1.2999999999999972,4.05,30775.0,102466.004,32.93,23695.89,34.05,15704.3,38.62,11381.31,48.9,18825.11,48.23,19103.38,42.17,11590.48,33.22,17781.5,35.98,13329.83,37.83,11776.36,40.77,10704.58,47.69,14821.95
1020,000710.SZ,20181023,34.4,34.4,31.94,32.09,34.58,-2.489999999999995,-7.2,26512.41,87546.324,32.93,19264.06,34.46,13988.26,38.98,10721.99,49.0,18809.71,48.26,19035.98,42.41,11430.27,33.55,15433.24,36.28,12133.02,38.2,10974.24,41.0,10479.67,47.96,14833.25
1021,000710.SZ,20181022,32.8,34.6,32.53,34.58,32.43,2.1499999999999986,6.63,32656.99,109283.065,33.02,16415.83,34.97,12768.71,39.38,10277.14,49.11,18919.43,48.3,19047.27,42.67,11238.75,33.96,13974.86,36.6,11483.54,38.61,10319.29,41.23,10353.49,48.23,15070.55
1022,000710.SZ,20181019,31.09,33.0,31.09,32.43,32.18,0.25,0.78,19519.98,62735.602,33.01,12125.56,35.37,11061.01,39.72,9703.74,49.2,18796.48,48.33,18939.97,42.88,10939.54,34.26,11421.15,36.92,10178.38,38.93,9542.61,41.43,9996.04,48.46,15155.0
1023,000710.SZ,20181018,33.27,33.27,32.0,32.18,33.37,-1.1899999999999977,-3.57,9015.09,29226.277,33.31,10172.65,35.97,10180.79,40.07,9459.05,49.29,18798.81,48.38,18907.53,43.09,10774.65,34.89,10315.8,37.33,9779.79,39.36,9250.01,41.67,9853.64,48.67,15368.02
1024,000710.SZ,20181017,33.17,33.66,32.65,33.37,32.53,0.8399999999999963,2.58,8615.85,28603.965,33.51,11867.11,36.57,10339.24,40.42,9440.4,49.39,18840.78,48.43,18974.75,43.33,10771.14,35.54,10480.11,37.81,9684.01,39.8,9228.1,41.93,9947.34,48.9,15530.77
1025,000710.SZ,20181016,34.18,34.26,32.25,32.53,34.52,-1.990000000000002,-5.76,12271.23,40774.519,34.18,11602.41,37.04,10087.87,40.71,9609.1,49.47,18889.32,48.48,19043.47,43.56,10761.81,36.19,10664.23,38.24,9613.35,40.21,9320.49,42.16,10146.47,49.14,15963.59
1026,000710.SZ,20181015,34.06,35.8,34.06,34.52,33.93,0.5900000000000034,1.74,11205.63,39299.955,34.91,11533.89,37.61,9786.93,41.02,9539.85,49.57,18949.08,48.55,19035.54,43.8,10690.73,36.95,10244.81,38.69,9385.64,40.66,9350.17,42.43,10251.0,49.37,16189.38
1027,000710.SZ,20181012,33.87,34.41,32.63,33.93,33.19,0.740000000000002,2.23,9755.47,32848.39,35.5,10716.74,37.99,9451.02,41.23,9375.03,49.67,19014.66,48.61,19077.17,44.02,10715.48,37.49,10231.74,39.12,9243.96,41.0,9350.0,42.68,10505.29,49.54,16368.47
1028,000710.SZ,20181011,35.37,35.62,33.08,33.19,36.71,-3.520000000000003,-9.59,17487.36,59502.916,36.48,10458.95,38.34,9740.82,41.45,9333.02,49.76,19098.57,48.69,19129.97,44.26,10744.93,38.05,9790.99,39.63,9278.29,41.33,9304.18,42.92,10623.94,49.75,16530.05
1029,000710.SZ,20181010,36.21,36.9,36.05,36.71,36.19,0.5200000000000031,1.44,7292.38,26658.122,37.56,9093.12,38.94,8899.76,41.71,9013.72,49.85,19103.16,48.78,19172.02,44.51,10691.15,38.73,8878.16,40.13,8773.8,41.67,9199.66,43.13,10628.1,49.96,16806.01
1030,000710.SZ,20181009,37.53,38.1,35.82,36.19,37.5,-1.3100000000000023,-3.49,11928.6,43801.363,38.2,9726.04,39.25,9227.14,41.88,9146.91,49.92,19172.04,48.84,19227.61,44.71,10833.28,39.0,8832.81,40.52,8744.73,41.88,9287.14,43.34,10725.69,50.13,17054.94
1031,000710.SZ,20181008,38.0,38.47,37.5,37.5,38.8,-1.2999999999999972,-3.35,7119.9,27068.693,38.99,8955.73,39.68,8855.67,42.09,9194.35,50.0,19259.59,48.91,19280.05,44.95,10996.81,39.23,8992.23,40.94,8491.51,42.06,9076.24,43.54,10691.59,50.28,17130.88
1032,000710.SZ,20180928,38.8,39.18,38.01,38.8,38.62,0.17999999999999972,0.47,8466.53,32841.896,39.48,9746.74,40.01,8862.03,42.24,9295.88,50.07,19403.89,48.96,19387.51,45.21,11042.93,39.58,8935.6,41.27,8603.34,42.19,9116.48,43.72,10699.04,50.43,17367.9
1033,000710.SZ,20180927,39.86,39.86,38.62,38.62,39.87,-1.25,-3.14,10658.17,41735.096,39.62,9123.03,40.23,8804.38,42.34,9351.68,50.13,19621.93,49.02,19396.22,45.45,11120.75,39.77,9243.78,41.59,8717.11,42.3,9055.31,43.87,10708.17,50.58,17564.17
1034,000710.SZ,20180926,39.97,40.28,39.63,39.87,40.15,-0.28000000000000114,-0.7,10457.0,41784.943,39.9,8663.2,40.57,8628.52,42.42,9413.82,50.17,19693.41,49.08,19391.02,45.7,11234.85,40.09,8887.91,41.93,8602.1,42.42,9094.06,44.04,10766.76,50.72,17856.58
1035,000710.SZ,20180925,39.94,40.15,39.37,40.15,39.98,0.1700000000000017,0.43,8077.06,32277.947,39.81,7939.58,40.91,8627.38,42.43,9483.25,50.19,19698.21,49.14,19434.28,45.94,11322.98,40.29,8562.48,42.23,8648.63,42.55,9196.88,44.24,10905.13,50.86,18585.48
1036,000710.SZ,20180921,39.84,40.1,38.95,39.98,39.49,0.4899999999999949,1.24,11074.94,44036.288,39.48,9028.73,41.14,8575.1,42.5,9458.25,50.21,19805.46,49.2,19467.04,46.18,11511.31,40.43,8526.47,42.52,8902.84,42.63,9280.04,44.42,10972.99,50.96,19021.92
1037,000710.SZ,20180920,40.18,40.2,39.38,39.49,40.0,-0.509999999999998,-1.27,5348.0,21276.03,39.68,8124.47,41.49,8239.42,42.55,9383.62,50.24,19941.16,49.26,19525.28,46.42,11709.99,40.75,8256.18,42.75,8909.12,42.69,9256.33,44.6,10958.67,51.03,19123.82
1038,000710.SZ,20180919,39.56,40.39,39.56,40.0,39.43,0.5700000000000003,1.45,8359.0,33484.544,39.93,9364.52,41.88,8356.05,42.62,9490.85,50.24,19986.86,49.34,19574.97,46.64,11810.33,41.22,8765.59,42.97,9060.78,42.76,9503.76,44.75,10988.76,51.1,19272.89
1039,000710.SZ,20180918,38.57,39.57,38.57,39.43,38.5,0.9299999999999997,2.42,6838.88,26823.176,40.28,9112.62,42.19,8432.78,42.7,9642.06,50.25,20046.81,49.42,19593.03,46.85,11944.58,41.53,8669.44,43.14,9360.41,42.77,9652.38,44.91,10995.31,51.17,19533.04
1040,000710.SZ,20180917,40.94,40.94,38.48,38.5,40.96,-2.460000000000001,-6.01,13522.84,52883.254,40.77,9185.37,42.63,8733.02,42.84,9670.28,50.25,20089.55,49.5,19677.91,47.05,12000.83,42.05,8656.66,43.32,9514.3,42.87,9665.32,45.1,11013.26,51.24,19771.47
1041,000710.SZ,20180914,40.75,41.32,40.75,40.96,40.74,0.21999999999999886,0.54,6553.61,26938.48,41.39,8024.21,43.17,8335.72,43.03,9428.99,50.26,20110.87,49.6,19648.5,47.25,12010.27,42.65,7990.8,43.48,9118.25,42.98,9499.14,45.3,10903.55,51.28,19846.04
1042,000710.SZ,20180913,42.02,42.32,39.93,40.74,41.79,-1.0499999999999972,-2.51,11548.25,47200.652,41.82,8387.88,43.54,8707.56,43.15,9551.06,50.25,20214.35,49.68,19702.2,47.43,12114.23,42.96,8271.08,43.5,9206.92,43.01,9580.49,45.47,11012.02,51.3,20005.57
1043,000710.SZ,20180912,41.98,42.28,41.19,41.79,41.84,-0.05000000000000426,-0.12,7099.5,29665.73,42.51,8166.67,43.94,8831.64,43.31,9446.21,50.23,20224.93,49.76,19729.95,47.6,12257.76,43.4,8190.45,43.56,8961.07,43.08,9645.55,45.65,11018.95,51.35,20047.96
1044,000710.SZ,20180911,41.75,42.27,41.19,41.84,41.6,0.240000000000002,0.58,7202.67,30044.617,42.77,8226.26,44.16,9147.11,43.46,9457.38,50.21,20252.16,49.84,19764.02,47.79,12568.89,43.77,8316.29,43.59,9197.14,43.15,9668.85,45.83,11124.86,51.4,20226.78
1045,000710.SZ,20180910,43.15,43.89,41.6,41.6,43.11,-1.509999999999998,-3.5,7717.0,32654.753,43.33,8127.94,44.32,9237.76,43.62,9497.42,50.19,20336.76,49.93,19823.02,47.95,12834.42,44.16,8734.78,43.68,9514.08,43.26,9606.06,45.99,11304.02,51.46,20519.36
1046,000710.SZ,20180907,45.04,45.04,43.0,43.11,44.21,-1.1000000000000014,-2.49,8372.0,36726.108,43.91,7957.38,44.46,9748.11,43.8,9778.69,50.17,20480.53,50.01,19877.91,48.13,12930.17,44.6,9279.22,43.73,9656.83,43.37,9705.62,46.2,11578.63,51.5,20579.66
1047,000710.SZ,20180906,43.15,44.6,43.15,44.21,43.11,1.1000000000000014,2.55,10442.18,46122.942,44.1,8154.28,44.45,9866.94,43.88,10089.57,50.14,20523.25,,,48.31,13001.15,44.75,9562.07,43.67,9756.41,43.48,9692.67,46.43,11615.4,51.53,20675.35
1048,000710.SZ,20180905,44.6,44.69,43.11,43.11,44.6,-1.490000000000002,-3.34,7397.43,32458.91,44.29,8214.23,44.25,9494.59,43.95,10112.15,50.11,20548.22,,,48.47,13120.31,44.73,9355.97,43.52,9872.84,43.56,9593.9,46.64,11679.75,51.54,20713.82
1049,000710.SZ,20180904,44.41,44.75,43.84,44.6,44.51,0.09000000000000341,0.2,6711.11,29798.661,44.76,8406.33,44.12,9566.11,44.05,10217.41,50.1,20638.34,,,48.66,13339.3,44.75,10051.38,43.38,10143.86,43.7,9632.79,46.88,11876.72,51.56,20782.22
1050,000710.SZ,20180903,44.33,44.89,43.7,44.51,44.05,0.46000000000000085,1.04,6864.2,30430.889,45.0,9341.62,43.91,9559.97,44.14,10450.52,50.08,20732.22,,,48.81,13587.94,44.59,10371.94,43.28,10169.65,43.81,9985.1,47.1,12049.32,51.58,20900.26
1051,000710.SZ,20180831,44.8,45.0,43.98,44.05,45.18,-1.1300000000000026,-2.5,9356.49,41432.842,45.29,10601.06,43.75,9941.24,44.22,10853.45,50.08,20760.46,,,48.97,13811.37,44.31,10245.7,43.15,10253.32,43.85,10387.68,47.33,12304.95,51.61,21015.14
1052,000710.SZ,20180830,45.23,46.29,44.88,45.18,45.48,-0.29999999999999716,-0.66,10741.92,48889.188,45.4,10969.86,43.72,10263.17,44.36,11123.64,50.09,20822.17,,,49.15,14063.88,44.04,10142.76,43.04,10235.19,43.94,10449.46,47.56,12581.94,51.63,21119.16
1053,000710.SZ,20180829,45.77,46.23,45.12,45.48,45.77,-0.29000000000000625,-0.63,8357.94,38262.006,45.16,10497.7,43.52,10250.1,44.5,11586.02,50.1,20877.28,,,49.35,14441.73,43.71,9731.7,42.92,10373.1,43.98,10457.27,47.73,12617.46,51.65,21180.88
1054,000710.SZ,20180828,45.79,46.4,45.31,45.77,45.98,-0.20999999999999375,-0.46,11387.53,52175.076,44.74,11696.42,43.25,10404.37,44.57,11836.51,50.12,20990.02,,,49.51,14680.18,43.41,10077.98,42.84,10345.12,44.05,10666.57,47.91,12785.29,51.65,21254.65
1055,000710.SZ,20180827,44.79,46.26,43.9,45.98,44.6,1.3799999999999955,3.09,13161.4,59824.448,44.18,11402.27,42.91,10510.79,44.58,12023.26,50.13,21026.82,,,49.65,15314.8,43.19,10293.38,42.8,10041.69,44.1,10972.45,48.06,12779.79,51.67,21364.22
1056,000710.SZ,20180824,44.05,44.87,43.75,44.6,43.99,0.6099999999999994,1.39,11200.53,49753.726,43.33,9890.34,42.47,10484.35,44.67,12022.85,50.14,21079.82,,,49.85,15827.72,42.85,10034.44,42.76,9918.83,44.19,11151.83,48.18,12797.62,51.69,21487.04
1057,000710.SZ,20180823,43.35,44.2,42.92,43.99,43.35,0.6400000000000006,1.48,8381.1,36600.586,42.69,9315.66,42.31,10178.69,44.78,11984.1,50.15,21177.59,,,50.16,15853.82,42.59,9950.74,42.84,9757.97,44.37,11660.58,48.34,12850.12,51.71,21725.91
1058,000710.SZ,20180822,44.0,44.87,43.19,43.35,42.99,0.35999999999999943,0.84,14351.54,62983.526,42.26,8965.69,42.15,10190.73,44.9,11960.16,50.18,21188.4,,,50.48,15931.74,42.32,10389.72,42.98,9712.87,44.5,11943.69,48.5,13082.31,51.71,21830.66
1059,000710.SZ,20180821,41.76,43.1,41.76,42.99,41.7,1.2899999999999991,3.09,9916.79,42363.373,42.08,8459.54,42.03,9778.61,45.03,11803.17,50.22,21156.66,,,50.81,15999.76,42.02,10236.34,43.18,9423.5,44.59,12056.54,48.71,13350.36,51.71,21803.96
1060,000710.SZ,20180820,41.01,42.09,40.88,41.7,41.4,0.30000000000000426,0.72,5601.73,23214.576,42.19,9184.49,42.01,10054.24,45.21,11928.38,50.27,21211.17,,,51.12,16150.64,41.98,9967.36,43.41,9791.67,44.79,12164.23,48.89,13637.04,51.71,21917.32
1061,000710.SZ,20180817,42.75,42.79,41.33,41.4,41.88,-0.480000000000004,-1.15,8327.15,34876.61,42.37,10178.54,42.18,10223.22,45.51,12315.36,50.33,21266.81,,,51.45,16337.35,41.99,10260.94,43.62,10458.68,45.02,12306.94,49.12,13791.98,51.73,22125.78
1062,000710.SZ,20180816,40.77,42.79,40.77,41.88,42.44,-0.5599999999999952,-1.32,6631.26,27754.012,42.49,10585.82,42.47,9991.82,45.79,12427.75,50.4,21354.24,,,51.77,16497.53,42.03,10327.63,43.89,10602.82,45.24,12281.6,49.37,13881.45,51.72,22155.79
1063,000710.SZ,20180815,43.5,43.54,41.4,42.44,43.55,-1.1099999999999994,-2.55,11820.77,50560.555,42.38,11813.75,42.72,10305.11,46.04,12533.18,50.47,21403.65,,,52.08,16820.35,42.12,11014.5,44.12,10820.06,45.43,12361.03,49.61,14093.91,51.71,22242.13
1064,000710.SZ,20180814,42.69,44.4,42.69,43.55,42.6,0.9499999999999957,2.23,13541.53,59146.508,41.95,12013.14,43.0,10009.93,46.23,12395.9,50.55,21400.81,,,52.41,17100.42,42.26,10612.26,44.37,10960.86,45.66,12439.46,49.86,14293.93,51.69,22251.9
1065,000710.SZ,20180813,41.31,42.96,40.9,42.6,42.0,0.6000000000000014,1.43,10572.01,44781.475,41.76,10750.23,43.26,9543.58,46.41,12255.03,50.61,21453.88,,,52.69,17348.29,42.42,9790.01,44.56,11311.98,45.94,12613.39,50.07,14490.89,51.65,22277.32
1066,000710.SZ,20180810,41.5,42.58,41.5,42.0,41.3,0.7000000000000028,1.69,10363.52,43611.437,41.6,10343.34,43.62,9389.14,46.65,12176.91,50.7,21439.85,,,52.99,17940.49,42.67,9803.21,44.86,11710.53,46.22,12665.94,50.3,14708.38,51.63,22368.02
1067,000710.SZ,20180809,40.33,42.2,40.16,41.3,40.32,0.9799999999999969,2.43,12770.91,52897.744,41.56,10069.43,44.05,9921.19,46.89,12076.22,50.78,21476.42,,,53.26,18372.87,43.09,9565.2,45.26,12515.5,46.49,12661.01,50.56,15007.24,51.6,22390.59
1068,000710.SZ,20180808,42.56,42.76,39.82,40.32,42.56,-2.240000000000002,-5.26,12817.71,52412.795,41.86,10215.25,44.4,10395.88,47.18,12084.79,50.88,21500.5,,,53.47,18803.68,43.65,9036.01,45.59,12720.67,46.74,12473.75,50.87,15445.73,51.58,22376.0
1069,000710.SZ,20180807,41.82,42.65,41.02,42.56,41.81,0.75,1.79,7227.0,30428.486,42.57,9211.39,44.9,10272.2,47.52,12059.68,50.99,21500.77,,,53.73,19013.38,44.34,8610.67,45.88,12966.65,47.06,12338.23,51.16,15669.47,51.56,22430.73
1070,000710.SZ,20180806,42.5,43.8,41.56,41.81,41.8,0.010000000000005116,0.02,8537.57,36023.267,43.09,8829.79,45.2,10560.6,47.81,12242.83,51.08,21569.85,,,54.0,19724.41,44.85,9615.99,46.2,13262.67,47.34,12361.2,51.39,16532.08,51.53,22607.34
1071,000710.SZ,20180803,42.82,43.0,41.8,41.8,42.82,-1.0200000000000031,-2.38,8993.97,38116.622,43.75,9263.08,45.64,11029.77,48.09,12519.73,51.17,21628.57,,,54.23,20135.45,45.25,10656.41,46.54,13329.94,47.61,12307.95,51.71,17250.3,51.5,22657.23
1072,000710.SZ,20180802,42.56,43.79,42.05,42.82,43.88,-1.0600000000000023,-2.42,13500.0,57442.375,44.62,9060.97,46.06,11919.76,48.47,12966.77,,,,,54.42,20451.49,45.75,10878.01,46.85,13258.59,47.93,12443.55,52.14,17319.7,51.49,22699.26
1073,000710.SZ,20180801,45.49,45.72,43.88,43.88,45.12,-1.2399999999999949,-2.75,7798.4,34791.688,45.43,7856.77,46.51,12307.69,48.88,12880.85,,,,,54.64,20660.09,46.12,10625.62,47.09,13034.29,48.22,12392.35,52.56,17331.79,51.48,22756.54
1074,000710.SZ,20180731,44.88,45.44,44.61,45.12,45.11,0.00999999999999801,0.02,5319.01,24039.098,46.11,8009.95,46.98,13743.42,49.25,13072.16,,,,,54.83,21230.81,46.48,11309.46,47.36,13353.06,48.51,12580.88,52.96,17526.03,51.46,22860.14
1075,000710.SZ,20180730,46.16,46.55,44.9,45.11,46.16,-1.0499999999999972,-2.27,10704.04,48598.833,46.62,10402.19,47.19,14632.29,49.61,13480.88,,,,,54.99,21655.42,46.7,12833.95,47.7,14025.07,48.72,13001.98,53.32,17791.26,51.46,22906.91
1076,000710.SZ,20180727,46.99,47.31,46.06,46.16,46.89,-0.730000000000004,-1.56,7983.4,37228.141,46.74,12049.74,47.27,15173.3,50.0,13668.04,,,,,55.12,21793.25,47.05,13617.85,47.99,14097.3,49.03,13451.63,53.66,17939.6,51.46,22969.72
1077,000710.SZ,20180726,47.8,47.8,46.74,46.89,47.27,-0.38000000000000256,-0.8,7479.0,35254.42,46.88,12695.04,47.49,15570.54,50.35,14086.22,,,,,55.24,22160.97,47.43,15465.8,48.2,14208.92,49.39,13538.13,53.99,18145.56,51.46,23058.84
1078,000710.SZ,20180725,47.7,48.36,47.03,47.27,47.67,-0.3999999999999986,-0.84,8564.29,40809.248,46.8,13394.47,47.62,15755.46,50.67,14630.25,,,,,55.36,22488.16,47.54,16405.34,48.29,14192.62,49.71,13765.6,54.29,18534.95,51.48,23201.46
1079,000710.SZ,20180724,45.6,47.94,45.1,47.67,45.73,1.9400000000000048,4.24,17280.2,81355.43,46.85,14608.98,47.67,15678.75,50.92,14756.98,,,,,55.47,22983.93,47.42,17322.63,48.42,14202.01,50.05,14120.64,54.62,18939.32,51.48,23269.15
1080,000710.SZ,20180723,45.47,46.13,44.0,45.73,46.82,-1.0900000000000034,-2.33,18941.83,85507.478,46.77,15265.72,47.67,15042.89,51.16,14790.74,,,,,55.59,24059.2,47.55,16909.35,48.58,13733.8,50.4,14113.54,54.91,19186.84,51.47,23298.42
1081,000710.SZ,20180720,46.51,47.15,45.75,46.82,46.5,0.3200000000000003,0.69,11209.89,52086.845,47.36,15185.95,47.94,14676.11,51.42,14558.85,,,,,55.68,24612.64,47.83,16003.47,48.8,13133.71,50.81,14222.21,55.23,19787.6,51.48,23351.24
1082,000710.SZ,20180719,47.48,47.48,46.35,46.5,47.55,-1.0499999999999972,-2.21,10976.15,51245.934,47.99,18236.56,48.33,15256.83,51.62,14647.7,,,,,55.7,24773.88,47.95,15639.18,49.02,13226.32,51.18,14714.41,55.48,20313.97,51.49,23340.64
1083,000710.SZ,20180718,47.26,48.38,47.26,47.55,47.25,0.29999999999999716,0.63,14636.82,70053.954,48.28,19416.21,48.67,15347.01,51.85,14746.95,,,,,55.72,24937.36,48.07,15442.97,49.28,13275.72,51.49,14777.64,55.66,20882.4,51.52,23330.67
1084,000710.SZ,20180717,48.45,48.45,46.31,47.25,48.67,-1.4200000000000017,-2.92,20563.89,96706.899,47.98,20036.28,48.89,15006.93,52.02,14972.71,,,,,55.73,25269.9,48.24,15396.66,49.52,13216.59,51.77,14904.02,55.87,21114.2,51.53,23356.76
1085,000710.SZ,20180716,49.9,49.9,48.0,48.67,49.98,-1.3099999999999952,-2.62,18543.0,90167.101,48.33,18552.99,49.0,13975.34,52.28,15263.02,,,,,55.73,25468.37,48.7,15216.2,49.73,13085.99,52.01,14587.13,56.13,21780.71,51.56,23298.84
1086,000710.SZ,20180713,48.0,51.1,47.6,49.98,47.93,2.049999999999997,4.28,26462.95,131904.314,48.31,16820.99,49.09,13222.18,52.43,15515.22,,,,,55.67,25520.76,48.93,14576.75,50.02,13368.52,52.17,14443.4,56.3,22127.75,51.58,23318.63
1087,000710.SZ,20180712,46.51,48.48,46.28,47.93,46.08,1.8500000000000014,4.01,16874.37,80526.266,47.9,13041.8,49.16,11795.5,52.59,15175.07,,,,,55.58,25510.55,48.96,12952.03,50.37,12574.3,52.32,14039.65,56.4,22231.65,51.6,23212.65
1088,000710.SZ,20180711,47.0,47.83,45.58,46.08,49.0,-2.9200000000000017,-5.96,17737.17,82751.473,47.86,11469.73,49.33,11031.32,52.85,15081.58,,,,,55.56,25507.35,49.04,11979.91,50.8,12445.73,52.5,14220.93,56.59,22436.16,51.65,23167.13
1089,000710.SZ,20180710,48.78,49.89,48.5,49.0,48.55,0.45000000000000284,0.93,13147.47,64531.62,48.49,10757.05,49.72,10671.7,53.14,15129.87,,,,,55.58,25651.63,49.41,11081.39,51.36,12519.65,52.83,14644.17,56.79,22983.91,51.7,23195.84
1090,000710.SZ,20180709,48.1,49.2,48.1,48.55,47.96,0.5899999999999963,1.23,9883.0,48203.638,49.06,11879.4,49.93,10580.67,53.39,15443.82,,,,,55.58,26040.5,49.6,10558.25,51.82,12715.64,52.99,15109.85,56.93,23384.2,51.75,23157.55
1091,000710.SZ,20180706,47.72,49.0,47.22,47.96,47.72,0.240000000000002,0.5,7567.0,36487.181,49.54,12332.5,50.23,10855.37,53.61,15898.99,,,,,55.56,26108.09,49.77,10263.95,52.29,13331.58,53.22,15277.01,57.03,23570.18,51.8,23205.43
1092,000710.SZ,20180705,49.1,49.81,47.51,47.72,49.21,-1.490000000000002,-3.03,9014.01,43837.663,50.02,12862.26,50.5,11654.22,53.85,16371.18,,,,,55.54,26271.92,50.08,10813.47,52.79,14252.02,53.51,15481.3,57.15,24036.76,51.86,23277.7
1093,000710.SZ,20180704,51.58,51.78,49.01,49.21,51.85,-2.6400000000000006,-5.09,14173.77,71120.132,50.22,12490.09,51.02,12821.88,54.15,16938.28,,,,,55.5,26352.52,50.49,11108.47,53.19,14444.97,53.79,15826.8,57.29,24420.17,51.93,23309.72
1094,000710.SZ,20180703,51.55,52.4,49.61,51.85,50.98,0.8700000000000045,1.71,18759.22,96189.629,50.34,11405.73,51.61,12545.33,54.47,17670.82,,,,,55.46,26371.62,50.81,11036.51,53.53,14657.69,54.06,16148.4,57.4,24946.39,51.98,23334.72
1095,000710.SZ,20180702,50.35,52.39,49.95,50.98,50.36,0.6199999999999974,1.23,12148.5,62290.169,50.15,9237.1,51.97,12202.53,54.64,17890.9,,,,,55.4,26399.84,50.77,10955.79,53.67,14272.6,54.2,16368.39,57.47,26265.82,52.01,23320.01
1096,000710.SZ,20180629,48.83,50.73,48.58,50.36,48.7,1.6599999999999966,3.41,10215.79,50744.921,49.99,8195.4,52.46,12746.16,54.8,19268.41,,,,,55.35,26513.18,51.12,12160.3,53.79,14376.73,54.38,16750.83,57.5,27070.85,,
1097,000710.SZ,20180628,49.5,50.18,48.7,48.7,49.79,-1.0899999999999963,-2.19,7153.15,35417.389,50.14,8764.68,53.06,13273.19,55.11,20486.5,,,,,55.31,26668.16,51.77,12196.57,53.99,14583.46,54.62,17353.47,57.47,27288.96,,
1098,000710.SZ,20180627,50.55,51.22,49.79,49.79,50.9,-1.1099999999999994,-2.18,8752.0,44084.891,50.75,9726.85,53.77,14430.78,55.67,20663.11,,,,,55.28,26814.76,52.56,12911.55,54.23,15341.45,55.0,18417.71,57.46,27557.03,,
1099,000710.SZ,20180626,50.02,50.95,49.32,50.9,50.19,0.7100000000000009,1.41,7916.06,39682.429,51.29,10667.28,54.4,15755.69,56.2,20824.09,,,,,55.24,26927.55,53.31,13957.92,54.53,16425.56,55.27,19000.7,57.43,28070.78,,
1100,000710.SZ,20180625,52.01,52.35,50.01,50.19,51.14,-0.9500000000000028,-1.86,6940.02,35461.932,51.39,12674.47,54.78,16137.0,56.71,21163.4,,,,,55.2,27149.15,54.04,14873.03,54.68,17385.65,55.44,20702.97,57.37,28529.68,,
1101,000710.SZ,20180622,51.0,52.81,49.22,51.14,51.75,-0.6099999999999994,-1.18,13062.16,66605.997,52.25,16125.19,55.22,17020.7,57.18,21583.78,,,,,55.17,27428.61,54.82,16399.21,54.95,17783.54,55.8,22192.66,57.27,28788.54,,
1102,000710.SZ,20180621,52.47,54.0,51.18,51.75,52.45,-0.7000000000000028,-1.33,11964.0,62797.739,53.4,15628.47,55.49,16866.49,57.62,21776.21,,,,,55.11,27785.97,55.5,17690.57,55.22,17815.21,56.35,22195.85,57.14,28999.13,,
1103,000710.SZ,20180620,51.3,52.78,50.6,52.45,51.42,1.0300000000000011,2.0,13454.18,70037.726,54.36,16096.24,55.61,17040.87,58.03,22022.58,,,,,55.02,27905.8,55.9,17781.48,55.44,18185.96,56.9,22271.22,57.05,29076.97,,
1104,000710.SZ,20180619,53.95,55.49,49.99,51.42,54.51,-3.0899999999999963,-5.67,17952.0,94747.482,55.34,17248.55,55.76,17109.83,58.4,22534.01,,,,,54.89,27875.05,56.26,18278.88,55.68,18704.35,57.42,22471.17,56.97,29328.7,,
1105,000710.SZ,20180615,56.6,57.17,52.8,54.51,56.87,-2.3599999999999994,-4.15,24193.61,131393.63,56.69,17071.59,55.91,17445.27,58.86,22971.49,,,,,54.78,27949.29,56.57,17589.42,55.91,19074.7,57.91,22580.54,56.93,29734.71,,
1106,000710.SZ,20180614,56.54,57.4,56.25,56.87,56.54,0.3299999999999983,0.58,10578.54,60090.066,57.38,16673.23,56.02,17925.33,59.16,23204.96,,,,,54.63,28034.93,56.46,16593.16,56.0,19046.09,58.3,22427.58,56.8,29580.68,,
1107,000710.SZ,20180613,57.3,58.0,56.5,56.54,57.36,-0.8200000000000003,-1.43,14302.88,81761.142,57.59,19752.68,55.8,19197.57,59.4,24511.1,,,,,54.41,28052.93,56.21,16970.36,56.05,19931.93,58.59,22752.98,56.62,29735.29,,
1108,000710.SZ,20180612,58.1,58.43,56.02,57.36,58.15,-0.7899999999999991,-1.36,19215.7,109490.277,57.44,19466.71,55.71,19243.34,59.56,25349.01,,,,,54.2,28088.78,55.9,17771.35,56.22,21170.79,58.88,23304.31,56.44,29747.88,,
1109,000710.SZ,20180611,57.95,58.8,57.46,58.15,58.0,0.14999999999999858,0.26,17067.21,98996.613,57.17,19309.22,55.65,18818.72,59.56,26109.78,,,,,53.97,28005.81,55.75,18893.22,56.24,21522.09,59.2,23758.0,56.24,29687.73,,
1110,000710.SZ,20180608,57.83,58.84,57.14,58.0,57.9,0.10000000000000142,0.17,22201.82,128747.746,56.45,18107.25,55.49,18996.55,59.62,26447.37,,,,,53.72,27999.49,55.33,19898.27,56.15,23617.93,59.42,24260.14,56.06,29751.2,,
1111,000710.SZ,20180607,56.04,57.98,56.04,57.9,55.8,2.1000000000000014,3.76,25975.78,148414.667,55.53,16513.08,55.44,19121.17,59.76,27575.38,,,,,53.48,27989.54,55.08,19167.87,56.29,25089.38,59.65,25353.0,55.89,29725.33,,
1112,000710.SZ,20180606,56.08,56.28,55.5,55.8,56.0,-0.20000000000000284,-0.36,12873.06,71778.473,54.83,14188.04,55.3,19073.72,59.79,27969.2,,,,,53.21,27817.49,54.94,17939.86,56.78,24448.49,59.79,25913.52,55.71,29656.38,,
1113,000710.SZ,20180605,54.56,56.8,54.3,56.0,54.56,1.4399999999999977,2.64,18428.22,103044.522,54.35,16075.99,55.34,19900.53,59.79,28552.26,,,,,52.99,27792.78,54.97,18590.45,57.4,24516.1,59.84,26987.15,55.56,29744.31,,
1114,000710.SZ,20180604,53.06,54.99,53.06,54.56,53.39,1.1700000000000017,2.19,11057.35,60142.979,54.33,18477.21,55.48,20659.53,59.88,28867.45,,,,,52.75,27805.54,55.11,19129.82,58.0,24567.32,59.98,27324.39,55.4,29724.02,,
1115,000710.SZ,20180601,54.35,55.0,53.0,53.39,54.42,-1.0300000000000011,-1.89,14231.0,76884.217,54.21,21689.29,55.89,22815.13,60.0,30030.54,,,,,52.55,28037.05,55.25,20559.98,58.58,25076.1,60.25,28974.28,55.28,29948.66,,
1116,000710.SZ,20180531,53.93,55.39,53.29,54.42,53.39,1.0300000000000011,1.93,14350.56,77737.086,54.62,21822.65,56.23,23739.04,60.1,30705.05,,,,,52.35,28040.95,55.55,21499.03,59.22,25344.79,60.44,29812.11,55.2,30176.47,,
1117,000710.SZ,20180530,55.0,55.0,52.33,53.39,55.9,-2.509999999999998,-4.49,22312.8,119783.326,55.04,21691.68,56.37,27172.38,60.11,30901.85,,,,,52.16,28036.78,55.89,22893.49,59.78,25644.29,60.49,30423.65,55.07,30601.7,,
1118,000710.SZ,20180529,54.0,56.88,54.0,55.9,53.95,1.9499999999999957,3.61,30434.35,169585.368,55.59,21104.91,56.95,29427.6,60.17,31291.53,,,,,52.0,28010.93,56.54,24570.24,60.37,26070.79,60.67,30651.39,54.93,30579.0,,
1119,000710.SZ,20180528,55.46,55.89,53.78,53.95,55.45,-1.5,-2.71,27117.74,148449.598,55.88,19782.42,57.86,28098.65,60.17,31338.13,,,,,51.81,27874.87,56.73,24150.98,60.92,26190.39,60.76,31323.65,54.71,30257.57,,
1120,000710.SZ,20180525,56.38,56.44,55.2,55.45,56.52,-1.0700000000000003,-1.89,14897.79,82821.806,56.29,19430.66,58.95,27106.92,60.22,31886.06,,,,,51.69,27659.06,56.96,27337.6,61.47,26441.08,60.86,31658.55,54.53,30197.61,,
1121,000710.SZ,20180524,56.3,57.0,56.01,56.52,56.15,0.37000000000000455,0.66,13695.71,77400.711,56.48,21175.4,59.91,27457.29,60.24,34328.03,,,,,51.55,27703.64,57.51,31010.89,61.93,28445.56,60.83,31863.34,54.33,30459.58,,
1122,000710.SZ,20180523,57.63,57.9,55.85,56.15,57.32,-1.1700000000000017,-2.04,19378.97,110336.613,56.73,24095.31,60.67,28037.08,60.13,35703.16,,,,,51.42,27770.07,58.63,30957.12,62.21,29900.36,60.8,32592.21,54.06,30430.13,,
1123,000710.SZ,20180522,56.11,57.5,56.11,57.32,56.0,1.3200000000000003,2.36,23821.89,135718.728,57.49,28035.56,61.43,28054.45,59.91,35818.56,,,,,51.32,27839.59,59.83,30441.74,62.28,31185.51,60.79,33013.54,53.8,30390.35,,
1124,000710.SZ,20180521,56.96,57.45,55.17,56.0,56.41,-0.4099999999999966,-0.73,25358.96,142360.131,57.59,28519.53,62.07,27786.66,59.64,35801.37,,,,,51.19,27744.46,60.89,30004.83,62.41,31421.67,60.74,33744.38,53.52,30209.86,,
1125,000710.SZ,20180518,57.78,58.1,55.88,56.41,57.78,-1.3700000000000045,-2.37,23621.49,133448.872,57.63,35244.53,62.77,28208.49,59.4,36219.54,,,,,51.07,27683.57,61.92,29592.22,62.76,33181.44,60.74,36163.25,53.24,30063.76,,
1126,000710.SZ,20180517,59.95,60.06,57.0,57.78,59.94,-2.1599999999999966,-3.6,28295.24,163962.007,58.54,40846.38,63.59,28916.56,59.14,36567.43,,,,,50.94,27705.69,62.88,29190.55,62.89,33968.65,60.62,37390.87,52.96,30027.66,,
1127,000710.SZ,20180516,57.69,60.89,57.21,59.94,57.8,2.1400000000000006,3.7,39080.21,232976.267,60.53,37818.94,64.13,29211.65,58.74,36396.16,,,,,50.81,27460.92,63.68,28395.08,62.79,34188.73,60.32,37224.45,52.63,29773.94,,
1128,000710.SZ,20180515,55.89,58.16,55.89,57.8,56.23,1.5700000000000003,2.79,26241.75,150050.709,62.16,32847.93,64.5,30435.29,58.24,36002.54,,,,,50.67,27070.26,64.19,27571.34,62.74,33691.97,59.92,36696.35,52.28,29306.27,,
1129,000710.SZ,20180514,58.51,59.45,55.13,56.23,60.95,-4.720000000000006,-7.74,58983.98,334461.813,64.19,31490.12,64.84,31708.36,57.91,35719.98,,,,,50.56,26957.26,65.11,28229.81,62.78,34909.99,59.59,37140.86,51.96,29191.99,,
1130,000710.SZ,20180511,68.08,68.12,60.95,60.95,67.72,-6.769999999999996,-10.0,51630.71,322942.132,66.21,23939.91,64.93,30638.97,57.66,34825.1,,,,,50.49,26352.32,65.97,25544.56,62.81,33819.02,59.3,36356.38,51.67,28682.61,,
1131,000710.SZ,20180510,68.1,68.52,67.15,67.72,68.1,-0.37999999999999545,-0.56,13158.04,89346.75,67.23,17534.72,64.86,28863.16,57.31,34551.03,,,,,50.35,25942.81,66.36,25880.24,62.5,32289.57,58.74,35384.42,51.3,28064.15,,
1132,000710.SZ,20180509,68.1,68.48,67.0,68.1,67.97,0.12999999999999545,0.19,14225.16,96341.752,66.82,18971.23,64.48,32509.02,56.69,34603.8,,,,,50.15,25950.65,65.8,28843.59,61.89,33409.76,57.92,35802.4,50.85,28078.82,,
1133,000710.SZ,20180508,66.39,68.23,65.08,67.97,66.3,1.6700000000000017,2.52,19452.72,129549.886,66.23,22294.75,63.78,34442.91,56.05,34769.38,,,,,49.95,25913.14,64.73,31929.27,61.27,34299.43,57.2,35882.71,50.4,28181.29,,
1134,000710.SZ,20180507,66.09,66.54,65.08,66.3,66.04,0.2599999999999909,0.39,21232.9,139468.775,66.03,24969.49,62.85,35461.7,55.38,34640.14,,,,,49.75,25936.21,63.94,32838.52,60.66,35614.16,56.52,36186.23,49.96,28194.25,,
1135,000710.SZ,20180504,65.67,66.66,64.08,66.04,65.7,0.3400000000000034,0.52,19604.8,128071.86,65.73,27149.21,62.28,36070.32,54.78,34474.66,,,,,49.59,25767.14,63.59,36770.65,60.15,39448.76,55.95,36888.87,49.6,28022.56,,
1136,000710.SZ,20180503,64.38,66.37,63.81,65.7,65.12,0.5799999999999983,0.89,20340.57,131954.438,65.49,34225.75,61.71,38454.73,54.23,34512.03,,,,,49.44,25714.12,62.89,38746.74,59.48,41491.03,55.3,36733.79,49.25,27999.84,,
1137,000710.SZ,20180502,67.0,68.99,64.5,65.12,66.99,-1.8699999999999903,-2.79,30842.78,206896.794,64.77,38715.95,61.04,39748.89,53.7,34521.11,,,,,49.31,25659.43,61.9,39982.39,58.64,41639.13,54.66,36717.6,48.94,27972.13,,
1138,000710.SZ,20180427,65.22,67.5,63.66,66.99,64.81,2.1799999999999926,3.36,32826.4,217367.305,63.24,41563.78,60.23,38994.96,53.17,34256.3,,,,,49.18,25419.61,61.28,39812.6,57.78,41258.86,54.0,36191.46,48.66,27867.97,,
1139,000710.SZ,20180426,64.88,65.59,62.31,64.81,64.81,0.0,0.0,32131.48,205985.008,61.84,40707.54,59.34,39205.37,52.57,33824.6,,,,,49.03,25210.92,60.45,41590.18,56.83,41596.39,53.29,35617.46,48.33,27598.98,,
1140,000710.SZ,20180425,62.1,65.2,61.01,64.81,62.12,2.690000000000005,4.33,54987.53,351695.397,61.45,46392.1,58.65,39196.7,52.03,33385.75,,,,,48.9,25009.08,59.66,42093.49,55.96,41762.3,52.7,35242.26,48.04,27409.99,,
1141,000710.SZ,20180424,57.64,62.36,56.47,62.12,57.46,4.659999999999997,8.11,42791.55,257950.449,60.29,43267.73,57.95,38485.91,51.52,32490.12,,,,,,,58.64,38698.9,54.93,40136.52,52.13,34097.65,47.74,26914.87,,
1142,000710.SZ,20180423,60.1,61.8,55.5,57.46,60.0,-2.539999999999999,-4.23,45081.95,262603.616,59.03,41248.82,57.5,42726.93,51.12,32052.12,,,,,,,57.97,37975.93,53.98,39281.8,51.64,33399.24,47.51,26367.3,,
1143,000710.SZ,20180420,63.01,63.5,59.88,60.0,62.88,-2.8800000000000026,-4.58,28545.19,176033.391,59.33,38061.41,57.13,43909.11,50.81,31898.66,,,,,,,57.81,36669.6,53.44,37859.44,51.27,32501.46,47.37,25778.95,,
1144,000710.SZ,20180419,58.59,64.3,58.59,62.88,59.0,3.8800000000000026,6.58,60554.28,375815.887,59.05,42472.82,56.27,43505.83,50.36,31675.3,,,,,,,57.38,38389.81,52.82,37860.08,50.82,32123.65,47.19,25599.31,,
1145,000710.SZ,20180418,56.82,59.5,53.5,59.0,55.81,3.1899999999999977,5.72,39365.67,222352.595,57.86,37794.87,55.12,40635.29,49.77,30222.18,,,,,,,56.71,42126.87,52.12,36947.98,50.31,30923.03,47.0,24816.96,,
1146,000710.SZ,20180417,59.62,60.5,55.55,55.81,58.96,-3.1499999999999986,-5.34,32697.03,188680.243,56.98,34130.08,54.28,40651.55,49.3,29756.14,,,,,,,56.08,44235.33,51.51,35727.31,49.96,30540.83,46.85,24509.5,,
1147,000710.SZ,20180416,58.63,60.0,56.56,58.96,58.6,0.35999999999999943,0.61,29144.89,170916.012,56.92,34703.04,53.62,40863.29,48.94,29694.94,,,,,,,55.38,43295.88,51.03,35085.2,49.66,30779.74,46.8,24193.65,,
1148,000710.SZ,20180413,58.5,61.66,58.2,58.6,56.93,1.6700000000000017,2.93,50602.21,302011.011,56.29,35277.79,52.5,40349.98,48.39,29188.58,,,,,,,54.29,42705.12,50.35,34380.88,49.18,30506.62,46.7,23898.1,,
1149,000710.SZ,20180412,54.71,57.7,54.11,56.93,54.6,2.3299999999999983,4.27,37164.57,208370.189,55.72,34306.81,51.29,38434.22,47.87,28200.04,,,,,,,53.22,41602.6,49.72,32631.1,48.66,29191.48,46.61,23407.77,,
1150,000710.SZ,20180411,55.22,55.58,53.9,54.6,55.5,-0.8999999999999986,-1.62,21041.7,115010.774,55.56,46458.86,50.5,36854.99,47.37,27489.11,,,,,,,52.26,41431.11,49.23,31816.65,48.2,28736.66,46.57,22930.91,,
1151,000710.SZ,20180410,57.0,59.98,54.01,55.5,55.8,-0.29999999999999716,-0.54,35561.82,201277.715,55.18,54340.58,49.97,37433.18,46.92,27358.26,,,,,,,51.23,41574.13,48.88,31797.03,47.83,29055.82,46.57,22840.69,,
1152,000710.SZ,20180409,55.83,56.52,53.64,55.8,55.75,0.04999999999999716,0.09,32018.65,175084.609,53.84,51888.73,49.46,37952.44,46.46,26943.37,,,,,,,49.98,40587.68,48.47,31110.89,47.32,28268.05,46.58,22518.64,,
1153,000710.SZ,20180404,56.0,57.7,54.5,55.75,56.17,-0.4200000000000017,-0.75,45747.29,257031.489,52.28,50132.45,48.76,36639.65,45.93,26386.12,,,,,,,49.06,39049.27,48.01,30417.39,46.82,27767.15,46.57,22199.27,,
1154,000710.SZ,20180403,51.88,57.95,51.8,56.17,52.68,3.490000000000002,6.62,97924.86,549247.81,50.73,48898.39,48.04,34647.92,45.44,25364.73,,,,,,,48.25,37330.35,47.54,28990.56,46.3,26675.34,46.57,21723.05,,
1155,000710.SZ,20180402,48.81,53.11,48.81,52.68,48.81,3.8699999999999974,7.93,60450.26,311845.426,48.96,36403.36,47.21,28273.58,44.91,23054.72,,,,,,,47.53,31769.1,47.11,25321.12,45.73,23964.27,46.56,20374.2,,
1156,000710.SZ,20180330,48.66,49.87,48.51,48.81,48.01,0.8000000000000043,1.67,23302.59,114167.709,47.29,28807.69,46.68,24824.07,44.52,22112.69,,,,,,,46.93,27219.3,46.89,23693.58,45.31,22664.45,,,,
1157,000710.SZ,20180329,48.08,49.39,47.09,48.01,47.98,0.030000000000001137,0.06,23237.24,112382.43,46.12,29286.63,46.56,24637.38,44.21,21854.47,,,,,,,46.69,26874.52,46.8,24521.67,44.94,22323.43,,,,
1158,000710.SZ,20180328,46.48,49.9,46.48,47.98,47.33,0.6499999999999986,1.37,39577.01,193314.73,45.84,27966.09,46.53,24438.29,44.0,21583.91,,,,,,,46.42,26056.65,46.63,24407.37,44.64,21916.19,,,,
1159,000710.SZ,20180327,44.83,48.5,44.83,47.33,44.3,3.030000000000001,6.84,35449.7,166108.926,45.78,25762.31,46.47,23073.84,43.8,21019.11,,,,,,,46.21,23659.61,46.38,22985.92,44.32,21243.12,,,,
1160,000710.SZ,20180326,42.0,45.62,41.3,44.3,42.97,1.3299999999999983,3.1,22471.89,97784.595,46.1,27134.83,46.42,21742.98,43.64,20571.47,,,,,,,46.19,22202.2,46.17,22389.44,44.05,21008.83,,,,
1161,000710.SZ,20180323,44.96,45.86,42.91,42.97,46.64,-3.6700000000000017,-7.87,25697.3,114038.378,46.58,25630.92,46.58,21338.29,43.64,20232.05,,,,,,,46.53,22019.92,46.12,22796.67,43.85,20743.88,,,,
1162,000710.SZ,20180322,47.39,47.98,46.58,46.64,47.65,-1.009999999999998,-2.12,16634.56,78588.954,47.25,24462.41,46.94,21248.95,43.71,20012.76,,,,,,,46.96,21634.1,45.99,22108.23,43.78,20355.23,,,,
1163,000710.SZ,20180321,48.7,49.27,46.81,47.65,48.95,-1.3000000000000043,-2.66,28558.12,137620.014,47.0,24147.21,47.06,22115.48,43.71,20072.86,,,,,,,46.95,21785.5,45.7,22126.1,43.6,20479.88,,,,
1164,000710.SZ,20180320,46.1,49.98,45.71,48.95,46.7,2.25,4.82,42312.3,204949.021,46.64,21556.9,47.01,22985.2,43.73,19956.25,,,,,,,46.82,20650.77,45.32,21347.84,43.4,20202.27,,,,
1165,000710.SZ,20180319,46.41,47.46,46.11,46.7,46.33,0.37000000000000455,0.8,14952.3,70203.54,46.29,17269.56,46.68,21342.03,43.69,19202.56,,,,,,,46.69,18873.14,44.83,20061.86,43.25,19156.25,,,,
1166,000710.SZ,20180316,45.33,47.2,45.33,46.33,45.35,0.9799999999999969,2.16,19854.77,92560.143,46.49,18408.93,46.39,21049.4,43.7,19374.33,,,,,,,46.85,20167.86,44.5,20387.03,43.2,19265.89,,,,
1167,000710.SZ,20180315,45.48,46.29,44.75,45.35,45.85,-0.5,-1.09,15058.55,68426.942,46.66,18805.8,46.14,21331.35,43.71,19533.91,,,,,,,46.91,22168.82,44.07,20047.89,43.22,19226.66,,,,
1168,000710.SZ,20180314,47.01,47.48,45.8,45.85,47.2,-1.3500000000000014,-2.86,15606.6,72705.598,46.9,19423.8,45.99,22528.12,43.8,19383.28,,,,,,,46.84,22758.08,43.75,19845.96,43.32,19544.48,,,,
1169,000710.SZ,20180313,47.37,48.39,46.8,47.2,47.7,-0.5,-1.05,20875.56,99252.129,47.01,19744.64,45.56,22245.19,43.9,19211.93,,,,,,,46.56,22312.23,43.37,20034.87,43.37,19580.5,,,,
1170,000710.SZ,20180312,47.78,48.48,47.22,47.7,47.19,0.5100000000000051,1.08,20649.16,98665.557,47.1,20476.72,45.08,21946.44,43.97,19120.5,,,,,,,46.15,22576.69,42.97,20412.14,43.37,19577.72,,,,
1171,000710.SZ,20180309,46.96,47.47,45.81,47.19,46.57,0.6199999999999974,1.33,21839.11,102035.295,47.22,21926.78,44.48,21357.51,44.07,18913.56,,,,,,,45.71,23573.42,42.52,20105.85,43.34,19732.1,,,,
1172,000710.SZ,20180308,46.16,47.19,45.55,46.57,46.4,0.1700000000000017,0.37,18148.55,84330.573,47.16,25531.85,43.87,20953.94,44.16,18886.47,,,,,,,45.02,22582.36,42.19,19715.79,43.38,19335.37,,,,
1173,000710.SZ,20180307,47.88,48.0,45.8,46.4,47.65,-1.25,-2.62,17210.83,80854.999,46.78,26092.37,43.36,21208.33,44.35,18756.98,,,,,,,44.45,22466.69,41.92,19827.06,43.47,19056.45,,,,
1174,000710.SZ,20180306,48.18,48.99,47.2,47.65,48.28,-0.6300000000000026,-1.3,24535.93,118098.198,46.1,24879.82,42.71,20889.96,44.54,18586.42,,,,,,,43.81,22044.91,41.69,19978.02,43.57,19074.97,,,,
1175,000710.SZ,20180305,46.91,49.38,45.81,48.28,46.91,1.3700000000000045,2.92,27899.5,132585.268,45.19,24676.66,42.04,19850.27,44.69,18487.8,,,,,,,42.97,21250.59,41.53,19297.8,43.68,18710.89,,,,
1176,000710.SZ,20180302,44.4,48.59,43.92,46.91,44.68,2.229999999999997,4.99,39864.44,187665.255,44.21,25220.06,41.27,19195.29,44.88,17918.78,,,,,,,42.14,20606.2,41.38,18814.91,43.75,18478.17,,,,
1177,000710.SZ,20180301,42.57,45.29,42.36,44.68,42.99,1.6899999999999977,3.93,20951.13,92187.537,42.88,19632.87,40.67,18315.03,45.11,17205.96,,,,,,,41.24,17926.96,41.37,17755.58,43.95,17607.55,,,,
1178,000710.SZ,20180228,42.44,43.0,41.97,42.99,43.11,-0.11999999999999744,-0.28,11148.12,47626.569,42.12,18841.01,40.2,17820.58,45.43,17067.36,,,,,,,40.66,16933.84,41.55,17937.68,44.23,17289.58,,,,
1179,000710.SZ,20180227,43.05,43.84,42.17,43.11,43.35,-0.240000000000002,-0.55,23520.1,101028.371,41.52,19209.99,40.02,18042.88,45.79,17117.6,,,,,,,40.19,17757.51,41.78,18214.63,44.56,17624.07,,,,
1180,000710.SZ,20180226,40.25,43.78,40.25,43.35,40.25,3.1000000000000014,7.7,30616.51,128526.54,40.74,17824.52,39.88,17800.86,46.16,16930.96,,,,,,,39.8,18247.6,41.98,18078.24,44.94,17125.15,,,,
1181,000710.SZ,20180223,40.9,41.27,39.92,40.25,40.9,-0.6499999999999986,-1.59,11928.47,48192.193,40.07,15992.33,39.76,17001.89,46.52,16530.29,,,,,,,39.32,16638.29,42.15,17811.43,45.32,16625.56,,,,
1182,000710.SZ,20180222,40.0,40.93,39.49,40.9,39.99,0.9099999999999966,2.28,16991.87,68503.301,39.6,16221.05,40.08,16925.22,,,,,,,,,39.35,16849.23,42.56,17711.88,45.83,16769.24,,,,
1183,000710.SZ,20180214,39.23,40.35,38.88,39.99,39.21,0.7800000000000011,1.99,12993.02,51679.696,39.2,15026.67,40.42,17021.35,,,,,,,,,39.39,17187.44,42.97,17351.32,46.31,16631.38,,,,
1184,000710.SZ,20180213,40.4,40.6,39.12,39.21,40.0,-0.7899999999999991,-1.97,16592.71,65533.438,38.86,16305.03,40.93,17458.64,,,,,,,,,39.57,17911.13,43.44,17590.01,46.84,16770.76,,,,
1185,000710.SZ,20180212,38.25,40.49,38.08,40.0,37.89,2.1099999999999994,5.57,21455.6,85207.4,38.86,18670.69,41.63,18074.07,,,,,,,,,40.09,17345.02,44.04,17441.04,47.38,16784.13,,,,
1186,000710.SZ,20180209,37.97,39.28,37.35,37.89,38.92,-1.0300000000000011,-2.65,13072.07,49973.64,38.57,17284.24,42.21,17707.25,,,,,,,,,40.62,17023.62,44.56,17414.15,,,,,,
1187,000710.SZ,20180208,38.3,39.43,38.3,38.92,38.3,0.6200000000000045,1.62,11019.94,42888.909,39.11,17477.41,42.93,18301.12,,,,,,,,,41.5,17584.2,45.31,17447.85,,,,,,
1188,000710.SZ,20180207,40.6,40.6,37.31,38.3,39.18,-0.8800000000000026,-2.25,19384.82,74958.259,39.58,19348.21,43.53,19398.08,,,,,,,,,42.44,18941.53,46.01,17467.45,,,,,,
1189,000710.SZ,20180206,37.93,41.85,37.15,39.18,38.54,0.6400000000000006,1.66,28421.0,113447.072,40.28,19517.22,44.3,18671.35,,,,,,,,,43.36,18671.75,46.74,17557.34,,,,,,
1190,000710.SZ,20180205,40.08,40.08,38.5,38.54,40.61,-2.0700000000000003,-5.1,14523.37,56766.875,41.33,16019.36,45.07,17237.48,,,,,,,,,44.17,17908.88,47.51,16563.93,,,,,,
1191,000710.SZ,20180202,40.9,41.9,39.2,40.61,41.25,-0.6400000000000006,-1.55,14037.9,57363.216,42.68,16762.99,45.91,17486.97,,,,,,,,,44.99,18984.58,48.32,16619.19,,,,,,
1192,000710.SZ,20180201,41.19,42.45,39.8,41.25,41.81,-0.5600000000000023,-1.34,20373.94,83901.3,43.9,17690.99,46.72,17454.32,,,,,,,,,45.76,18574.53,49.07,16729.24,,,,,,
1193,000710.SZ,20180131,44.42,44.42,41.33,41.81,44.43,-2.6199999999999974,-5.9,20229.9,85674.313,45.31,18534.85,47.42,17496.16,,,,,,,,,46.56,17515.21,49.77,16353.35,,,,,,
1194,000710.SZ,20180130,44.78,45.69,44.25,44.43,45.29,-0.8599999999999994,-1.9,10931.68,48832.88,46.44,17826.27,48.27,16997.39,,,,,,,,,47.32,17268.89,50.47,16200.58,,,,,,
1195,000710.SZ,20180129,46.73,46.75,44.46,45.29,46.71,-1.4200000000000017,-3.04,18241.54,82913.053,47.01,19798.39,48.93,17034.33,,,,,,,,,47.98,17537.06,51.02,16503.68,,,,,,
1196,000710.SZ,20180126,48.1,48.1,46.48,46.71,48.3,-1.5899999999999963,-3.29,18677.87,87881.56,47.29,21206.17,49.52,17260.58,,,,,,,,,48.49,17804.69,,,,,,,,
1197,000710.SZ,20180125,47.73,50.79,47.57,48.3,47.48,0.8200000000000003,1.73,24593.24,120788.206,47.62,19458.07,50.13,16481.73,,,,,,,,,49.11,17311.5,,,,,,,,
1198,000710.SZ,20180124,47.18,47.98,46.61,47.48,47.25,0.22999999999999687,0.49,16687.04,79309.248,47.8,16495.57,50.61,15792.14,,,,,,,,,49.58,15993.37,,,,,,,,
1199,000710.SZ,20180123,46.85,48.0,46.72,47.25,46.72,0.5300000000000011,1.13,20792.28,98493.319,48.19,16711.5,51.25,15757.66,,,,,,,,,50.12,16442.94,,,,,,,,
1200,000710.SZ,20180122,48.38,48.99,45.3,46.72,48.37,-1.6499999999999986,-3.41,25280.44,117869.215,48.96,15275.73,51.86,15147.19,,,,,,,,,50.86,15218.99,,,,,,,,
1201,000710.SZ,20180119,49.2,49.62,48.28,48.37,49.2,-0.8300000000000054,-1.69,9937.35,48589.693,49.69,14403.21,52.55,14523.66,,,,,,,,,51.65,14253.8,,,,,,,,
1202,000710.SZ,20180118,49.41,49.98,48.85,49.2,49.42,-0.21999999999999886,-0.45,9780.75,48189.381,50.6,15164.94,53.1,15066.45,,,,,,,,,52.39,14883.95,,,,,,,,
1203,000710.SZ,20180117,50.99,51.45,47.77,49.42,51.08,-1.6599999999999966,-3.25,17766.68,87415.169,51.35,15491.16,,,,,,,,,,,52.99,15191.49,,,,,,,,
1204,000710.SZ,20180116,50.68,51.79,50.26,51.08,50.37,0.7100000000000009,1.41,13613.44,69628.097,52.06,16174.38,,,,,,,,,,,53.62,15132.28,,,,,,,,
1205,000710.SZ,20180115,53.01,53.1,50.0,50.37,52.93,-2.5600000000000023,-4.84,20917.81,107337.124,52.77,15162.24,,,,,,,,,,,54.07,15470.3,,,,,,,,
1206,000710.SZ,20180112,52.95,53.8,52.18,52.93,52.97,-0.03999999999999915,-0.08,13746.0,72920.666,53.6,14104.4,,,,,,,,,,,,,,,,,,,,
1207,000710.SZ,20180111,52.88,53.48,52.12,52.97,52.93,0.03999999999999915,0.08,11411.87,60451.944,54.18,14602.97,,,,,,,,,,,,,,,,,,,,
1208,000710.SZ,20180110,54.25,54.63,52.22,52.93,54.63,-1.7000000000000028,-3.11,21182.8,112423.362,54.62,14891.83,,,,,,,,,,,,,,,,,,,,
1209,000710.SZ,20180109,54.2,54.98,54.2,54.63,54.55,0.0800000000000054,0.15,8552.74,46709.175,55.18,14090.18,,,,,,,,,,,,,,,,,,,,
1210,000710.SZ,20180108,55.73,55.77,54.01,54.55,55.8,-1.25,-2.24,15628.6,85501.265,55.36,15778.36,,,,,,,,,,,,,,,,,,,,
1211,000710.SZ,20180105,55.3,56.49,55.22,55.8,55.2,0.5999999999999943,1.09,16238.84,90799.848,,,,,,,,,,,,,,,,,,,,,,
1212,000710.SZ,20180104,55.15,55.59,55.1,55.2,55.72,-0.519999999999996,-0.93,12856.15,71009.118,,,,,,,,,,,,,,,,,,,,,,
1213,000710.SZ,20180103,55.55,55.77,54.86,55.72,55.55,0.1700000000000017,0.31,17174.56,95114.045,,,,,,,,,,,,,,,,,,,,,,
1214,000710.SZ,20180102,56.7,56.7,54.01,55.55,56.37,-0.8200000000000003,-1.45,16993.63,93819.877,,,,,,,,,,,,,,,,,,,,,,
