,ts_code,trade_date,open,high,low,close,pre_close,change,pct_chg,vol,amount,ma5,ma_v_5,ma13,ma_v_13,ma34,ma_v_34,ma144,ma_v_144,ma169,ma_v_169,ma75,ma_v_75
0,002272.SZ,20201231,6.16,6.48,5.9,6.13,6.01,0.1200000000000001,1.9967,345524.3,211337.404,6.078,363540.362,6.0069,304164.1646,6.0862,245300.955,5.1081,147322.4335,4.9946,158849.3147,5.5332,169563.8236
1,002272.SZ,20201230,6.13,6.27,5.55,6.01,6.13,-0.1200000000000001,-1.9576,320751.35,193660.271,5.998,397709.974,5.9808,284677.9108,6.07,239374.8426,5.0951,145887.394,4.9837,157232.3018,5.5192,167141.4752
2,002272.SZ,20201229,6.5,6.6,6.09,6.13,6.35,-0.21999999999999975,-3.4646,504463.38,318384.979,6.07,475411.054,5.9654,272031.0762,6.0606,235903.0821,5.0826,144610.6404,4.974,155916.2643,5.5073,164272.2051
3,002272.SZ,20201228,5.74,6.35,5.74,6.35,5.77,0.5800000000000001,10.052,356278.77,223883.651,6.182,460183.206,5.9585,241987.5877,6.0509,229348.7241,5.0686,141854.9056,4.963,153300.5225,5.4927,160149.9375
4,002272.SZ,20201225,5.56,5.87,5.51,5.77,5.73,0.03999999999999915,0.6981,290684.01,166717.996,6.15,407881.274,5.9292,226951.99,6.0365,224646.0609,5.0531,140701.5051,4.9509,151621.0334,5.4735,156975.9161
5,002272.SZ,20201224,6.3,6.49,5.73,5.73,6.37,-0.6399999999999997,-10.0471,516372.36,305916.652,6.122,365095.072,5.9615,217657.0662,6.0435,223998.5956,5.0425,140360.1101,4.9422,150693.5191,5.4613,154829.9173
6,002272.SZ,20201223,6.67,7.11,6.16,6.37,6.69,-0.3200000000000003,-4.7833,709256.75,466362.448,6.128,288480.8,6.0131,189545.7308,6.0471,217939.6671,5.0327,138481.3808,4.9345,148219.7833,5.4519,149794.2859
7,002272.SZ,20201222,6.36,6.81,6.32,6.69,6.19,0.5,8.0775,428324.14,284865.548,5.966,167938.948,6.0231,151978.4423,6.0244,203595.5274,5.0182,136411.5517,4.9228,144922.4546,5.4339,142442.8981
8,002272.SZ,20201221,5.63,6.19,5.63,6.19,5.63,0.5600000000000005,9.9467,94769.11,57316.214,5.782,96495.816,6.0208,146991.2769,5.9853,194236.5238,5.0044,137124.4496,4.9102,143306.9484,5.4131,139074.2677
9,002272.SZ,20201218,5.77,5.82,5.6,5.63,5.76,-0.1299999999999999,-2.2569,76753.0,43695.413,5.702,95982.594,6.0785,191929.5423,5.9624,195980.4885,4.9976,141975.4815,4.9003,143364.2679,5.3987,142436.1313
10,002272.SZ,20201217,5.57,5.79,5.42,5.76,5.56,0.20000000000000018,3.5971,133301.0,74843.833,5.738,111900.494,6.1777,216384.2838,5.9512,196316.5238,4.9935,146712.5297,4.8931,143876.3327,5.3952,144654.414
11,002272.SZ,20201216,5.78,5.79,5.52,5.56,5.77,-0.20999999999999996,-3.6395,106547.49,60082.208,5.794,108019.9,6.2185,226977.5931,5.9365,197573.765,4.9893,152702.3142,4.8863,144716.415,5.3835,146367.5552
12,002272.SZ,20201215,5.8,5.85,5.73,5.77,5.79,-0.020000000000000462,-0.3454,71108.48,41150.164,5.876,118873.602,6.2492,225271.2477,5.93,200960.6668,4.9833,153107.3142,4.8794,145646.8269,5.3771,146856.6156
13,002272.SZ,20201214,5.87,5.93,5.72,5.79,5.81,-0.019999999999999574,-0.3442,92203.0,53696.015,5.96,138621.906,6.2715,227289.7492,5.9126,201464.8909,4.9728,153200.4984,4.8704,146117.1232,5.3671,147459.3284
14,002272.SZ,20201211,6.07,6.18,5.72,5.81,6.04,-0.23000000000000043,-3.8079,156342.5,92600.477,6.082,150366.306,6.2954,233354.9108,5.8918,201337.6262,4.9621,153125.46,4.8608,146190.5141,5.3559,147329.6469
15,002272.SZ,20201210,5.97,6.12,5.88,6.04,5.97,0.07000000000000028,1.1725,113898.03,68659.188,6.22,163274.206,6.3138,230720.28,5.8738,200850.4006,4.9508,152524.5019,4.8514,145980.948,5.3432,146299.9109
16,002272.SZ,20201209,6.2,6.2,5.97,5.97,6.19,-0.22000000000000064,-3.5541,160816.0,97587.08,6.344,213192.798,6.3115,240121.4231,5.8471,200304.9174,4.9373,152201.0642,4.8402,146117.5632,5.3285,147176.9043
17,002272.SZ,20201208,6.4,6.44,6.18,6.19,6.4,-0.20999999999999996,-3.2812,169850.0,106215.583,6.538,316822.91,6.3192,260272.1692,5.8206,198050.7415,4.9248,151575.3073,4.8296,146107.9482,5.3144,145989.0056
18,002272.SZ,20201207,6.55,6.55,6.4,6.4,6.5,-0.09999999999999964,-1.5385,150925.0,97517.558,6.684,361785.838,6.2846,254778.7154,5.7871,195434.3297,4.911,150933.8003,4.8182,146626.1849,5.2976,145149.3933
19,002272.SZ,20201204,6.77,6.79,6.5,6.5,6.66,-0.16000000000000014,-2.4024,220882.0,145638.851,6.662,385803.642,6.2385,254524.3385,5.7482,194265.3241,4.8958,150296.2101,4.8069,147443.2814,5.2775,144346.1869
20,002272.SZ,20201203,6.95,7.15,6.61,6.66,6.94,-0.28000000000000025,-4.0346,363490.99,248022.135,6.554,358500.242,6.1792,244245.1077,5.7035,190507.9774,4.88,149188.8458,4.7957,148650.1921,5.2555,143064.7652
21,002272.SZ,20201202,6.92,7.35,6.9,6.94,6.92,0.020000000000000462,0.289,678966.56,480859.301,6.434,305271.844,6.1138,227514.6777,5.6521,181742.4576,4.8626,147161.7278,4.7851,151181.5269,5.2296,139565.9268
22,002272.SZ,20201201,6.32,6.92,6.24,6.92,6.29,0.6299999999999999,10.0159,394664.64,265140.257,6.266,203688.552,6.0092,186366.21,5.5909,163732.7053,4.8419,142833.7763,4.7741,153208.0261,5.2009,131753.6793
23,002272.SZ,20201130,5.97,6.41,5.85,6.29,5.96,0.33000000000000007,5.5369,271014.02,168451.174,6.092,149174.084,5.9146,171600.5831,5.5306,153472.5982,4.8217,140802.1228,4.7658,155330.1017,5.1731,127666.6719
24,002272.SZ,20201127,6.12,6.14,5.87,5.96,6.06,-0.09999999999999964,-1.6502,84365.0,50500.969,6.036,142193.858,5.8769,172416.0592,5.4876,146888.6565,4.8073,139301.3903,4.7582,154407.2733,5.1532,125124.5412
25,002272.SZ,20201126,6.1,6.15,5.95,6.06,6.1,-0.040000000000000036,-0.6557,97349.0,58820.855,6.058,209875.998,5.8692,181033.23,5.4541,146194.8918,4.7953,139124.8771,4.7499,154890.7821,5.1392,125308.0281
26,002272.SZ,20201125,6.3,6.3,5.93,6.1,6.05,0.04999999999999982,0.8264,171050.1,103863.442,5.994,210093.218,5.8654,194211.7831,5.4135,144525.5982,4.7831,138950.5724,4.7417,155803.6896,5.1233,125157.1481
27,002272.SZ,20201124,6.01,6.16,5.93,6.05,6.01,0.040000000000000036,0.6656,122092.3,73591.804,5.934,205406.818,5.8462,204928.6054,5.3674,140437.2129,4.771,138445.6482,4.7345,156276.3538,5.1061,124286.4935
28,002272.SZ,20201123,6.05,6.16,5.97,6.01,6.07,-0.0600000000000005,-0.9885,236112.89,143104.244,5.87,198438.758,5.8115,212579.6592,5.3229,137723.31,4.7586,138031.1392,4.7268,157463.1324,5.0908,124513.0831
29,002272.SZ,20201120,5.82,6.31,5.73,6.07,5.74,0.33000000000000007,5.7491,422775.7,257231.412,5.83,180415.26,5.7615,202887.7462,5.2797,132003.6668,4.7469,136894.5574,4.7202,158090.2302,5.0747,122657.1119
30,002272.SZ,20201119,5.86,5.86,5.59,5.74,5.8,-0.05999999999999961,-1.0345,98435.1,56162.409,5.732,124667.416,5.7108,182217.6085,5.2376,120459.4109,4.7345,134888.713,4.7123,156384.43,5.0577,118579.586
31,002272.SZ,20201118,5.76,6.04,5.73,5.8,5.73,0.0699999999999994,1.2216,147618.1,86548.18,5.722,145522.694,5.6731,181428.6162,5.2059,119317.2612,4.7254,134887.8512,4.7056,156594.7727,5.0445,118462.6409
32,002272.SZ,20201117,5.78,5.81,5.65,5.73,5.81,-0.07999999999999918,-1.3769,87252.0,50017.43,5.722,172322.116,5.6315,183615.47,5.1774,116330.6074,4.7156,134918.338,4.6982,156262.7556,5.0291,117468.1729
33,002272.SZ,20201116,5.63,5.87,5.6,5.81,5.58,0.22999999999999954,4.1219,145995.4,83946.564,5.748,194149.36,5.6015,193957.7892,5.15,114994.3147,4.7075,135390.9185,4.6903,156194.1747,5.0147,117470.1999
34,002272.SZ,20201113,5.69,5.7,5.49,5.58,5.69,-0.11000000000000032,-1.9332,144036.48,80604.638,5.788,218684.318,5.5531,189515.9969,5.1226,113032.8921,4.6985,135102.4512,4.6831,155814.6698,4.9985,117681.2152
35,002272.SZ,20201112,5.9,5.93,5.63,5.69,5.8,-0.10999999999999943,-1.8966,202711.49,116421.533,5.842,251950.78,5.5146,185195.96,5.1024,111139.7329,4.6905,135236.1697,4.6772,155369.838,4.9871,117496.1833
36,002272.SZ,20201111,5.78,6.29,5.78,5.8,5.86,-0.0600000000000005,-1.0239,281615.21,168943.66,5.824,255719.682,5.4769,180354.8323,5.075,106288.0882,4.6829,135740.0824,4.6701,154796.5056,4.9753,117186.8479
37,002272.SZ,20201110,6.03,6.06,5.75,5.86,6.01,-0.14999999999999947,-2.4958,196388.22,115001.23,5.736,221420.244,5.4254,166026.8623,5.0441,99728.1788,4.6732,135616.2761,4.6617,153451.3168,4.9627,116557.9003
38,002272.SZ,20201109,5.99,6.23,5.95,6.01,5.85,0.16000000000000014,2.735,268670.19,162932.807,5.646,212955.382,5.3646,157395.0008,5.015,95649.0326,4.662,135298.2228,4.6526,152534.1867,4.9468,115258.672
39,002272.SZ,20201106,5.79,6.12,5.52,5.85,5.6,0.25,4.4643,310368.79,182230.965,5.494,176856.984,5.2908,142950.5246,4.9824,90004.4697,4.6492,134158.8886,4.6417,151277.511,4.9271,112747.5184
40,002272.SZ,20201105,5.33,5.78,5.26,5.6,5.36,0.23999999999999932,4.4776,221556.0,123414.501,5.376,149992.666,5.2315,127628.2185,4.9538,83030.2871,4.6379,132843.3125,4.633,149706.7413,4.9096,110166.1521
41,002272.SZ,20201104,5.41,5.42,5.19,5.36,5.41,-0.04999999999999982,-0.9242,110118.02,58195.359,5.324,150021.896,5.1838,117749.4654,4.9315,80932.5859,4.6278,132256.0208,4.6257,148933.9488,4.8968,109130.4488
42,002272.SZ,20201103,5.27,5.58,5.27,5.41,5.25,0.16000000000000014,3.0476,154063.91,83814.409,5.288,145648.712,5.1492,114314.4885,4.9232,82512.8844,4.6196,132596.8058,4.6194,148808.397,4.8888,110103.4299
43,002272.SZ,20201102,5.34,5.38,5.24,5.25,5.26,-0.009999999999999787,-0.1901,88178.2,46771.365,5.222,132411.13,5.1069,107589.1862,4.9147,81086.1838,4.6116,133314.6398,4.6134,148214.7027,4.8815,110778.8804
44,002272.SZ,20201030,5.45,5.49,5.24,5.26,5.34,-0.08000000000000007,-1.4981,176047.2,94462.478,5.212,142730.856,5.0777,104330.94,4.9082,84236.6282,4.6064,134709.335,4.6083,148038.6929,4.8736,112472.2739
45,002272.SZ,20201029,5.09,5.42,5.07,5.34,5.18,0.16000000000000014,3.0888,221702.15,117887.274,5.186,126591.736,5.0446,94416.54,4.8979,82536.0391,4.6018,136437.1316,4.6034,147401.5404,4.8655,112350.9568
46,002272.SZ,20201028,5.18,5.25,5.09,5.18,5.08,0.09999999999999964,1.9685,88252.1,45460.844,5.132,99086.11,5.0046,82037.6823,4.8838,79831.0965,4.5986,140392.579,4.5974,146369.3183,4.8556,111838.9057
47,002272.SZ,20201027,5.14,5.25,5.07,5.08,5.2,-0.1200000000000001,-2.3077,87876.0,45169.469,5.106,97614.09,4.9662,78371.5992,4.8791,81314.8582,4.5979,146873.0847,4.5922,146108.4905,4.8456,113113.5325
48,002272.SZ,20201026,5.15,5.35,5.07,5.2,5.13,0.07000000000000028,1.3645,139776.83,72772.303,5.106,102274.652,4.9238,74076.9069,4.8774,83374.4662,4.6009,151494.0529,4.5875,145931.5924,4.8375,113744.0973
49,002272.SZ,20201023,5.07,5.25,5.05,5.13,5.07,0.05999999999999961,1.1834,95351.6,49192.462,5.062,92945.728,4.8731,65618.6585,4.8753,84430.3494,4.5996,151322.3806,4.5811,145469.5544,4.8253,113374.3208
50,002272.SZ,20201022,5.03,5.13,4.98,5.07,5.05,0.020000000000000462,0.396,84174.02,42722.102,5.018,86968.072,4.8277,61487.3831,4.8747,91829.0929,4.5956,151813.536,4.5758,145425.0736,4.8137,113559.7372
51,002272.SZ,20201021,5.15,5.16,5.02,5.05,5.08,-0.03000000000000025,-0.5906,80892.0,41068.882,4.976,83460.264,4.7946,57340.9969,4.8835,96504.0982,4.5928,152976.4274,4.5707,145157.5621,4.802,113356.8893
52,002272.SZ,20201020,4.94,5.15,4.9,5.08,4.98,0.09999999999999964,2.008,111178.81,56042.819,4.94,76446.064,4.7646,55703.3054,4.8785,101824.5274,4.5917,154157.2493,4.565,144882.207,4.7905,113036.6227
53,002272.SZ,20201019,4.99,5.09,4.92,4.98,4.91,0.07000000000000028,1.4257,93132.21,46405.136,4.89,63642.302,4.7454,50695.0792,4.8785,102767.1218,4.5894,155625.8539,4.5593,144469.9064,4.7783,112136.6385
54,002272.SZ,20201016,4.84,4.96,4.8,4.91,4.86,0.04999999999999982,1.0288,65463.32,32048.015,4.858,57171.26,4.7315,46747.8362,4.8797,103448.8785,4.5888,157354.7443,4.5537,144119.7054,4.7673,111445.8891
55,002272.SZ,20201015,4.85,4.97,4.83,4.86,4.87,-0.009999999999999787,-0.2053,66634.98,32547.345,4.812,52197.2,4.7292,47812.7369,4.8809,103949.2776,4.5876,157834.1342,4.548,143978.9395,4.7579,111296.7781
56,002272.SZ,20201014,4.81,4.87,4.78,4.87,4.83,0.040000000000000036,0.8282,45821.0,22139.549,4.746,45279.204,4.7315,48815.3592,4.8809,104316.2576,4.5858,158301.8289,4.5422,143835.6751,4.7492,111548.3183
57,002272.SZ,20201013,4.79,4.88,4.77,4.83,4.82,0.009999999999999787,0.2075,47160.0,22789.907,4.68,42078.924,4.7231,48194.9415,4.8829,108253.0674,4.5835,158619.0942,4.5359,143959.0699,4.7408,111852.3583
58,002272.SZ,20201012,4.68,4.83,4.68,4.82,4.68,0.14000000000000057,2.9915,60777.0,29067.195,4.622,40975.928,4.7169,49073.2715,4.8853,108975.5262,4.5806,158817.0235,4.5308,143732.4072,4.7336,112635.2448
59,002272.SZ,20201009,4.59,4.72,4.57,4.68,4.53,0.14999999999999947,3.3113,40593.02,18963.607,4.586,34874.728,4.7208,48836.3677,4.8885,110331.4697,4.579,158963.4269,4.5285,143623.916,4.7261,113150.758
60,002272.SZ,20200930,4.52,4.59,4.5,4.53,4.54,-0.009999999999999787,-0.2203,32045.0,14570.398,4.582,38676.526,4.7377,51618.0623,4.8947,111804.7491,4.5783,159159.7247,4.5276,143529.5793,4.7197,113438.4501
61,002272.SZ,20200929,4.55,4.59,4.51,4.54,4.54,0.0,0.0,29819.6,13602.981,4.642,41481.9,4.7646,54787.4146,4.9041,114532.1129,4.578,159672.0394,4.5275,143702.3143,4.7143,113944.3835
62,002272.SZ,20200928,4.67,4.67,4.52,4.54,4.64,-0.09999999999999964,-2.1552,41645.02,19106.29,4.694,43881.59,4.7877,64050.0731,4.9094,116627.9515,4.5769,159841.8915,4.528,143864.9328,4.7092,114245.5741
63,002272.SZ,20200925,4.68,4.71,4.6,4.64,4.66,-0.020000000000000462,-0.4292,30271.0,14021.774,4.762,51413.992,4.8292,73450.3154,4.9168,118139.8038,4.5754,159840.1429,4.5285,143748.1398,4.7044,114507.5253
64,002272.SZ,20200924,4.79,4.8,4.64,4.66,4.83,-0.16999999999999993,-3.5197,59602.01,27998.009,4.812,61293.606,4.8662,79241.4762,4.9224,119841.8062,4.5721,160020.8443,4.5285,143742.9208,4.6985,114934.992
65,002272.SZ,20200923,4.84,4.85,4.76,4.83,4.8,0.03000000000000025,0.625,46071.87,22134.597,4.832,56924.318,4.8946,89679.2685,4.9265,120452.1653,4.5701,159918.8075,4.5287,143605.7305,4.6928,115086.0304
66,002272.SZ,20200922,4.84,4.88,4.79,4.8,4.88,-0.08000000000000007,-1.6393,41818.05,20207.68,4.816,59425.602,4.9008,95229.6762,4.9288,121983.1844,4.5669,160230.4894,4.528,143663.1369,4.6845,115859.0312
67,002272.SZ,20200921,4.86,4.94,4.83,4.88,4.89,-0.009999999999999787,-0.2045,79307.03,38684.395,4.83,62601.442,4.9054,101992.4492,4.9309,123283.6241,4.5635,160557.4458,4.5273,143610.115,4.6775,117122.8319
68,002272.SZ,20200918,4.75,4.9,4.7,4.89,4.76,0.1299999999999999,2.7311,79669.07,38377.353,4.834,62091.046,4.9162,106561.1392,4.9288,124061.3879,4.5601,160379.8246,4.5259,143393.0796,4.67,118179.1217
69,002272.SZ,20200917,4.74,4.8,4.72,4.76,4.75,0.009999999999999787,0.2105,37755.57,17960.278,4.832,60806.548,4.9262,112579.1085,4.9291,125808.96,4.5567,160232.3487,4.5246,143183.266,4.6611,119352.1407
70,002272.SZ,20200916,4.85,4.87,4.72,4.75,4.87,-0.1200000000000001,-2.4641,58578.29,27980.768,4.848,83302.266,4.9546,123188.4385,4.9303,127548.9447,4.5544,160444.9379,4.5236,143181.7879,4.6543,120700.448
71,002272.SZ,20200915,4.88,4.9,4.83,4.87,4.9,-0.03000000000000025,-0.6122,57697.25,28046.086,4.914,104356.242,4.9823,145367.7146,4.9318,129266.0909,4.5514,160366.3152,4.523,143022.5469,4.6472,121744.7219
72,002272.SZ,20200914,4.92,4.95,4.82,4.9,4.88,0.020000000000000462,0.4098,76755.05,37526.677,4.964,113928.01,5.0208,159631.3262,4.9282,130206.2959,4.5475,160272.3913,4.5214,142909.8525,4.6371,122410.5928
73,002272.SZ,20200911,4.79,4.91,4.76,4.88,4.84,0.040000000000000036,0.8264,73246.58,35451.905,4.99,137635.662,5.0192,173864.5215,4.9206,130096.8238,4.5431,160142.0106,4.5198,142795.0528,4.6267,123923.0468
74,002272.SZ,20200910,5.09,5.16,4.83,4.84,5.08,-0.2400000000000002,-4.7244,150234.16,74452.453,4.996,146631.78,5.0346,179247.6323,4.9138,130513.2191,4.5379,160061.7733,4.5178,142543.6787,4.6181,126166.7341
75,002272.SZ,20200909,5.08,5.24,5.01,5.08,5.12,-0.040000000000000036,-0.7813,163848.17,84072.888,5.0,142531.768,5.0485,176638.2308,4.9068,130854.0247,4.5337,159628.4412,4.5157,141787.3878,4.6112,127441.4165
76,002272.SZ,20200908,5.01,5.12,5.01,5.12,5.03,0.08999999999999986,1.7893,105556.09,53578.206,4.988,137502.134,5.0385,170378.9015,4.8962,129863.1694,4.5276,158761.194,4.5121,141026.9667,4.6005,130739.4589
77,002272.SZ,20200907,4.9,5.14,4.89,5.03,4.91,0.1200000000000001,2.444,195293.31,98516.575,4.968,147971.45,5.0185,168344.7638,4.8871,132038.3235,4.5204,158266.7558,4.5083,140564.7531,4.5949,136411.7969
78,002272.SZ,20200904,4.76,4.94,4.7,4.91,4.86,0.04999999999999982,1.0288,118227.17,57315.798,4.988,144048.16,5.0115,167143.1654,4.8818,133189.8185,4.5141,157198.7467,4.5054,139575.9698,4.5975,144385.4555
79,002272.SZ,20200903,5.0,5.02,4.85,4.86,5.02,-0.15999999999999925,-3.1873,129734.1,63748.978,5.028,189784.502,5.0115,163565.9677,4.8747,132622.7282,4.508,156613.4764,4.5032,139082.4776,4.5991,152927.5991
80,002272.SZ,20200902,4.98,5.03,4.9,5.02,5.02,0.0,0.0,138700.0,68820.615,5.13,212462.522,5.0169,161807.8892,4.865,131169.7744,4.5017,156001.9472,4.5015,138614.7138,4.6031,164475.5441
81,002272.SZ,20200901,5.09,5.12,4.94,5.02,5.13,-0.11000000000000032,-2.1442,157902.67,78894.514,5.102,237079.84,5.0069,158114.3908,4.8509,130524.6662,4.4937,155333.359,4.498,137957.1256,4.5987,164824.444
82,002272.SZ,20200831,5.11,5.19,5.05,5.13,5.11,0.019999999999999574,0.3914,175676.86,89748.442,5.114,234144.71,4.9938,155566.1369,4.8397,130112.1832,4.4853,154699.8315,4.495,137310.4963,4.5885,163846.1017
83,002272.SZ,20200828,5.3,5.3,5.04,5.11,5.37,-0.2599999999999998,-4.8417,346908.88,177740.879,5.092,222271.726,4.9623,149827.7715,4.8288,130330.2638,4.4773,153541.3394,4.492,136924.4576,4.5768,162589.0432
84,002272.SZ,20200827,4.85,5.37,4.84,5.37,4.88,0.4900000000000002,10.041,243124.2,126812.086,5.06,169385.328,4.9377,130300.0115,4.8215,126148.3174,4.4725,151426.986,4.4885,135092.6485,4.5645,158894.3187
85,002272.SZ,20200826,5.02,5.34,4.88,4.88,5.08,-0.20000000000000018,-3.937,261786.59,133728.514,4.958,136582.948,4.8962,118378.0792,4.8006,125326.5088,4.4667,149909.8049,4.4832,133886.7743,4.5475,156550.3027
86,002272.SZ,20200825,5.02,5.13,4.97,5.08,5.02,0.0600000000000005,1.1952,143227.02,72493.546,4.97,120160.136,4.89,104421.7431,4.7938,122537.1509,4.4641,148517.1008,4.4807,132554.387,4.538,154002.5748
87,002272.SZ,20200824,4.97,5.05,4.86,5.02,4.95,0.0699999999999994,1.4141,116311.94,57761.127,4.936,105859.452,4.8769,100952.4738,4.7797,123715.7185,4.461,147920.4002,4.4766,131815.0082,4.5264,153125.8545
88,002272.SZ,20200821,4.86,4.98,4.85,4.95,4.86,0.08999999999999986,1.8519,82476.89,40681.608,4.918,103972.88,4.8654,98623.3246,4.7624,125702.1059,4.4582,147264.8103,4.4728,131215.9772,4.5155,152363.1887
89,002272.SZ,20200820,4.9,4.93,4.83,4.86,4.94,-0.08000000000000007,-1.6194,79112.3,38476.078,4.906,105614.406,4.8546,100413.6408,4.7482,127251.855,4.456,146896.1444,4.4694,130867.512,4.5059,152082.4507
90,002272.SZ,20200819,4.9,5.07,4.82,4.94,4.91,0.03000000000000025,0.611,179672.53,89323.207,4.904,114747.02,4.8577,105027.0423,4.7315,128220.4224,4.4549,146599.6483,4.4667,130502.2031,4.4964,151982.1
91,002272.SZ,20200818,4.94,4.95,4.87,4.91,4.93,-0.019999999999999574,-0.4057,71723.6,35139.646,4.86,99028.136,4.8469,98661.0823,4.7115,126149.4018,4.4533,145739.2387,4.4636,129558.4071,4.4833,150329.6869
92,002272.SZ,20200817,4.9,4.94,4.86,4.93,4.89,0.040000000000000036,0.818,106879.08,52421.831,4.836,103293.016,4.8385,102140.9023,4.6903,126068.1321,4.4518,145469.3342,4.4606,129367.1906,4.4713,150734.7928
93,002272.SZ,20200814,4.84,4.89,4.78,4.89,4.85,0.040000000000000036,0.8247,90684.52,43916.38,4.816,99545.016,4.8246,100816.6823,4.6685,124597.3356,4.4498,145023.1464,4.457,128861.2257,4.4619,150041.8521
94,002272.SZ,20200813,4.71,4.89,4.7,4.85,4.72,0.1299999999999999,2.7542,124775.37,60299.912,4.798,97478.956,4.8054,99458.8731,4.6471,123214.8497,4.4483,144700.4106,4.4536,128544.022,4.4531,149618.6865
95,002272.SZ,20200812,4.75,4.76,4.61,4.72,4.79,-0.07000000000000028,-1.4614,101078.11,47158.555,4.81,92149.186,4.79,96584.1538,4.6268,120760.4565,4.4464,144094.3717,4.4499,127900.1571,4.4457,148918.3365
96,002272.SZ,20200811,4.82,4.86,4.69,4.79,4.83,-0.040000000000000036,-0.8282,93048.0,44625.412,4.84,89140.164,4.7808,101256.7262,4.6115,119384.0415,4.4459,143612.3472,4.4469,127418.2215,4.4411,148881.842
97,002272.SZ,20200810,4.76,4.88,4.74,4.83,4.8,0.03000000000000025,0.625,88139.08,42536.338,4.844,91680.764,4.7754,104111.4254,4.5944,119162.0559,4.4447,143234.5965,4.4436,126959.3872,4.434,148473.2421
98,002272.SZ,20200807,4.9,4.9,4.74,4.8,4.91,-0.11000000000000032,-2.2403,80354.22,38598.075,4.858,101870.252,4.7738,111140.06,4.5771,118588.0829,4.4432,143020.8104,4.4402,126516.2093,4.4272,148263.9892
99,002272.SZ,20200806,4.87,4.93,4.77,4.91,4.87,0.040000000000000036,0.8214,98126.52,47723.762,4.858,105182.418,4.7777,122993.1308,4.5621,119338.7379,4.4415,142676.4364,4.4369,126158.4328,4.4204,148978.3876
100,002272.SZ,20200805,4.81,4.89,4.76,4.87,4.81,0.0600000000000005,1.2474,86033.0,41657.233,4.836,108949.366,4.7592,123056.1754,4.5429,119377.3841,4.4385,142150.7036,4.4329,125658.6428,4.414,148980.8473
101,002272.SZ,20200804,4.89,4.93,4.8,4.81,4.9,-0.09000000000000075,-1.8367,105751.0,51137.31,4.812,109675.61,4.7331,122617.7654,4.5232,118675.5291,4.4358,141798.6481,4.4292,125256.702,4.4076,149860.5167
102,002272.SZ,20200803,4.83,4.92,4.83,4.9,4.8,0.10000000000000053,2.0833,139086.52,67759.133,4.778,103132.01,4.7123,123465.0977,4.5029,117623.735,4.4334,141254.8356,4.4255,124744.8736,4.4043,150521.218
103,002272.SZ,20200731,4.77,4.83,4.73,4.8,4.8,0.0,0.0,96915.05,46378.092,4.728,92795.51,4.6923,123833.6923,4.4812,115074.3932,4.4309,140484.7133,4.4215,124003.7995,4.3992,150059.4791
104,002272.SZ,20200730,4.76,4.84,4.74,4.8,4.75,0.04999999999999982,1.0526,116961.26,55951.564,4.688,105776.81,4.6892,130462.6577,4.4629,114026.6376,4.4291,140053.5463,4.4182,123527.2618,4.3941,150944.5044
105,002272.SZ,20200729,4.63,4.76,4.57,4.75,4.64,0.11000000000000032,2.3707,89664.22,41994.281,4.672,108416.376,4.6938,137213.5377,4.4453,112419.8653,4.4275,139593.2738,4.415,122962.2545,4.3915,153055.3531
106,002272.SZ,20200728,4.65,4.74,4.59,4.64,4.65,-0.010000000000000675,-0.2151,73033.0,34015.576,4.684,126385.798,4.6869,146868.8062,4.43,111868.8556,4.4253,139162.0472,4.4117,122525.4502,4.3868,155376.9916
107,002272.SZ,20200727,4.59,4.69,4.5,4.65,4.6,0.05000000000000071,1.087,87404.02,40051.362,4.726,158668.026,4.6877,154093.0692,4.4174,112781.03,4.4244,138992.5285,4.4088,122195.1721,4.3816,156411.0656
108,002272.SZ,20200724,4.7,4.85,4.57,4.6,4.72,-0.1200000000000001,-2.5424,161821.55,76417.64,4.73,160976.442,4.6838,161469.5538,4.4062,114228.0618,4.4242,139152.4751,4.4063,121767.9176,4.3751,156640.4261
109,002272.SZ,20200723,4.76,4.79,4.62,4.72,4.81,-0.08999999999999986,-1.8711,130159.09,61132.189,4.716,144678.866,4.6708,163163.9815,4.3979,114131.2153,4.4236,138287.9723,4.4038,120932.6185,4.3701,156095.1499
110,002272.SZ,20200722,4.78,4.84,4.72,4.81,4.85,-0.040000000000000036,-0.8247,179511.33,85749.933,4.68,142000.312,4.6515,163549.31,4.3832,115233.7565,4.4219,137657.2249,4.4008,120359.3339,4.3624,156186.1753
111,002272.SZ,20200721,4.71,4.91,4.66,4.85,4.67,0.17999999999999972,3.8544,234444.14,112485.752,4.646,134873.696,4.6115,158359.4838,4.3668,114038.6768,4.4195,136664.8763,4.3975,119539.6101,4.354,155915.2384
112,002272.SZ,20200720,4.54,4.68,4.53,4.67,4.53,0.13999999999999968,3.0905,98946.1,45892.974,4.628,124603.188,4.5662,148729.7677,4.3482,111169.6971,4.4163,135163.6809,4.3951,118313.9702,4.3461,156221.7432
113,002272.SZ,20200717,4.53,4.55,4.44,4.53,4.54,-0.009999999999999787,-0.2203,80333.67,36133.289,4.666,145758.508,4.5292,146423.1777,4.3318,111425.3285,4.4142,134581.2475,4.3937,117884.6263,4.3439,158755.986
114,002272.SZ,20200716,4.63,4.68,4.46,4.54,4.64,-0.09999999999999964,-2.1552,116766.32,53455.32,4.692,172728.316,4.5031,144618.4338,4.3197,114656.3706,4.4132,134187.1684,4.3929,117594.8352,4.3448,163349.5359
115,002272.SZ,20200715,4.78,4.82,4.59,4.64,4.76,-0.1200000000000001,-2.521,143878.25,67233.387,4.714,182764.736,4.4738,138996.4092,4.3109,118325.6885,4.4123,133496.9516,4.3923,117206.3363,4.3493,172343.1392
116,002272.SZ,20200714,4.86,4.91,4.68,4.76,4.86,-0.10000000000000053,-2.0576,183091.6,87806.549,4.706,190648.75,4.4369,131107.7746,4.3015,121324.4265,4.4106,132637.8735,4.3917,116717.3597,4.3552,184044.0283
117,002272.SZ,20200713,4.61,4.88,4.61,4.86,4.66,0.20000000000000018,4.2918,204722.7,97336.31,4.64,190800.252,4.3938,121199.19,4.2874,128033.5368,4.4082,131640.0708,4.3907,115954.5573,4.3652,191646.7459
118,002272.SZ,20200710,4.74,4.84,4.62,4.66,4.65,0.009999999999999787,0.2151,215182.71,101354.938,4.562,176889.384,4.3438,112028.2508,4.2826,137629.3821,4.4045,130366.7951,4.3893,114894.3993,4.3672,190451.1901
119,002272.SZ,20200709,4.6,4.66,4.55,4.65,4.6,0.05000000000000071,1.087,166948.42,76892.754,4.488,156261.56,4.3115,100754.5038,4.2991,154633.3524,4.4021,129129.9506,4.3896,113738.4264,4.3657,189796.4604
120,002272.SZ,20200708,4.43,4.64,4.39,4.6,4.43,0.16999999999999993,3.8375,183298.32,83137.993,4.41,144723.442,4.2838,96056.6631,4.3103,172043.3382,4.3992,128081.4352,4.3905,112930.1522,4.366,190925.5531
121,002272.SZ,20200707,4.5,4.57,4.38,4.43,4.47,-0.040000000000000036,-0.8949,183849.11,82249.751,4.328,121855.864,4.2577,89606.0608,4.3268,195941.3282,4.3964,126944.8566,4.3921,112065.174,4.3699,191827.3136
122,002272.SZ,20200706,4.32,4.47,4.3,4.47,4.29,0.17999999999999972,4.1958,135168.36,59502.681,4.28,96460.442,4.24,80246.1238,4.3344,195383.0453,4.395,125775.8003,4.3943,111082.7828,4.3741,193678.0971
123,002272.SZ,20200703,4.27,4.32,4.25,4.29,4.26,0.03000000000000025,0.7042,112043.59,48000.744,4.218,78162.77,4.2131,75232.4038,4.3282,193893.5935,4.3935,124929.0895,4.396,110418.8391,4.3799,196437.0847
124,002272.SZ,20200702,4.19,4.28,4.17,4.26,4.19,0.0699999999999994,1.6706,109257.83,46364.789,4.192,64019.252,4.2031,70645.12,4.3271,192992.2371,4.3933,124289.134,4.3988,109890.3525,4.3857,196736.4429
125,002272.SZ,20200701,4.2,4.2,4.14,4.19,4.19,0.0,0.0,68960.43,28806.268,4.18,53023.686,4.1969,66955.3915,4.325,191831.8462,4.3931,123625.2741,4.402,109434.2369,4.3903,197066.1121
126,002272.SZ,20200630,4.17,4.22,4.15,4.19,4.16,0.03000000000000025,0.7212,56872.0,23831.725,4.184,56331.698,4.1977,66445.4354,4.3221,191783.6865,4.3934,123272.1114,4.4051,109202.1046,4.3951,197366.7357
127,002272.SZ,20200629,4.17,4.22,4.12,4.16,4.16,0.0,0.0,43680.0,18219.916,4.194,58682.098,4.2008,67526.8115,4.3215,192190.5982,4.3934,123010.8615,4.4081,109151.2999,4.3979,197617.2668
128,002272.SZ,20200624,4.2,4.2,4.15,4.16,4.2,-0.040000000000000036,-0.9524,41326.0,17238.935,4.22,71121.396,4.2046,72170.4215,4.3229,193184.51,4.3939,122803.674,4.412,109165.3212,4.4037,198126.3212
129,002272.SZ,20200623,4.2,4.25,4.15,4.2,4.21,-0.009999999999999787,-0.2375,54280.0,22788.099,4.24,82744.294,4.2131,79499.4292,4.3241,193707.6276,4.3944,122630.4391,4.4161,109189.0457,4.4092,198493.44
130,002272.SZ,20200622,4.25,4.26,4.18,4.21,4.24,-0.03000000000000025,-0.7075,85500.49,35937.117,4.24,84322.28,4.2223,87518.5654,4.325,193917.6729,4.3948,122402.6267,4.4204,109361.6492,4.4131,199180.6175
131,002272.SZ,20200619,4.27,4.29,4.22,4.24,4.29,-0.04999999999999982,-1.1655,68624.0,29173.474,4.222,81220.182,4.2231,93837.4115,4.3232,193508.4232,4.3947,121918.9032,4.4255,109292.933,4.4155,198764.3216
132,002272.SZ,20200618,4.26,4.31,4.2,4.29,4.26,0.03000000000000025,0.7042,105876.49,45185.239,4.206,77977.162,4.2238,99241.6131,4.315,193129.5276,4.3941,121561.9032,4.4307,109283.6076,4.4165,198401.2447
133,002272.SZ,20200617,4.2,4.28,4.15,4.26,4.2,0.05999999999999961,1.4286,99440.49,41843.079,4.184,69060.136,4.2185,101627.9469,4.3068,193018.6468,4.3936,120932.1915,4.435,109064.7157,4.4148,197740.1181
134,002272.SZ,20200616,4.12,4.2,4.12,4.2,4.12,0.08000000000000007,1.9417,62169.93,25880.607,4.172,61638.238,4.2069,102258.4915,4.3056,191708.8832,4.3931,120385.0769,4.4388,108827.8035,4.4164,197013.0277
135,002272.SZ,20200615,4.13,4.17,4.1,4.12,4.16,-0.040000000000000036,-0.9615,69990.0,28933.067,4.178,63390.23,4.2008,112106.12,4.3065,191614.0941,4.3931,120184.4108,4.4418,108608.6454,4.4187,197396.8161
136,002272.SZ,20200612,4.07,4.19,4.07,4.16,4.18,-0.019999999999999574,-0.4785,52408.9,21645.222,4.196,70201.616,4.21,125300.9762,4.3118,191680.5388,4.3941,119982.9385,4.4454,108413.2657,4.4211,197648.9465
137,002272.SZ,20200611,4.15,4.21,4.15,4.18,4.2,-0.020000000000000462,-0.4762,61291.36,25622.495,4.218,87040.456,4.2223,140179.9331,4.3179,193031.4835,4.3961,119808.6476,4.4491,108296.5385,4.4243,197666.5555
138,002272.SZ,20200610,4.22,4.23,4.18,4.2,4.23,-0.03000000000000025,-0.7092,62331.0,26172.908,4.246,106487.938,4.23,167096.0862,4.3203,193064.1791,4.3978,119566.256,4.4524,108251.3223,4.4271,197628.4379
139,002272.SZ,20200609,4.2,4.24,4.18,4.23,4.21,0.020000000000000462,0.4751,70929.89,29871.027,4.25,127550.836,4.2685,203146.12,4.3238,193361.6529,4.3992,119351.1726,4.4564,108178.675,4.4301,197708.9368
140,002272.SZ,20200608,4.28,4.29,4.2,4.21,4.27,-0.05999999999999961,-1.4052,104046.93,44127.009,4.254,141140.582,4.3446,258714.4131,4.3256,195214.7179,4.4006,119213.5344,4.4611,108048.0188,4.4313,197393.2932
141,002272.SZ,20200605,4.29,4.31,4.23,4.27,4.32,-0.05000000000000071,-1.1574,136603.1,58293.392,4.256,147710.962,4.4077,309086.7985,4.3321,195046.0141,4.4028,118916.2725,4.466,107697.7551,4.4327,196594.9636
142,002272.SZ,20200604,4.23,4.33,4.2,4.32,4.22,0.10000000000000053,2.3697,158528.77,67511.404,4.224,141917.856,4.4762,375181.1738,4.3356,195499.1053,4.4051,118343.876,4.4709,107328.2669,4.4327,195546.6585
143,002272.SZ,20200603,4.26,4.31,4.22,4.22,4.25,-0.03000000000000025,-0.7059,167645.49,71437.204,4.184,148249.922,4.5046,375668.7677,4.3426,195404.2474,4.4072,117420.454,4.4763,107005.525,4.4301,194255.5071
144,002272.SZ,20200602,4.21,4.27,4.18,4.25,4.22,0.03000000000000025,0.7109,138878.62,58721.187,4.188,163025.45,4.5077,369275.0377,4.3515,193545.7359,4.4106,116393.9109,4.4825,106935.9569,4.4303,193191.3584
145,002272.SZ,20200601,4.11,4.29,4.11,4.22,4.11,0.10999999999999943,2.6764,136898.83,57341.459,4.202,184416.794,4.5077,364853.4108,4.3565,194263.775,4.4145,115640.2405,4.4876,106882.3242,4.4296,191859.1711
146,002272.SZ,20200529,4.08,4.16,4.07,4.11,4.12,-0.009999999999999787,-0.2427,107637.57,44355.991,4.214,239277.298,4.5054,359692.3115,4.3676,198333.6597,4.419,114947.3111,4.4924,106488.3665,4.4279,190491.9467
147,002272.SZ,20200528,4.2,4.24,4.05,4.12,4.24,-0.1200000000000001,-2.8302,190189.1,78668.942,4.332,323946.072,4.5038,356591.1908,4.3762,202926.2932,4.4238,114323.6127,4.4978,106105.588,4.428,189610.1124
148,002272.SZ,20200527,4.28,4.31,4.17,4.24,4.32,-0.08000000000000007,-1.8519,241523.13,102460.891,4.552,444571.792,4.5077,347400.26,4.38,201761.5712,4.4283,113162.3124,4.5033,105549.0489,4.4268,187526.9009
149,002272.SZ,20200526,4.28,4.34,4.2,4.32,4.28,0.040000000000000036,0.9346,245835.34,105047.869,4.71,548044.754,4.5054,334781.0192,4.3776,197734.5985,4.4319,111642.9113,4.5079,104443.0767,4.4229,184862.2444
150,002272.SZ,20200525,4.55,4.62,4.24,4.28,4.7,-0.41999999999999993,-8.9362,411201.35,180435.61,4.878,698043.682,4.4962,320417.6854,4.375,194060.7894,4.4352,110159.154,4.5121,103340.4535,4.4171,182150.0839
151,002272.SZ,20200522,5.08,5.15,4.7,4.7,5.22,-0.5199999999999996,-9.9617,530981.44,256211.371,4.96,648776.91,4.4923,293511.5462,4.3709,185995.6321,4.4382,107510.0479,4.5161,101256.3627,4.4107,177556.3953
152,002272.SZ,20200521,5.04,5.39,4.85,5.22,5.03,0.1899999999999995,3.7773,793317.7,407860.159,4.872,559486.022,4.45,258173.4354,4.3556,175060.6209,4.4382,104157.9963,4.5172,98757.8051,4.4011,170594.6961
153,002272.SZ,20200520,4.7,5.14,4.65,5.03,5.16,-0.1299999999999999,-2.5194,758887.94,375221.113,4.678,417101.976,4.3531,201436.8085,4.3274,159299.2768,4.4354,98968.6345,4.5148,94359.5111,4.3904,160583.0201
154,002272.SZ,20200519,5.15,5.16,4.8,5.16,4.69,0.46999999999999975,10.0213,995829.98,506115.781,4.51,279285.296,4.2746,150915.1623,4.3118,145479.4641,4.4342,94013.4088,4.5135,90176.4345,4.3839,150793.1824
155,002272.SZ,20200518,4.26,4.69,4.24,4.69,4.26,0.4300000000000006,10.0939,164867.49,76514.373,4.296,93583.9,4.2023,78536.5892,4.2953,128685.9326,4.4325,87677.4366,4.5114,84570.6863,4.3751,138331.9455
156,002272.SZ,20200515,4.25,4.32,4.2,4.26,4.25,0.009999999999999787,0.2353,84527.0,35895.908,4.192,74751.802,4.1669,70388.8669,4.3009,147110.0232,4.4352,87045.6308,4.5115,83821.471,4.3744,136897.7407
157,002272.SZ,20200514,4.15,4.25,4.14,4.25,4.19,0.05999999999999961,1.432,81397.47,34198.355,4.182,73341.002,4.17,69444.4146,4.325,174666.4329,4.4411,86924.249,4.5145,83666.6245,4.3791,136062.8073
158,002272.SZ,20200513,4.07,4.19,4.04,4.19,4.09,0.10000000000000053,2.445,69804.54,28762.613,4.172,68883.908,4.1792,70747.7646,4.3621,194428.1374,4.4465,86837.3482,4.5178,83649.2372,4.3843,135369.3611
159,002272.SZ,20200512,4.15,4.17,4.05,4.09,4.17,-0.08000000000000007,-1.9185,67323.0,27549.908,4.18,67207.308,4.1846,70178.4162,4.3862,195759.0632,4.4514,86765.1106,4.5209,83638.8323,4.3911,134924.1919
160,002272.SZ,20200511,4.23,4.23,4.11,4.17,4.21,-0.040000000000000036,-0.9501,70707.0,29464.017,4.192,68059.908,4.2023,70572.4246,4.3997,198663.6215,4.4558,86472.119,4.5237,83532.903,4.3993,134770.1992
161,002272.SZ,20200508,4.23,4.25,4.17,4.21,4.2,0.009999999999999787,0.2381,77473.0,32573.174,4.15,65066.818,4.2115,75436.0477,4.4144,203984.8971,4.4596,86237.84,4.5265,83472.1682,4.4063,134265.5372
162,002272.SZ,20200507,4.22,4.28,4.17,4.2,4.23,-0.03000000000000025,-0.7092,59112.0,24945.119,4.11,69993.526,4.2285,77038.9708,4.4344,209086.5841,4.4635,85926.7914,4.5298,83270.6309,4.412,133800.9377
163,002272.SZ,20200506,4.08,4.24,4.06,4.23,4.15,0.08000000000000007,1.9277,61421.54,25703.019,4.114,69152.832,4.2431,84184.8323,4.4506,216837.9332,4.4673,85888.8597,4.5327,83095.1663,4.4183,133602.252
164,002272.SZ,20200430,4.06,4.17,4.03,4.15,3.96,0.1900000000000004,4.798,71586.0,29477.838,4.114,68657.944,4.2685,91406.5292,4.4703,225092.9594,4.4719,85809.9157,4.5353,82999.8614,4.4229,133283.3751
165,002272.SZ,20200429,4.01,4.05,3.93,3.96,4.01,-0.04999999999999982,-1.2469,55741.55,22231.652,4.144,68790.568,4.2969,93934.9985,4.4874,226943.2376,4.4779,85652.0197,4.5382,82843.8733,4.4296,132751.116
166,002272.SZ,20200428,4.23,4.23,3.83,4.01,4.22,-0.20999999999999996,-4.9763,102106.54,41168.511,4.226,77310.462,4.3323,102208.1062,4.5062,229244.4574,4.4854,85576.4004,4.5417,82782.1486,4.4383,132523.254
167,002272.SZ,20200427,4.23,4.27,4.18,4.22,4.23,-0.010000000000000675,-0.2364,54908.53,23225.866,4.276,69369.756,4.3777,115528.75,4.5221,228932.7121,4.493,85382.3244,4.5447,82378.4865,4.4464,131926.552
168,002272.SZ,20200424,4.29,4.31,4.21,4.23,4.3,-0.0699999999999994,-1.6279,58947.1,25107.831,4.296,72877.072,4.3915,131596.3331,4.5274,229543.1032,4.5,85723.136,4.5466,82213.9167,4.4508,131604.6297
169,002272.SZ,20200423,4.34,4.4,4.28,4.3,4.37,-0.07000000000000028,-1.6018,72249.12,31272.273,4.308,87874.472,4.3931,138645.6754,4.5382,230216.985,4.5072,86396.34,4.5485,82038.1528,4.4543,131117.6151
170,002272.SZ,20200422,4.22,4.39,4.2,4.37,4.26,0.11000000000000032,2.5822,98341.02,42513.204,4.334,93086.848,4.3823,141134.6708,4.5462,230117.3024,4.5128,86796.1009,4.5501,81840.732,4.4565,130625.4535
171,002272.SZ,20200421,4.28,4.3,4.19,4.26,4.32,-0.0600000000000005,-1.3889,62403.01,26447.503,4.338,103820.284,4.3715,142871.9638,4.5497,230337.2226,4.5174,86601.5103,4.5508,81516.9697,4.4579,129680.1332
172,002272.SZ,20200420,4.31,4.34,4.24,4.32,4.29,0.03000000000000025,0.6993,72445.11,31072.073,4.398,122400.402,4.3623,148609.1169,4.5535,230098.2606,4.5226,86466.4061,4.5528,81319.4312,4.4616,129223.9453
173,002272.SZ,20200417,4.4,4.46,4.27,4.29,4.43,-0.13999999999999968,-3.1603,133934.1,58491.493,4.438,128802.6,4.3515,155281.8823,4.5535,229184.97,4.5278,86630.9123,4.5545,81071.0873,4.4645,128722.3705
174,002272.SZ,20200416,4.36,4.48,4.34,4.43,4.39,0.040000000000000036,0.9112,98311.0,43521.871,4.464,134674.17,4.3492,164781.7208,4.5497,226901.3788,4.5328,86080.0771,4.5566,80655.7115,4.4683,127612.3428
175,002272.SZ,20200415,4.51,4.52,4.39,4.39,4.56,-0.16999999999999993,-3.7281,152008.2,67437.347,4.498,170066.952,4.3546,179451.2062,4.5482,225330.7232,4.5369,85810.5008,4.5588,80311.7105,4.4683,126669.0972
176,002272.SZ,20200414,4.52,4.66,4.46,4.56,4.52,0.040000000000000036,0.885,155303.6,70917.102,4.5,192422.734,4.3708,200439.03,4.5476,223535.0132,4.5409,85164.541,4.5618,79723.8382,4.47,125290.6188
177,002272.SZ,20200413,4.41,4.55,4.35,4.52,4.42,0.09999999999999964,2.2624,104456.1,46763.996,4.438,191479.724,4.3954,249360.7969,4.54,221581.9597,4.5432,84841.08,4.5643,79193.024,4.4707,124692.3885
178,002272.SZ,20200410,4.55,4.57,4.36,4.42,4.6,-0.17999999999999972,-3.913,163291.95,72792.211,4.366,191509.716,4.4385,319898.3992,4.5365,220090.0029,4.5452,84462.9544,4.5666,78798.1025,4.4707,123797.4157
179,002272.SZ,20200409,4.39,4.64,4.38,4.6,4.4,0.1999999999999993,4.5455,275274.91,124829.044,4.328,183036.492,4.5223,365283.2815,4.5356,217005.9026,4.5479,83689.7325,4.5698,78102.0413,4.4715,122144.6092
180,002272.SZ,20200408,4.25,4.55,4.21,4.4,4.25,0.15000000000000036,3.5294,263787.11,116467.005,4.236,155378.71,4.5538,352958.7515,4.5306,210920.4176,4.5494,82114.6188,4.5717,76710.1306,4.4696,118962.4523
181,002272.SZ,20200407,4.21,4.28,4.21,4.25,4.16,0.08999999999999986,2.1635,150588.55,64063.623,4.192,134459.5,4.5654,345442.6646,4.5282,204551.8738,4.5515,80548.3896,4.5745,75369.1433,4.4695,115688.9175
182,002272.SZ,20200403,4.23,4.24,4.15,4.16,4.23,-0.07000000000000028,-1.6548,104606.06,43727.041,4.194,155828.19,4.5977,353215.1123,4.53,201421.9815,4.5551,79907.8992,4.5782,74721.7849,4.4711,113882.0793
183,002272.SZ,20200402,4.13,4.23,4.09,4.23,4.14,0.09000000000000075,2.1739,120925.83,50348.319,4.262,192709.84,4.6538,364470.8277,4.5332,200050.6332,4.5596,79726.3226,4.5823,74356.8733,4.474,112801.8156
184,002272.SZ,20200401,4.18,4.26,4.13,4.14,4.18,-0.040000000000000036,-0.9569,136986.0,57358.383,4.336,253494.656,4.6938,379988.6769,4.5303,198308.4738,4.563,79359.1023,4.5855,73874.8569,4.4764,111421.1392
185,002272.SZ,20200331,4.28,4.3,4.16,4.18,4.26,-0.08000000000000007,-1.8779,159191.06,67209.574,4.484,384354.77,4.7523,395766.0946,4.5329,196862.8368,4.5658,78751.0117,4.5889,73405.6291,4.4799,109863.6059
186,002272.SZ,20200330,4.37,4.42,4.16,4.26,4.5,-0.2400000000000002,-5.3333,257432.0,109630.485,4.664,556805.544,4.7946,393866.4331,4.5335,193326.7635,4.5691,78065.2599,4.5931,72730.9127,4.4829,108266.4985
187,002272.SZ,20200327,4.6,4.68,4.5,4.5,4.6,-0.09999999999999964,-2.1739,289014.31,132947.229,4.914,655978.228,4.8208,384370.3577,4.5285,186765.7341,4.5726,76579.0183,4.5966,71476.735,4.4839,105119.0187
188,002272.SZ,20200326,4.75,4.81,4.58,4.6,4.88,-0.28000000000000025,-5.7377,424849.91,199051.465,5.016,621186.57,4.8246,369177.5031,4.5174,179485.9015,4.5739,74776.5473,4.5992,70152.9923,4.4813,101759.8559
189,002272.SZ,20200325,5.02,5.15,4.67,4.88,5.08,-0.20000000000000018,-3.937,791286.57,384637.067,5.006,569432.184,4.8092,342316.8815,4.5006,167988.7935,4.5744,72140.8882,4.601,67916.8272,4.4764,96308.0197
190,002272.SZ,20200324,6.06,6.06,5.04,5.08,5.51,-0.4299999999999997,-7.804,1021444.93,592024.499,4.964,461500.944,4.7877,287745.5362,4.4732,145941.3618,4.5728,66959.8982,4.6013,63682.3028,4.4673,86019.2788
191,002272.SZ,20200323,5.17,5.51,5.07,5.51,5.01,0.5,9.98,753295.42,407456.755,4.926,307398.03,4.7485,214469.7654,4.4379,117146.6079,4.569,60181.184,4.6001,58015.3281,4.456,72606.7464
192,002272.SZ,20200320,4.58,5.01,4.57,5.01,4.55,0.45999999999999996,10.1099,115056.02,55879.91,4.774,221270.52,4.67,164663.8338,4.3876,96951.8812,4.5622,55185.2967,4.5964,54050.7162,4.4393,62739.3676
193,002272.SZ,20200319,4.56,4.65,4.45,4.55,4.67,-0.1200000000000001,-2.5696,166077.98,75442.226,4.752,266677.802,4.6223,159988.6246,4.3574,93828.2924,4.5589,54574.4648,4.5962,53971.9173,4.4292,61470.4873
194,002272.SZ,20200318,4.9,5.04,4.66,4.67,4.89,-0.21999999999999975,-4.499,251630.37,123151.037,4.788,260361.298,4.6046,150397.49,4.3535,90191.94,4.5589,53624.2219,4.5992,53484.3091,4.4249,59438.2743
195,002272.SZ,20200317,4.8,4.96,4.28,4.89,4.75,0.13999999999999968,2.9474,250930.36,119057.777,4.774,236831.828,4.5654,135371.4615,4.3497,83516.05,4.5582,52146.8235,4.6012,52926.2065,4.4192,56324.6027
196,002272.SZ,20200316,4.87,5.15,4.7,4.75,4.9,-0.15000000000000036,-3.0612,322657.87,158483.862,4.706,204947.196,4.5262,119523.6423,4.3382,77936.8397,4.5555,50707.2043,4.6031,52211.5399,4.4099,53235.558
197,002272.SZ,20200313,4.63,5.13,4.44,4.9,4.73,0.16999999999999993,3.5941,342092.43,166446.676,4.636,155547.988,4.4969,101700.2723,4.335,70132.2591,4.5544,48668.0455,4.6064,51637.415,4.4029,49118.0531
198,002272.SZ,20200312,4.49,4.78,4.48,4.73,4.6,0.13000000000000078,2.8261,134495.46,62707.102,4.576,103501.318,4.4508,82223.9146,4.3265,60715.0406,4.5524,46504.0356,4.6086,51131.6033,4.394,44775.2231
199,002272.SZ,20200311,4.55,4.85,4.53,4.6,4.55,0.04999999999999982,1.0989,133983.02,62404.634,4.544,90374.208,4.4254,76011.1538,4.3238,57623.6741,4.5517,46012.6475,4.6131,53138.4344,4.3877,43268.2839
200,002272.SZ,20200310,4.38,4.59,4.24,4.55,4.4,0.14999999999999947,3.4091,91507.2,40449.11,4.522,84741.266,4.4092,70199.5785,4.3268,54754.0809,4.5532,45361.2017,4.6217,53412.5453,4.3824,41693.1009
201,002272.SZ,20200309,4.59,4.63,4.39,4.4,4.6,-0.1999999999999993,-4.3478,75661.83,34081.991,4.49,77295.486,4.4,68419.6723,4.3315,53703.0912,4.5556,45091.4141,4.6273,53837.1999,4.3771,40702.5516
202,002272.SZ,20200306,4.51,4.69,4.5,4.6,4.57,0.02999999999999936,0.6565,81859.08,37752.44,4.474,70441.766,4.3938,66234.6562,4.34,52444.1359,4.5597,45021.5125,4.6309,53648.0674,4.3747,39896.3672
203,002272.SZ,20200305,4.47,4.6,4.47,4.57,4.49,0.08000000000000007,1.7817,68859.91,31357.484,4.386,65328.35,4.3715,63335.6662,4.3412,51290.2818,4.5617,44714.952,4.6334,53510.5966,4.3691,39080.3261
204,002272.SZ,20200304,4.39,4.58,4.38,4.49,4.39,0.10000000000000053,2.2779,105818.31,47356.207,4.348,60538.11,4.3485,62498.7669,4.3441,50565.3012,4.5644,44553.8249,4.6357,53400.9828,4.3643,38605.8473
205,002272.SZ,20200303,4.35,4.47,4.34,4.39,4.32,0.0699999999999994,1.6204,54278.3,23946.17,4.324,57565.26,4.3208,59104.4669,4.3468,48556.1088,4.5674,44097.045,4.6389,53161.1466,4.3612,37741.3099
206,002272.SZ,20200302,4.16,4.33,4.16,4.32,4.16,0.16000000000000014,3.8462,41393.23,17719.018,4.306,64489.556,4.3085,61685.7008,4.3544,47891.0579,4.5708,43978.1697,4.6425,53339.1634,4.362,37381.7459
207,002272.SZ,20200228,4.32,4.32,4.12,4.16,4.38,-0.21999999999999975,-5.0228,56292.0,23771.592,4.322,66956.824,4.2992,61498.8808,4.3629,47810.4306,4.5747,43976.7235,4.6461,53502.2115,4.3633,37181.6625
208,002272.SZ,20200227,4.37,4.46,4.36,4.38,4.37,0.009999999999999787,0.2288,44908.71,19771.567,4.368,67384.932,4.2938,59811.5731,4.3765,47841.6626,4.5795,43883.9735,4.6499,53549.3344,4.3665,36849.2223
209,002272.SZ,20200226,4.27,4.48,4.25,4.37,4.3,0.07000000000000028,1.6279,90954.06,40011.911,4.378,72076.874,4.2738,59549.3646,4.3815,47425.6524,4.5822,43846.1704,4.6517,53648.8689,4.3673,36931.9061
210,002272.SZ,20200225,4.35,4.35,4.14,4.3,4.4,-0.10000000000000053,-2.2727,88899.78,38078.112,4.368,63337.386,4.2477,55164.3015,4.385,45409.9741,4.5846,43615.1456,4.654,53380.1384,4.3695,36535.7348
211,002272.SZ,20200224,4.37,4.44,4.36,4.4,4.39,0.010000000000000675,0.2278,53729.57,23610.206,4.37,54391.872,4.2208,51531.5408,4.39,43834.5982,4.5887,43311.4249,4.6574,53120.4489,4.3735,36072.7777
212,002272.SZ,20200221,4.42,4.46,4.37,4.39,4.43,-0.040000000000000036,-0.9029,58432.54,25783.602,4.344,55242.002,4.1808,50661.8277,4.3921,43061.4344,4.5919,43254.1083,4.661,53212.5529,4.3764,35697.1301
213,002272.SZ,20200220,4.31,4.43,4.31,4.43,4.32,0.10999999999999943,2.5463,68368.42,29959.879,4.292,55893.976,4.1354,51295.8408,4.3965,42171.9162,4.5956,43301.8114,4.6635,53154.0645,4.3807,35182.3401
214,002272.SZ,20200219,4.31,4.37,4.29,4.32,4.31,0.010000000000000675,0.232,47256.62,20465.501,4.252,59787.16,4.1008,46717.8085,4.3997,41185.4038,4.599,43152.989,4.6657,52955.7415,4.3857,34675.4289
215,002272.SZ,20200218,4.26,4.37,4.24,4.31,4.27,0.040000000000000036,0.9368,44172.21,19009.261,4.228,58128.75,4.1085,46347.4531,4.4071,41286.1509,4.6032,43350.1789,4.6677,52949.8558,4.3931,34540.234
216,002272.SZ,20200217,4.13,4.28,4.13,4.27,4.13,0.13999999999999968,3.3898,57980.22,24397.858,4.184,56165.708,4.1262,44845.7531,4.4106,40797.7794,4.6072,43485.9705,4.6689,52976.4785,4.3995,34188.9379
217,002272.SZ,20200214,4.21,4.22,4.09,4.13,4.23,-0.10000000000000053,-2.3641,61692.41,25681.836,4.154,52869.664,4.1438,45096.2908,4.4179,40522.5471,4.6114,43661.6357,4.6718,52806.1054,4.4061,33722.0264
218,002272.SZ,20200213,4.21,4.34,4.11,4.23,4.2,0.03000000000000025,0.7143,87834.34,37196.297,4.134,47320.83,4.1831,44758.5769,4.4321,41956.1918,4.6172,43939.7371,4.6756,52726.8824,4.4145,33202.5192
219,002272.SZ,20200212,4.09,4.2,4.07,4.2,4.09,0.11000000000000032,2.6895,38964.57,16096.918,4.078,38088.74,4.2123,39687.2431,4.4406,40470.8624,4.6231,43910.8332,4.6784,52618.2573,4.4221,32460.3851
220,002272.SZ,20200211,4.13,4.15,4.05,4.09,4.12,-0.03000000000000025,-0.7282,34357.0,14050.81,4.014,38780.486,4.2462,38950.6608,4.4488,40481.6532,4.6286,44732.6837,4.683,52546.4019,4.4289,32337.2585
221,002272.SZ,20200210,4.04,4.12,4.0,4.12,4.03,0.08999999999999986,2.2333,41500.0,16961.874,3.956,45244.028,4.2931,39109.1108,4.4597,40548.0103,4.6365,45397.9247,4.6882,52634.5305,4.4371,32522.9785
222,002272.SZ,20200207,3.95,4.05,3.92,4.03,3.95,0.08000000000000007,2.0253,33948.24,13542.408,3.928,38714.828,4.3385,40207.0762,4.4676,39864.8338,4.6447,46676.6105,4.6938,52596.7155,4.4464,32583.64
223,002272.SZ,20200206,3.91,3.98,3.86,3.95,3.88,0.07000000000000028,1.8041,41673.89,16395.181,4.006,40413.58,4.3892,40123.1615,4.4776,39309.7588,4.6533,48222.8744,4.7,52632.4589,4.4573,32735.4693
224,002272.SZ,20200205,3.79,3.96,3.77,3.88,3.8,0.08000000000000007,2.1053,42423.3,16483.386,4.124,37008.824,4.4423,40196.5577,4.4903,38777.7703,4.664,51222.708,4.7071,52804.0277,4.4703,33292.4839
225,002272.SZ,20200204,3.58,3.84,3.58,3.8,3.98,-0.18000000000000016,-4.5226,66674.71,25029.155,4.248,40771.606,4.5031,40334.04,4.5059,38041.0585,4.6791,52180.239,4.7134,52821.7301,4.4863,33712.006
226,002272.SZ,20200203,3.98,3.98,3.98,3.98,4.42,-0.43999999999999995,-9.9548,8854.0,3523.892,4.416,38897.09,4.5631,38090.2754,4.5235,36673.3024,4.6909,52851.0662,4.7202,52664.5188,4.5037,33716.9833
227,002272.SZ,20200123,4.54,4.57,4.37,4.42,4.54,-0.1200000000000001,-2.6432,42442.0,18981.903,4.542,41507.69,4.6146,39845.0885,4.5362,37571.9497,4.698,53093.0415,4.727,52893.6075,4.5177,34517.3801
228,002272.SZ,20200122,4.52,4.57,4.45,4.54,4.5,0.040000000000000036,0.8889,24650.11,11122.558,4.586,38897.09,4.6292,39553.5423,4.5335,36952.2147,4.7022,53205.434,4.7312,52939.0993,4.524,34743.5177
229,002272.SZ,20200121,4.64,4.64,4.5,4.5,4.64,-0.13999999999999968,-3.0172,61237.21,27834.339,4.618,41250.438,4.6354,42069.2177,4.5268,37317.7144,4.7051,53383.8024,4.7343,53145.8173,4.5264,34749.9457
230,002272.SZ,20200120,4.61,4.71,4.59,4.64,4.61,0.02999999999999936,0.6508,57302.13,26575.787,4.66,40157.706,4.6392,39725.1523,4.5188,35986.0965,4.7087,53411.919,4.7376,53314.0942,4.5293,34426.394
231,002272.SZ,20200117,4.64,4.69,4.57,4.61,4.64,-0.02999999999999936,-0.6466,21907.0,10120.653,4.67,35268.75,4.6277,37041.9885,4.5059,34878.1221,4.7113,53599.8427,4.7411,53412.1778,4.5312,34098.1256
232,002272.SZ,20200116,4.7,4.71,4.61,4.64,4.7,-0.0600000000000005,-1.2766,29389.0,13687.214,4.676,39412.958,4.6169,38075.0654,4.4947,34689.8279,4.7135,53926.5188,4.7447,53712.7404,4.5329,34521.3633
233,002272.SZ,20200115,4.75,4.75,4.65,4.7,4.71,-0.009999999999999787,-0.2123,36416.85,17073.319,4.682,42377.272,4.6038,37925.2962,4.4835,34214.9165,4.7147,54168.6491,4.7479,53973.9453,4.5363,34796.8915
234,002272.SZ,20200114,4.68,4.79,4.66,4.71,4.69,0.019999999999999574,0.4264,55773.55,26464.072,4.658,42595.056,4.5915,37292.3785,4.4703,33728.8326,4.7144,54344.4351,4.7505,54449.1115,4.5405,34962.6532
235,002272.SZ,20200113,4.61,4.69,4.57,4.69,4.64,0.05000000000000071,1.0776,32857.35,15222.784,4.646,37773.66,4.5785,35681.1054,4.4562,32490.2576,4.7149,54273.3592,4.7524,54726.388,4.5449,34817.0375
236,002272.SZ,20200110,4.66,4.71,4.59,4.64,4.67,-0.03000000000000025,-0.6424,42628.04,19789.473,4.63,38932.57,4.5692,37052.2338,4.4429,32056.365,4.7161,54357.7683,4.753,54975.0708,4.5504,35367.7341
237,002272.SZ,20200109,4.59,4.75,4.59,4.67,4.58,0.08999999999999986,1.9651,44210.57,20653.452,4.626,41877.74,4.5531,35893.7369,4.4297,31368.8347,4.7187,54542.9565,4.7538,55235.3465,4.5583,36185.8321
238,002272.SZ,20200108,4.64,4.67,4.56,4.58,4.65,-0.07000000000000028,-1.5054,37505.77,17300.192,4.602,39188.498,4.5415,36233.1023,4.4168,30475.7297,4.7197,54573.0775,4.755,55625.6277,4.5661,37674.8709
239,002272.SZ,20200107,4.59,4.65,4.59,4.65,4.61,0.040000000000000036,0.8677,31666.57,14669.48,4.584,36171.544,4.5438,41843.1454,4.4065,29854.3888,4.7212,54554.6474,4.7567,56080.9072,4.5732,38905.6565
240,002272.SZ,20200106,4.58,4.65,4.55,4.61,4.62,-0.009999999999999787,-0.2165,38651.9,17808.256,4.548,36905.63,4.5338,42279.0354,4.395,29554.6374,4.7212,54656.0041,4.7598,56347.643,4.5783,39421.0353
241,002272.SZ,20200103,4.54,4.65,4.53,4.62,4.55,0.07000000000000028,1.5385,57353.89,26402.11,4.52,34663.65,4.5238,42331.3092,4.3829,28883.8256,4.7206,54725.5843,4.7624,57030.077,4.5837,39478.3167
242,002272.SZ,20200102,4.5,4.57,4.5,4.55,4.49,0.05999999999999961,1.3363,30764.36,13975.276,4.504,28830.656,4.5115,40735.8669,4.3691,27703.2994,4.7216,54529.9821,4.7676,57544.7333,4.5896,39995.3848
243,002272.SZ,20191231,4.46,4.5,4.44,4.49,4.47,0.020000000000000462,0.4474,22421.0,10023.765,4.502,29643.184,4.4992,39774.9162,4.3594,27245.4653,4.7231,54651.7831,4.773,58573.0413,4.5957,40313.3777
244,002272.SZ,20191230,4.44,4.49,4.37,4.47,4.47,0.0,0.0,35337.0,15683.498,4.518,35295.388,4.49,39209.8923,4.3503,27193.5535,4.7246,54978.5589,4.7821,59284.3141,4.6029,40807.6579
245,002272.SZ,20191227,4.52,4.57,4.45,4.47,4.54,-0.07000000000000028,-1.5419,27442.0,12402.288,4.51,33741.504,4.4831,38305.9908,4.3426,27132.8771,4.7281,54919.42,4.7919,60502.675,4.6095,41123.0312
246,002272.SZ,20191226,4.58,4.58,4.49,4.54,4.54,0.0,0.0,28188.92,12741.63,4.52,37977.568,4.4785,37531.6138,4.3365,27530.9947,4.7316,55070.8695,4.8014,61051.3715,4.6151,42206.8073
247,002272.SZ,20191225,4.54,4.6,4.52,4.54,4.57,-0.03000000000000025,-0.6565,34827.0,15887.737,4.534,54427.05,4.4677,36914.8508,4.3338,27505.1735,4.7353,55118.9275,4.81,61708.8097,4.6187,42497.7019
248,002272.SZ,20191224,4.44,4.6,4.42,4.57,4.43,0.14000000000000057,3.1603,50682.02,23000.899,4.53,54928.278,4.4577,37267.2362,4.3303,27256.9376,4.739,55154.7739,4.8189,62469.8806,4.6223,42725.9819
249,002272.SZ,20191223,4.48,4.52,4.42,4.43,4.52,-0.08999999999999986,-1.9912,27567.58,12341.117,4.512,52658.166,4.4392,35012.5431,4.3253,26688.6129,4.743,55293.5724,4.8279,64071.3297,4.6255,42696.3355
250,002272.SZ,20191220,4.59,4.64,4.52,4.52,4.61,-0.09000000000000075,-1.9523,48622.32,22186.975,4.518,54467.278,4.43,35744.0446,4.3256,27381.0371,4.7466,55417.5128,4.8356,64372.5222,4.6291,42838.7691
251,002272.SZ,20191219,4.78,4.87,4.57,4.61,4.52,0.09000000000000075,1.9912,110436.33,51777.892,4.492,48397.214,4.4077,33231.7277,4.3259,27752.1809,4.7495,55358.3717,4.8424,64624.4842,4.6324,42968.5773
252,002272.SZ,20191218,4.47,4.6,4.47,4.52,4.48,0.03999999999999915,0.8929,37333.14,16929.693,4.444,29325.086,4.3762,26246.7023,4.3256,26097.5241,4.7531,54921.8,4.8492,64449.5536,4.6351,42542.2132
253,002272.SZ,20191217,4.45,4.51,4.44,4.48,4.46,0.020000000000000462,0.4484,39331.46,17596.663,4.416,26575.714,4.3538,24567.6146,4.3285,25751.1376,4.7574,55010.6678,4.8562,64976.6289,4.6377,42951.7195
254,002272.SZ,20191216,4.44,4.49,4.39,4.46,4.39,0.07000000000000028,1.5945,36613.14,16263.535,4.402,22184.442,4.3369,22560.7338,4.3353,25177.3679,4.7615,55151.3206,4.8648,65742.6134,4.6387,43086.246
255,002272.SZ,20191213,4.39,4.41,4.35,4.39,4.37,0.019999999999999574,0.4577,18272.0,8014.699,4.39,18896.014,4.3208,21274.3385,4.3456,24993.1603,4.7656,55519.8127,4.8726,66072.3472,4.6412,43403.9749
256,002272.SZ,20191212,4.37,4.41,4.36,4.37,4.38,-0.009999999999999787,-0.2283,15075.69,6612.499,4.394,23123.216,4.3085,20919.7231,4.3597,25547.425,4.7714,55905.9672,4.8805,66902.8489,4.6463,43739.1909
257,002272.SZ,20191211,4.4,4.43,4.33,4.38,4.41,-0.03000000000000025,-0.6803,23586.28,10341.175,4.386,24382.28,4.2985,21152.7469,4.3721,25628.2871,4.7773,56306.1506,4.8883,67485.1563,4.6504,43930.9616
258,002272.SZ,20191210,4.4,4.41,4.33,4.41,4.4,0.009999999999999787,0.2273,17375.1,7587.556,4.372,27080.444,4.2838,20819.3415,4.3835,25609.9218,4.7829,56653.0001,4.8956,67906.0543,4.6544,44220.6779
259,002272.SZ,20191209,4.41,4.46,4.37,4.4,4.41,-0.009999999999999787,-0.2268,20171.0,8875.953,4.336,26797.864,4.27,20547.7954,4.3938,25767.4003,4.788,57342.8949,4.9021,68487.4755,4.6575,44591.9967
260,002272.SZ,20191206,4.3,4.46,4.3,4.41,4.33,0.08000000000000007,1.8476,39408.01,17332.574,4.296,26689.864,4.2569,20256.1938,4.4056,26120.4379,4.7923,57915.5496,4.9088,69091.7653,4.6593,44927.1845
261,002272.SZ,20191205,4.31,4.36,4.29,4.33,4.31,0.020000000000000462,0.464,21371.01,9245.353,4.26,21909.262,4.2454,18876.7331,4.4144,25835.7929,4.795,58161.9158,4.9146,69470.5893,4.6608,44853.5796
262,002272.SZ,20191204,4.22,4.38,4.19,4.31,4.23,0.07999999999999918,1.8913,37077.1,15956.812,4.246,20283.462,4.2354,18451.6015,4.4253,26627.4103,4.7981,58614.9965,4.9196,69746.1515,4.6636,44929.9159
263,002272.SZ,20191203,4.21,4.23,4.17,4.23,4.2,0.03000000000000025,0.7143,15962.2,6704.065,4.234,16846.042,4.2231,16923.8246,4.4403,26891.3076,4.802,59122.5728,4.9253,69934.204,4.6668,44825.4612
264,002272.SZ,20191202,4.22,4.26,4.16,4.2,4.23,-0.03000000000000025,-0.7092,19631.0,8273.46,4.234,16386.002,4.2223,16865.04,4.4585,27755.2265,4.8064,59806.5021,4.9312,70386.8182,4.6713,45131.0985
265,002272.SZ,20191129,4.24,4.28,4.18,4.23,4.26,-0.02999999999999936,-0.7042,15505.0,6546.607,4.242,16080.802,4.2208,16943.8862,4.4797,29632.2553,4.8132,60203.1265,4.9382,71173.2317,4.6753,45451.0212
266,002272.SZ,20191128,4.29,4.29,4.24,4.26,4.25,0.009999999999999787,0.2353,13242.01,5637.713,4.234,16830.204,4.2192,18310.7323,4.5047,31349.3865,4.8189,61164.781,4.9464,72624.2774,4.6803,45631.2079
267,002272.SZ,20191127,4.24,4.29,4.21,4.25,4.23,0.019999999999999574,0.4728,19890.0,8479.73,4.228,16950.802,4.2192,20444.27,4.5297,32931.9159,4.8274,62075.1199,4.9541,73540.5356,4.6848,45860.9811
268,002272.SZ,20191126,4.24,4.26,4.18,4.23,4.24,-0.009999999999999787,-0.2358,13662.0,5780.743,4.224,16248.838,4.2346,21015.1162,4.5526,34372.9088,4.8358,63357.4699,4.9614,74314.6079,4.69,46445.5888
269,002272.SZ,20191125,4.17,4.25,4.14,4.24,4.19,0.04999999999999982,1.1933,18105.0,7625.985,4.23,17811.442,4.2492,21993.9608,4.5721,35718.2124,4.8484,64253.054,4.9679,74812.9734,4.6977,46799.0932
270,002272.SZ,20191122,4.23,4.3,4.17,4.19,4.23,-0.040000000000000036,-0.9456,19252.01,8155.338,4.222,17359.302,4.2615,23013.4977,4.5862,35924.895,4.8615,65802.6025,4.9748,75673.4789,4.7064,47259.7969
271,002272.SZ,20191121,4.21,4.25,4.19,4.23,4.23,0.0,0.0,13845.0,5844.744,4.214,16952.1,4.2808,25464.1123,4.6018,36446.0368,4.8746,66503.4338,4.9806,76042.929,4.7171,47877.7168
272,002272.SZ,20191120,4.26,4.28,4.21,4.23,4.26,-0.02999999999999936,-0.7042,16380.18,6957.007,4.212,17222.7,4.3038,29109.9746,4.6179,37000.0662,4.8868,67374.6211,4.9854,76618.8748,4.726,48195.9751
273,002272.SZ,20191119,4.24,4.27,4.18,4.26,4.2,0.05999999999999961,1.4286,21475.02,9088.904,4.202,18077.864,4.3323,32017.4992,4.6329,38096.2324,4.8994,68395.9253,4.9912,77718.6589,4.7357,48586.3408
274,002272.SZ,20191118,4.17,4.22,4.09,4.2,4.15,0.04999999999999982,1.2048,15844.3,6602.307,4.192,20437.66,4.36,32331.4208,4.6515,38936.7791,4.9121,70478.2301,4.9988,79243.8552,4.7445,48833.9005
275,002272.SZ,20191115,4.22,4.24,4.15,4.15,4.22,-0.0699999999999994,-1.6588,17216.0,7224.423,4.204,25464.4,4.3992,32637.4969,4.6756,39907.505,4.9227,70913.1247,5.0038,79719.3746,4.7536,49118.1133
276,002272.SZ,20191114,4.19,4.25,4.17,4.22,4.18,0.040000000000000036,0.9569,15198.0,6402.53,4.264,27483.4,4.45,33647.8108,4.7018,40720.3394,4.9333,71426.9295,5.008,80624.6327,4.7633,49437.6996
277,002272.SZ,20191113,4.23,4.24,4.15,4.18,4.21,-0.03000000000000025,-0.7126,20656.0,8647.026,4.304,29721.196,4.5,35333.8877,4.7276,42454.5041,4.944,71883.0063,5.0143,81443.3662,4.7717,49807.5396
278,002272.SZ,20191112,4.25,4.26,4.13,4.21,4.26,-0.04999999999999982,-1.1737,33274.0,13949.109,4.348,31861.792,4.5469,35116.1185,4.7585,44905.3685,4.9545,72617.4012,5.0207,82358.6669,4.7796,50058.3272
279,002272.SZ,20191111,4.41,4.42,4.23,4.26,4.45,-0.1900000000000004,-4.2697,40978.0,17605.989,4.394,35428.992,4.59,34322.8769,4.7894,48511.6768,4.9665,73558.4348,5.0262,82926.2005,4.7863,50383.8271
280,002272.SZ,20191108,4.42,4.5,4.41,4.45,4.42,0.03000000000000025,0.6787,27311.0,12135.616,4.448,39481.634,4.6285,32919.1362,4.8144,51124.5206,4.9771,73915.1026,5.0309,83588.3723,4.7948,50439.6404
281,002272.SZ,20191107,4.41,4.44,4.39,4.42,4.4,0.019999999999999574,0.4545,26386.98,11633.613,4.478,44855.034,4.6554,33293.2346,4.8315,52389.4906,4.986,74827.0177,5.0346,84124.1915,4.8001,50681.84
282,002272.SZ,20191106,4.44,4.5,4.39,4.4,4.44,-0.040000000000000036,-0.9009,31358.98,13915.904,4.518,44688.838,4.6777,33550.3962,4.8491,52876.5794,4.9948,75431.8696,5.0387,85041.7971,4.8069,51200.7041
283,002272.SZ,20191105,4.54,4.54,4.39,4.44,4.53,-0.08999999999999986,-1.9868,51110.0,22685.628,4.58,42381.7,4.7008,34852.4746,4.8685,54781.7271,5.0031,75871.8631,5.0417,85567.677,4.8137,51408.4244
284,002272.SZ,20191104,4.6,4.63,4.47,4.53,4.6,-0.0699999999999994,-1.5217,61241.21,27800.132,4.654,38229.716,4.73,34463.2138,4.8853,54884.7809,5.0106,76319.9553,5.0448,86238.7492,4.8203,51735.6505
285,002272.SZ,20191101,4.63,4.65,4.55,4.6,4.62,-0.020000000000000462,-0.4329,54178.0,24846.415,4.722,33404.874,4.7546,33239.6931,4.9,54833.3338,5.0175,76743.9467,5.0475,86788.4083,4.8249,51768.7837
286,002272.SZ,20191031,4.71,4.75,4.6,4.62,4.71,-0.08999999999999986,-1.9108,25556.0,11928.947,4.76,26134.274,4.7792,35491.3838,4.9106,54974.8632,5.0231,77085.9694,5.0488,86851.0547,4.8287,52156.7572
287,002272.SZ,20191030,4.81,4.84,4.7,4.71,4.81,-0.09999999999999964,-2.079,19823.29,9389.04,4.79,25615.446,4.8146,39209.1885,4.9185,57421.0165,5.0269,77380.3099,5.0496,87225.9042,4.8333,53172.5307
288,002272.SZ,20191029,4.84,4.89,4.8,4.81,4.87,-0.0600000000000005,-1.232,30350.08,14695.053,4.8,26196.662,4.8454,42841.8592,4.9215,58308.7435,5.0308,77720.8285,5.0499,87471.5193,4.8381,54023.8492
289,002272.SZ,20191028,4.8,4.88,4.75,4.87,4.79,0.08000000000000007,1.6701,37117.0,17966.662,4.798,26561.502,4.8623,45805.9885,4.9215,58943.9765,5.0337,78152.1057,5.0498,87999.9549,4.8407,55716.662
290,002272.SZ,20191025,4.73,4.79,4.72,4.79,4.77,0.020000000000000462,0.4193,17825.0,8478.773,4.766,25084.118,4.8638,47520.2438,4.9197,59277.5512,5.0373,78953.6188,5.0499,88418.3573,4.8453,56957.1248
291,002272.SZ,20191024,4.75,4.79,4.71,4.77,4.76,0.009999999999999787,0.2101,22961.86,10906.262,4.748,31176.318,4.8585,48082.3369,4.9171,59878.2894,5.043,80640.471,5.0498,88805.7598,4.8521,59727.8681
292,002272.SZ,20191023,4.78,4.82,4.73,4.76,4.8,-0.040000000000000036,-0.8333,22729.37,10843.626,4.758,35793.868,4.8546,49159.95,4.9171,60919.3506,5.0485,81648.3028,5.0498,89255.0104,4.8589,62843.18
293,002272.SZ,20191022,4.72,4.8,4.63,4.8,4.71,0.08999999999999986,1.9108,32174.28,15235.079,4.776,40315.082,4.8562,49925.5369,4.9185,62558.4579,5.0535,82537.0449,5.0499,89892.6224,4.8687,68855.454
294,002272.SZ,20191021,4.75,4.76,4.62,4.71,4.7,0.009999999999999787,0.2128,29730.08,13920.371,4.8,50570.222,4.8515,51577.5023,4.9162,63613.5118,5.0572,82993.3746,5.0496,90343.4474,4.8853,70830.5672
295,002272.SZ,20191018,4.84,4.85,4.68,4.7,4.82,-0.1200000000000001,-2.4896,48286.0,22948.077,4.874,59401.698,4.8654,53140.8508,4.9115,64192.655,5.062,83922.5438,5.0499,90941.8035,4.8959,72611.1504
296,002272.SZ,20191017,4.85,4.87,4.78,4.82,4.85,-0.02999999999999936,-0.6186,46049.61,22203.139,4.956,63154.1,4.89,53184.1569,4.91,64550.2082,5.0653,84154.5095,5.0499,91470.1878,4.8999,72549.9829
297,002272.SZ,20191016,4.93,4.95,4.84,4.85,4.92,-0.07000000000000028,-1.4228,45335.44,22179.789,4.998,67720.93,4.9069,53092.0615,4.9085,64472.6668,5.0669,84606.8028,5.0474,91803.5691,4.9025,72717.6751
298,002272.SZ,20191015,5.01,5.01,4.85,4.92,5.08,-0.16000000000000014,-3.1496,83449.98,40968.569,5.006,70534.306,4.9262,55309.3046,4.9035,64005.6976,5.0694,85696.4435,5.0443,91680.8743,4.904,72784.3381
299,002272.SZ,20191014,5.13,5.17,5.04,5.08,5.11,-0.03000000000000025,-0.5871,73887.46,37648.202,4.966,58870.752,4.95,56888.9515,4.8965,62884.0806,5.0737,87056.0491,5.0414,91447.7802,4.9055,72542.1517
300,002272.SZ,20191011,5.03,5.13,5.0,5.11,5.03,0.08000000000000007,1.5905,67048.01,34094.898,4.894,51487.426,4.9638,63196.7223,4.8835,62041.0379,5.0734,87211.0464,5.0376,91254.2036,4.9045,72681.8275
301,002272.SZ,20191010,4.89,5.06,4.83,5.03,4.89,0.14000000000000057,2.863,68883.76,34295.573,4.828,44614.224,4.9638,68024.9285,4.8668,61401.6874,5.0717,87927.4118,5.0343,91085.813,4.902,72707.1655
302,002272.SZ,20191009,4.7,4.91,4.66,4.89,4.72,0.16999999999999993,3.6017,59402.32,28662.115,4.77,41567.438,4.9638,68135.4069,4.8518,60372.3897,5.0734,88515.4688,5.0317,90891.7848,4.8991,72645.4588
303,002272.SZ,20191008,4.7,4.75,4.7,4.72,4.72,0.0,0.0,25132.21,11875.24,4.77,39697.696,4.9738,66869.69,4.8415,59422.2106,5.076,89320.6041,5.0299,90727.3612,4.8961,72676.4951
304,002272.SZ,20190930,4.81,4.84,4.69,4.72,4.78,-0.0600000000000005,-1.2552,36970.83,17511.757,4.83,44441.05,5.0,72331.3662,4.8365,59543.1162,5.079,90043.2081,5.029,90846.1528,4.8968,72948.5804
305,002272.SZ,20190927,4.71,4.82,4.7,4.78,4.74,0.040000000000000036,0.8439,32682.0,15610.284,4.894,46017.358,5.0223,73688.52,4.8321,59599.4153,5.0813,90848.1678,5.0288,91044.0651,4.8988,73055.7995
306,002272.SZ,20190926,4.91,4.93,4.69,4.74,4.89,-0.14999999999999947,-3.0675,53649.83,25686.294,4.958,54312.878,5.0415,75750.8285,4.8238,59921.2741,5.0833,91439.7126,5.0275,91162.5326,4.9019,73543.9747
307,002272.SZ,20190925,5.0,5.02,4.88,4.89,5.02,-0.1299999999999999,-2.5896,50053.61,24672.187,5.056,64379.99,5.0585,76161.6108,4.8197,59196.8379,5.0859,92327.2994,5.0261,91285.8887,4.9028,73475.9503
308,002272.SZ,20190924,5.08,5.08,4.98,5.02,5.04,-0.020000000000000462,-0.3968,48848.98,24517.414,5.13,85546.964,5.0585,80674.8108,4.8112,58620.9965,5.086,92814.6541,5.0247,91519.6556,4.9017,73273.26
309,002272.SZ,20190923,5.11,5.11,4.97,5.04,5.1,-0.05999999999999961,-1.1765,44852.37,22531.53,5.148,101740.106,5.0423,80763.8131,4.8,59058.8376,5.0856,93617.9334,5.0233,91946.4085,4.8968,73238.766
310,002272.SZ,20190920,5.2,5.21,5.09,5.1,5.23,-0.13000000000000078,-2.4857,74159.6,38079.072,5.146,106833.628,5.0246,81309.6308,4.7932,58921.2629,5.0853,94376.8308,5.0215,93046.0867,4.8897,73289.6871
311,002272.SZ,20190919,5.23,5.29,5.14,5.23,5.26,-0.02999999999999936,-0.5703,103985.39,54170.609,5.13,100591.308,5.0023,79332.6262,4.7871,58288.8565,5.0833,94311.5922,5.0214,94899.146,4.8853,72690.0547
312,002272.SZ,20190918,5.11,5.31,5.06,5.26,5.11,0.14999999999999947,2.9354,155888.48,81207.676,5.096,99021.03,4.9615,74276.0654,4.78,57159.7568,5.08,94206.8712,5.019,95159.5644,4.8792,71947.6323
313,002272.SZ,20190917,5.05,5.13,4.95,5.11,5.03,0.08000000000000007,1.5905,129814.69,65433.27,5.046,78766.1,4.9238,66773.7162,4.7694,53684.0476,5.0765,93550.2306,5.0138,94540.8337,4.8717,70795.4753
314,002272.SZ,20190916,5.02,5.11,5.0,5.03,5.02,0.010000000000000675,0.1992,70319.98,35553.595,5.03,64701.564,4.9008,62823.28,4.765,51208.8394,5.0744,93479.6821,5.0097,94144.3632,4.8699,69422.2261
315,002272.SZ,20190912,5.04,5.08,4.96,5.02,5.06,-0.040000000000000036,-0.7905,42948.0,21553.06,5.016,62435.568,4.8769,62648.3669,4.7618,50318.3106,5.0734,93740.1475,5.0056,93952.0614,4.8692,69141.3028
316,002272.SZ,20190911,5.01,5.18,4.98,5.06,5.01,0.04999999999999982,0.998,96134.0,48824.883,4.99,75591.01,4.8408,63146.2862,4.7576,50148.0829,5.0716,94020.3421,5.0013,93947.5582,4.8699,69036.7864
317,002272.SZ,20190910,5.03,5.03,4.95,5.01,5.03,-0.020000000000000462,-0.3976,54613.83,27235.523,4.94,66365.412,4.8092,60400.81,4.7524,48531.935,5.0696,94039.4477,4.9966,93609.7532,4.87,68288.1848
318,002272.SZ,20190909,5.01,5.04,4.96,5.03,4.96,0.07000000000000028,1.4113,59492.01,29777.813,4.9,65832.246,4.7908,59539.2231,4.7476,48188.4694,5.0681,94566.3365,4.9914,93503.0008,4.8719,68502.2539
319,002272.SZ,20190906,4.93,4.98,4.89,4.96,4.89,0.07000000000000028,1.4315,58990.0,29131.294,4.856,63625.552,4.7638,57228.9523,4.74,47599.4418,5.0661,94905.7232,4.9853,93285.2266,4.8708,68314.5604
320,002272.SZ,20190905,4.82,4.99,4.82,4.89,4.81,0.08000000000000007,1.6632,108725.21,53599.966,4.804,59477.572,4.7423,56177.0292,4.7326,47561.1032,5.0647,95404.7667,4.9798,93058.942,4.8705,68062.7737
321,002272.SZ,20190904,4.84,4.84,4.74,4.81,4.81,0.0,0.0,50006.01,23937.806,4.78,49404.118,4.7231,51292.3215,4.7329,45691.6559,5.0633,95605.1676,4.9755,92524.7869,4.8737,67247.3709
322,002272.SZ,20190903,4.78,4.84,4.74,4.81,4.81,0.0,0.0,51948.0,24864.544,4.78,55094.72,4.7023,50931.0969,4.7341,45558.4194,5.0605,95968.9526,4.9715,92426.716,4.878,67249.0256
323,002272.SZ,20190902,4.7,4.83,4.68,4.81,4.7,0.10999999999999943,2.3404,48458.54,23106.109,4.762,58314.342,4.68,49541.8385,4.7376,45951.1779,5.0571,95779.0361,4.9682,92218.3077,4.8815,67350.8584
324,002272.SZ,20190830,4.81,4.83,4.63,4.7,4.77,-0.0699999999999994,-1.4675,38250.1,18101.189,4.71,58506.824,4.6592,47898.5838,4.7406,45906.4562,5.0544,95748.4704,4.9647,92021.6891,4.8847,67900.4245
325,002272.SZ,20190829,4.76,4.88,4.76,4.77,4.81,-0.040000000000000036,-0.8316,58357.94,28050.973,4.7,62945.366,4.6477,47205.73,4.7474,47006.5109,5.0526,95768.7683,4.9622,91887.7299,4.8917,68375.4665
326,002272.SZ,20190828,4.67,4.84,4.66,4.81,4.72,0.08999999999999986,1.9068,78459.02,37322.797,4.7,59956.418,4.6323,45707.8115,4.7506,47164.4009,5.0511,95631.491,4.9589,91646.7125,4.8977,68566.7219
327,002272.SZ,20190827,4.56,4.74,4.56,4.72,4.55,0.16999999999999993,3.7363,68046.11,31735.221,4.674,50156.312,4.6085,43028.2869,4.7526,47306.0771,5.0496,95337.2825,4.9559,91284.1917,4.9028,68501.0365
328,002272.SZ,20190826,4.53,4.6,4.5,4.55,4.65,-0.10000000000000053,-2.1505,49420.95,22428.326,4.666,45610.09,4.5992,40026.2015,4.76,48297.0447,5.0487,95084.2868,4.9531,90995.765,4.9084,69150.0211
329,002272.SZ,20190823,4.72,4.75,4.62,4.65,4.77,-0.11999999999999922,-2.5157,60442.81,28171.435,4.684,44770.702,4.6031,38568.8208,4.7753,49304.4338,5.0488,95055.0302,4.9516,90933.3038,4.9147,69859.5187
330,002272.SZ,20190822,4.7,4.79,4.65,4.77,4.68,0.08999999999999986,1.9231,43413.2,20424.898,4.662,41744.158,4.6023,38822.1108,4.7856,52153.4994,5.0491,95124.3024,4.9505,90856.6422,4.9167,70052.0777
331,002272.SZ,20190821,4.69,4.69,4.64,4.68,4.68,0.0,0.0,29458.49,13734.326,4.612,39839.046,4.6054,38573.0054,4.7988,54704.6321,5.0476,95188.8149,4.9492,90753.3364,4.9167,70628.0969
332,002272.SZ,20190820,4.65,4.71,4.6,4.68,4.64,0.040000000000000036,0.8621,45315.0,21149.35,4.584,39366.594,4.6215,40357.5662,4.8171,60474.4044,5.0464,95501.5824,4.9484,90923.3407,4.9193,71704.2249
333,002272.SZ,20190819,4.59,4.66,4.55,4.64,4.54,0.09999999999999964,2.2026,45224.01,20897.068,4.558,36152.194,4.6454,41917.6431,4.8347,66688.9706,5.0462,95808.8408,4.9476,91002.8785,4.9217,72625.9984
334,002272.SZ,20190816,4.49,4.61,4.48,4.54,4.52,0.020000000000000462,0.4425,45310.09,20668.649,4.544,34884.392,4.6654,41339.9785,4.8597,79289.7326,5.0472,96334.8562,4.9462,90994.6123,4.9289,73046.2772
335,002272.SZ,20190815,4.46,4.53,4.37,4.52,4.54,-0.020000000000000462,-0.4405,33887.64,15039.401,4.536,34547.414,4.6977,41366.7108,4.9041,83260.2526,5.0486,97622.2722,4.945,90980.7218,4.9357,74495.2527
336,002272.SZ,20190814,4.58,4.62,4.52,4.54,4.55,-0.009999999999999787,-0.2198,27096.23,12421.294,4.552,33573.686,4.7285,41840.1231,4.9329,87065.7285,5.0525,100076.7096,4.9441,91002.8454,4.9487,75967.8281
337,002272.SZ,20190813,4.53,4.59,4.5,4.55,4.57,-0.020000000000000462,-0.4376,29243.0,13285.033,4.564,34249.44,4.7546,42614.2792,4.9465,87554.0288,5.0544,100916.2919,4.9437,91076.4417,4.9609,78333.8572
338,002272.SZ,20190812,4.49,4.58,4.44,4.57,4.5,0.07000000000000028,1.5556,38885.0,17524.852,4.582,41147.956,4.78,43532.8923,4.9603,88418.25,5.0533,101069.6253,4.943,91176.019,4.9808,79845.632
339,002272.SZ,20190809,4.6,4.64,4.46,4.5,4.6,-0.09999999999999964,-2.1739,43625.2,19783.033,4.63,41405.922,4.8015,43844.5077,4.9718,88755.0197,5.0522,101235.7792,4.9414,91122.3411,5.0015,82543.6984
340,002272.SZ,20190808,4.63,4.65,4.58,4.6,4.6,0.0,0.0,29019.0,13375.461,4.708,43212.438,4.8223,43524.4977,4.9874,89392.1021,5.051,101195.4721,4.9401,91015.2748,5.0225,83564.3185
341,002272.SZ,20190807,4.68,4.69,4.58,4.6,4.64,-0.040000000000000036,-0.8621,30475.0,14079.304,4.786,50527.838,4.8308,45729.6892,4.9994,91019.8709,5.049,101286.9163,4.9388,91018.8862,5.0411,85034.6783
342,002272.SZ,20190806,4.69,4.73,4.5,4.64,4.81,-0.16999999999999993,-3.5343,63735.58,29357.965,4.846,51975.712,4.8538,46859.6123,5.0088,92151.4403,5.0466,101346.4299,4.9373,91023.3438,5.0603,86807.6513
343,002272.SZ,20190805,4.88,4.94,4.81,4.81,4.89,-0.08000000000000007,-1.636,40174.83,19582.499,4.91,48360.118,4.87,45455.0269,5.0138,92166.7397,5.0431,101157.7986,4.9353,90827.9117,5.0796,90242.2025
344,002272.SZ,20190802,4.92,4.94,4.78,4.89,4.99,-0.10000000000000053,-2.004,52657.78,25711.232,4.932,48333.552,4.8792,47387.87,5.0097,92800.7165,5.0375,101036.3634,4.9317,90880.2973,5.0919,90752.7929
345,002272.SZ,20190801,4.91,5.07,4.85,4.99,4.9,0.08999999999999986,1.8367,65596.0,32730.341,4.93,45234.048,4.8808,46947.8869,5.0062,92591.3291,5.0315,100814.767,4.9292,90781.0383,5.1024,91266.7412
346,002272.SZ,20190731,4.98,4.98,4.89,4.9,4.96,-0.05999999999999961,-1.2097,37714.37,18561.912,4.908,40351.842,4.8762,47721.4223,5.0026,91985.925,5.0258,100487.3851,4.9261,90574.6628,5.1127,91470.4353
347,002272.SZ,20190730,4.92,4.99,4.92,4.96,4.92,0.040000000000000036,0.813,45657.61,22655.666,4.898,41396.168,4.8746,49722.3323,5.0059,92914.7712,5.0204,100457.6466,4.9232,90652.0634,5.1232,92653.0285
348,002272.SZ,20190729,4.9,4.95,4.88,4.92,4.88,0.040000000000000036,0.8197,40042.0,19712.618,4.86,40157.66,4.8685,52616.0554,5.0015,92999.7826,5.0155,100256.7396,4.9205,90672.7225,5.1363,94294.6983
349,002272.SZ,20190726,4.88,4.92,4.83,4.88,4.88,0.0,0.0,37160.26,18158.37,4.818,43686.558,4.8723,57361.9792,4.9982,92847.1309,5.0107,100084.434,4.9183,90782.2138,5.1477,94991.9804
350,002272.SZ,20190725,4.86,4.93,4.82,4.88,4.85,0.03000000000000025,0.6186,41184.97,20117.99,4.822,45287.306,4.8869,60939.8192,4.9915,93114.8271,5.0065,99934.7864,4.9166,91023.0551,5.1591,96611.534
351,002272.SZ,20190724,4.78,4.91,4.73,4.85,4.77,0.08000000000000007,1.6771,42936.0,20851.647,4.816,46145.506,4.8962,69872.5938,4.9806,93335.0176,5.0019,99771.1824,4.9147,91295.9136,5.1699,97575.5431
352,002272.SZ,20190723,4.7,4.78,4.7,4.77,4.71,0.05999999999999961,1.2739,39465.07,18731.849,4.832,50618.664,4.9246,76581.4946,4.9782,92930.6403,4.998,99592.4116,4.9131,91857.3036,5.1799,98265.9703
353,002272.SZ,20190722,4.87,4.89,4.7,4.71,4.9,-0.1900000000000004,-3.8776,57686.49,27493.164,4.86,52113.25,4.9654,90901.9315,4.9782,93190.6003,4.9944,99452.3903,4.9109,92232.3329,5.1897,99281.5731
354,002272.SZ,20190719,4.84,4.95,4.84,4.9,4.85,0.05000000000000071,1.0309,45164.0,22188.065,4.904,55706.344,5.0092,106203.7592,4.9779,93537.3715,4.9915,99321.6856,4.9081,92117.5193,5.2007,100143.0329
355,002272.SZ,20190718,4.88,4.92,4.84,4.85,4.93,-0.08000000000000007,-1.6227,45475.97,22157.959,4.9,59418.784,5.0546,139164.2146,4.98,92997.8715,4.9885,99337.8175,4.9046,92361.8127,5.2073,100919.9031
356,002272.SZ,20190717,4.89,4.99,4.89,4.93,4.91,0.019999999999999574,0.4073,65301.79,32292.313,4.906,66978.792,5.1469,149535.8915,4.9838,93108.8938,4.9864,99202.2518,4.9005,92313.1325,5.2116,101219.4372
357,002272.SZ,20190716,4.94,4.94,4.86,4.91,4.93,-0.019999999999999574,-0.4057,46938.0,22999.485,4.914,74266.236,5.1908,157072.2015,4.9879,92220.8785,4.9837,99152.859,4.8962,92408.1396,5.2161,101266.8529
358,002272.SZ,20190715,4.88,4.94,4.76,4.93,4.88,0.04999999999999982,1.0246,75651.96,36773.864,4.946,81613.072,5.1977,156823.0046,4.9926,92016.4926,4.9812,99234.9346,4.8931,92631.6966,5.2205,101873.7329
359,002272.SZ,20190712,4.92,4.95,4.85,4.88,4.88,0.0,0.0,63726.2,31213.624,4.96,97944.888,5.2046,155513.3554,4.9991,91869.9353,4.9776,99013.9281,4.8888,92492.8685,5.2265,102898.8385
360,002272.SZ,20190711,4.95,5.01,4.83,4.88,4.97,-0.08999999999999986,-1.8109,83276.01,40954.825,5.028,111229.99,5.2108,154483.2762,5.0012,91331.3706,4.9738,98869.7363,4.8844,92412.1756,5.2363,105525.5788
361,002272.SZ,20190710,5.05,5.06,4.89,4.97,5.07,-0.10000000000000053,-1.9724,101739.01,50457.946,5.112,139700.938,5.2223,153099.4292,5.0029,90061.6644,4.9702,98552.726,4.8802,92302.7613,5.2455,106656.4272
362,002272.SZ,20190709,4.96,5.08,4.96,5.07,5.0,0.07000000000000028,1.4,83672.18,41928.772,5.174,170675.186,5.2254,151762.8238,5.0076,88468.4582,4.9668,98120.7468,4.8754,92201.5168,5.2523,107309.3501
363,002272.SZ,20190708,5.2,5.21,4.96,5.0,5.22,-0.21999999999999975,-4.2146,157311.04,79664.049,5.258,248670.734,5.2138,150630.2223,5.0094,87481.9268,4.9623,97859.6315,4.8685,91812.0335,5.2556,107498.8645
364,002272.SZ,20190705,5.38,5.38,5.19,5.22,5.3,-0.08000000000000007,-1.5094,130151.71,68323.125,5.468,253270.08,5.1992,143472.1238,5.0115,84607.645,4.9575,96974.2314,4.8622,91096.8528,5.2611,107581.7899
365,002272.SZ,20190704,5.28,5.42,5.16,5.3,5.28,0.019999999999999574,0.3788,225630.75,119607.602,5.524,259894.502,5.1569,138208.9185,5.0065,83417.1829,4.9509,96247.6987,4.8547,90611.7129,5.2604,106935.6213
366,002272.SZ,20190703,5.27,5.45,5.26,5.28,5.49,-0.20999999999999996,-3.8251,256610.25,136724.012,5.464,223508.04,5.1162,124355.6769,5.0044,78953.8741,4.9445,94886.5777,4.847,89750.2533,5.2571,105409.6092
367,002272.SZ,20190702,6.04,6.04,5.45,5.49,6.05,-0.5599999999999996,-9.2562,473649.92,268404.38,5.412,183911.294,5.0846,108078.9085,5.0026,73544.8106,4.9381,93321.4255,4.8386,88585.3637,5.2561,104684.7219
368,002272.SZ,20190701,6.05,6.05,5.81,6.05,5.5,0.5499999999999998,10.0,180307.77,109030.819,5.306,99248.344,5.0477,76974.6946,4.9938,61776.6547,4.9299,90245.4369,4.8288,86082.5239,5.2568,102092.4988
369,002272.SZ,20190628,4.99,5.5,4.97,5.5,5.0,0.5,10.0,163273.82,87451.257,5.102,76243.99,4.9523,66839.3277,4.9671,59906.4247,4.917,89333.7718,4.8141,85112.6081,5.2433,100971.1561
370,002272.SZ,20190627,5.02,5.12,4.99,5.0,5.02,-0.019999999999999574,-0.3984,43698.44,22015.76,5.004,60461.854,4.8992,56960.7138,4.9529,58122.8791,4.9098,88449.1133,4.8025,84224.8044,5.2349,101063.5669
371,002272.SZ,20190626,4.92,5.15,4.92,5.02,4.96,0.05999999999999961,1.2097,58626.52,29576.444,4.988,65511.838,4.8723,57157.9054,4.9471,59040.1232,4.9061,88358.9752,4.7946,84066.0404,5.2385,102528.4405
372,002272.SZ,20190625,5.04,5.05,4.93,4.96,5.03,-0.07000000000000028,-1.3917,50335.17,25028.591,4.946,66637.686,4.8331,56392.1308,4.9397,59863.3032,4.9019,88304.5901,4.7862,83863.7013,5.2419,104084.6444
373,002272.SZ,20190624,5.04,5.08,4.99,5.03,5.01,0.020000000000000462,0.3992,65286.0,32839.535,4.888,68916.66,4.8185,54765.3615,4.9374,61623.095,4.8987,88296.3528,4.7782,83644.8305,5.2443,105136.0047
374,002272.SZ,20190621,5.03,5.12,4.94,5.01,4.92,0.08999999999999986,1.8293,84363.14,42503.091,4.836,64967.182,4.7985,53459.0315,4.9324,63069.0365,4.8953,88249.5475,4.7698,83397.9265,5.2447,106303.9917
375,002272.SZ,20190620,4.81,4.93,4.73,4.92,4.81,0.11000000000000032,2.2869,68948.36,33406.143,4.808,57097.006,4.7746,52313.9215,4.9374,62844.9712,4.8925,88204.4037,4.7612,83005.314,5.2453,106750.6757
376,002272.SZ,20190619,4.75,4.84,4.73,4.81,4.67,0.13999999999999968,2.9979,64255.76,30817.888,4.826,57166.362,4.7785,49073.3554,4.9412,65345.9974,4.89,88331.8321,4.7553,82619.0337,5.248,108250.862
377,002272.SZ,20190618,4.78,4.79,4.62,4.67,4.77,-0.09999999999999964,-2.0964,61730.04,28936.118,4.826,54024.81,4.7915,47919.1223,4.9612,67701.1456,4.8884,88842.6318,4.7501,82271.9714,5.2492,108997.2211
378,002272.SZ,20190617,4.87,4.88,4.68,4.77,4.87,-0.10000000000000053,-2.0534,45538.61,21679.029,4.854,48649.17,4.8223,45871.3708,4.9844,71901.6859,4.8865,89128.1525,4.7455,82019.5227,5.2532,110367.7699
379,002272.SZ,20190614,4.96,5.07,4.81,4.87,5.01,-0.13999999999999968,-2.7944,45012.26,22144.787,4.83,48793.834,4.8454,45444.4685,5.0218,74757.2006,4.8828,89077.7663,4.741,81803.1167,5.2561,111815.7031
380,002272.SZ,20190613,4.83,5.04,4.78,5.01,4.81,0.20000000000000018,4.158,69295.14,34268.723,4.758,49525.672,4.8669,47418.0646,5.0585,80528.6041,4.8789,89365.5255,4.7357,81606.7601,5.2553,112079.0761
381,002272.SZ,20190612,4.8,4.96,4.78,4.81,4.81,0.0,0.0,48548.0,23616.591,4.71,41504.078,4.8623,45581.1308,5.09,82024.9738,4.8729,89142.9829,4.7301,81269.3392,5.252,112340.5484
382,002272.SZ,20190611,4.65,4.82,4.61,4.81,4.65,0.15999999999999925,3.4409,34851.84,16528.87,4.702,41455.22,4.8723,44931.7462,5.1247,84694.0321,4.8687,89370.8301,4.7254,81030.3924,5.2513,112511.0049
383,002272.SZ,20190610,4.51,4.68,4.51,4.65,4.51,0.14000000000000057,3.1042,46261.93,21347.245,4.68,48380.194,4.8969,45910.0662,5.1609,88476.2715,4.8658,89717.1308,4.7211,80986.2938,5.2512,113641.7231
384,002272.SZ,20190606,4.75,4.77,4.48,4.51,4.77,-0.2599999999999998,-5.4507,48671.45,22270.61,4.744,44492.008,4.9338,46207.6185,5.2032,96566.4182,4.8627,89758.2979,4.7178,80899.4118,5.2544,114462.5907
385,002272.SZ,20190605,4.8,4.86,4.73,4.77,4.77,0.0,0.0,29187.17,13963.436,4.838,44607.864,4.9769,47047.1577,5.2391,97442.82,4.8601,89768.1427,4.7146,80717.0807,5.2577,114924.2516
386,002272.SZ,20190604,4.75,4.82,4.73,4.77,4.7,0.0699999999999994,1.4894,48303.71,23077.626,4.898,45792.284,4.9985,51700.1446,5.2659,99266.8415,4.856,90015.3499,4.7098,80613.1395,5.2577,115853.5588
387,002272.SZ,20190603,4.96,5.0,4.67,4.7,4.97,-0.2699999999999996,-5.4326,69476.71,33476.836,4.958,44129.318,5.0338,53667.4169,5.295,100224.7635,4.8517,90267.6067,4.7049,80414.295,5.258,116949.3201
388,002272.SZ,20190531,4.97,5.05,4.92,4.97,4.98,-0.010000000000000675,-0.2008,26821.0,13363.69,5.048,44367.778,5.0738,53915.5231,5.3241,101899.2385,4.8461,89909.0844,4.7003,80057.4328,5.2587,117467.8133
389,002272.SZ,20190530,5.07,5.08,4.9,4.98,5.07,-0.08999999999999986,-1.7751,49250.73,24424.961,5.044,48086.578,5.0908,57508.7246,5.3526,106074.5868,4.839,89975.9212,4.6944,79946.1784,5.2559,118854.8968
390,002272.SZ,20190529,5.07,5.15,5.03,5.07,5.07,0.0,0.0,35109.27,17887.835,5.036,46257.632,5.1031,62698.6646,5.3762,107341.8641,4.8319,89968.368,4.6882,79692.4404,5.252,120032.6597
391,002272.SZ,20190528,5.14,5.16,5.05,5.07,5.15,-0.08000000000000007,-1.5534,39988.88,20431.278,5.048,48749.778,5.0992,67892.8185,5.3956,110974.7321,4.8244,90280.4152,4.6814,79529.8825,5.2431,120929.7501
392,002272.SZ,20190527,4.87,5.15,4.87,5.15,4.95,0.20000000000000018,4.0404,70669.01,35767.526,5.06,50778.024,5.0785,70577.1154,5.4138,113136.4018,4.816,90417.6029,4.6746,79331.7294,5.2331,120724.5653
393,002272.SZ,20190524,4.93,5.12,4.9,4.95,4.94,0.009999999999999787,0.2024,45415.0,22730.785,5.044,48561.314,5.0492,71803.7023,5.4271,113843.7262,4.8068,90278.7209,4.6677,78984.9039,5.2235,120369.7396
394,002272.SZ,20190523,5.14,5.14,4.94,4.94,5.13,-0.1899999999999995,-3.7037,40106.0,20149.033,5.064,57413.514,5.0438,76784.7092,5.4435,115909.0285,4.7973,90077.1723,4.662,78753.1761,5.2167,120313.1796
395,002272.SZ,20190522,5.14,5.2,5.08,5.13,5.13,0.0,0.0,47570.0,24500.674,5.122,64167.964,5.0377,82503.3254,5.4609,118326.3809,4.7875,89890.5681,4.6564,78562.9116,5.2115,120292.9663
396,002272.SZ,20190521,5.06,5.2,5.02,5.13,5.07,0.05999999999999961,1.1834,50130.11,25735.37,5.14,69194.382,5.0415,84747.55,5.4688,119969.3003,4.7773,89677.3551,4.6498,78361.8892,5.2043,120139.9396
397,002272.SZ,20190520,5.06,5.07,4.86,5.07,5.05,0.020000000000000462,0.396,59585.46,29786.862,5.152,73874.884,5.0354,92736.2531,5.47,120493.1509,4.7667,89498.8905,4.643,78133.8827,5.1971,119893.0679
398,002272.SZ,20190517,5.24,5.26,5.0,5.05,5.23,-0.1800000000000006,-3.4417,89676.0,46062.827,5.166,85301.782,5.0677,99255.1254,5.4759,120765.8718,4.7566,89177.7831,4.6365,77824.8978,5.1904,119701.3684
399,002272.SZ,20190516,5.25,5.28,5.19,5.23,5.22,0.010000000000000675,0.1916,73878.25,38618.516,5.16,87893.236,5.0992,108091.4646,5.4815,120847.5776,4.7465,88718.6389,4.6304,77357.59,5.1856,119444.5952
400,002272.SZ,20190515,5.18,5.28,5.15,5.22,5.19,0.02999999999999936,0.578,72702.09,37944.781,5.074,88094.534,5.1615,113379.7615,5.4859,123161.0079,4.735,88330.6762,4.6237,76970.346,5.1765,119162.2585
401,002272.SZ,20190514,5.05,5.24,5.05,5.19,5.14,0.05000000000000071,0.9728,73532.62,38032.981,4.984,90877.044,5.2308,126344.2146,5.4974,128691.2912,4.726,87851.2658,4.617,76592.5822,5.1671,119186.1908
402,002272.SZ,20190513,5.15,5.25,5.01,5.14,5.02,0.1200000000000001,2.3904,116719.95,60120.344,4.922,98204.138,5.2992,129931.8369,5.5085,131472.38,4.7172,87379.5269,4.6107,76235.839,5.16,119399.892
403,002272.SZ,20190510,4.88,5.06,4.73,5.02,4.8,0.21999999999999975,4.5833,102633.27,50393.331,4.866,97749.75,5.3646,131668.4546,5.5185,132472.0353,4.7085,86701.376,4.6043,75580.7387,5.1551,119456.5623
404,002272.SZ,20190509,4.76,4.86,4.73,4.8,4.77,0.03000000000000025,0.6289,74884.74,35947.75,4.898,92572.08,5.4431,136346.5092,5.5274,132332.4026,4.7015,86050.9088,4.5987,75024.5359,5.1515,121164.092
405,002272.SZ,20190508,4.76,4.88,4.65,4.77,4.88,-0.11000000000000032,-2.2541,86614.64,41471.814,4.948,108391.782,5.5423,155303.6,5.5453,134939.6291,4.6958,85613.0148,4.5944,74642.4309,5.1552,125329.9837
406,002272.SZ,20190507,4.83,4.98,4.72,4.88,4.86,0.019999999999999574,0.4115,110168.09,53719.707,5.092,119935.014,5.6162,154677.0208,5.5571,134794.7594,4.6908,85096.7395,4.5907,74198.7545,5.1559,126148.4031
407,002272.SZ,20190506,5.16,5.39,4.72,4.86,5.18,-0.3199999999999994,-6.1776,114448.01,57088.026,5.208,138811.078,5.6777,153218.2369,5.5621,134824.5168,4.6849,84388.3917,4.5863,73592.7552,5.1492,125363.8019
408,002272.SZ,20190430,5.09,5.28,5.06,5.18,5.05,0.1299999999999999,2.5743,76744.92,39555.068,5.444,144446.698,5.7469,150635.5485,5.5724,137406.7429,4.6794,83783.8858,4.5817,72995.9918,5.1433,124675.3107
409,002272.SZ,20190429,5.43,5.49,5.03,5.05,5.49,-0.4400000000000004,-8.0146,153983.25,79830.256,5.632,177345.71,5.7862,154455.8515,5.5829,143362.2803,4.6719,83470.2327,4.5757,72592.1882,5.132,124156.3247
410,002272.SZ,20190426,5.4,5.87,5.4,5.49,5.46,0.03000000000000025,0.5495,144330.8,80184.316,5.838,170583.402,5.8546,155594.2815,5.5826,141662.9809,4.6644,82524.915,4.5707,71815.3524,5.122,122665.7075
411,002272.SZ,20190425,6.05,6.06,5.44,5.46,6.04,-0.5800000000000001,-9.6026,204548.41,117662.606,5.938,169576.438,5.8769,151594.8477,5.5644,142423.9759,4.6538,81603.3199,4.5634,71049.4009,5.1056,121261.8963
412,002272.SZ,20190424,5.96,6.14,5.91,6.04,6.12,-0.08000000000000007,-1.3072,142626.11,85803.283,6.054,161356.352,5.8977,148062.4146,5.5588,140924.4332,4.6432,80284.9212,4.5562,69915.5346,5.088,119022.2199
413,002272.SZ,20190423,6.08,6.48,6.06,6.12,6.08,0.040000000000000036,0.6579,241239.98,150137.09,6.064,197096.514,5.8708,145820.8408,5.5362,141886.6597,4.6285,79358.1218,4.5457,69160.0132,5.0608,117423.0472
414,002272.SZ,20190422,5.98,6.18,5.95,6.08,5.99,0.08999999999999986,1.5025,120171.71,72744.871,5.986,164542.34,5.8308,134549.9223,5.5074,138590.9894,4.6136,77738.5317,4.5347,67860.6642,5.0328,114483.1528
415,002272.SZ,20190419,6.09,6.16,5.89,5.99,6.04,-0.04999999999999982,-0.8278,139295.98,83850.882,5.906,158748.778,5.7869,134200.9662,5.4774,139553.1459,4.5987,76948.2351,4.5236,67240.589,5.0073,113126.9033
416,002272.SZ,20190418,6.05,6.24,5.99,6.04,6.09,-0.04999999999999982,-0.821,163447.98,99718.093,5.86,147064.194,5.7515,132893.2738,5.45,138922.8065,4.5844,76033.9366,4.513,66519.6542,4.9825,111715.384
417,002272.SZ,20190417,5.73,6.26,5.71,6.09,5.73,0.35999999999999943,6.2827,321326.92,193952.884,5.79,139656.37,5.7023,128276.4492,5.4229,139452.6403,4.5697,74944.027,4.5014,65647.0804,4.9587,109759.1043
418,002272.SZ,20190416,5.63,5.75,5.6,5.73,5.68,0.05000000000000071,0.8803,78469.11,44634.88,5.76,109147.554,5.6315,108785.2269,5.3879,133538.1041,4.555,72796.3088,4.4901,63837.5809,4.9339,105677.812
419,002272.SZ,20190415,5.78,5.89,5.66,5.68,5.76,-0.08000000000000007,-1.3889,91203.9,52561.547,5.77,111921.364,5.5962,108045.9085,5.3656,136069.0479,4.5429,72294.8081,4.4811,63607.4868,4.9144,104839.7039
420,002272.SZ,20190412,5.64,5.79,5.63,5.76,5.69,0.0699999999999994,1.2302,80873.06,46283.573,5.78,125405.94,5.5623,108142.07,5.3453,137919.9215,4.5312,71716.665,4.4733,63355.4933,4.8949,103858.6652
421,002272.SZ,20190411,5.88,5.93,5.67,5.69,5.94,-0.25,-4.2088,126408.86,73104.662,5.766,131928.458,5.5331,113654.5177,5.3174,137446.1621,4.5191,71249.4717,4.4659,63317.5579,4.8753,103009.5977
422,002272.SZ,20190410,5.71,6.03,5.68,5.94,5.78,0.16000000000000014,2.7682,168782.84,99364.128,5.748,125590.294,5.5269,123987.0454,5.29,136343.1238,4.5072,70452.1671,4.4577,63076.9611,4.8561,101581.5063
423,002272.SZ,20190409,5.75,5.83,5.62,5.78,5.73,0.04999999999999982,0.8726,92338.16,53073.881,5.662,114960.782,5.4985,123933.7223,5.2553,133182.8121,4.4935,69331.2239,4.4498,62681.7329,4.8343,99849.2685
424,002272.SZ,20190408,5.78,6.04,5.59,5.73,5.69,0.040000000000000036,0.703,158626.78,91772.56,5.612,120952.346,5.4754,128423.7277,5.2265,133986.2691,4.4812,68764.299,4.4416,62539.9536,4.8168,99251.2531
425,002272.SZ,20190404,5.61,5.7,5.54,5.69,5.6,0.09000000000000075,1.6071,113485.65,63786.113,5.546,109912.842,5.4438,123751.3415,5.2018,132492.1579,4.4699,67721.2938,4.433,61748.4178,4.8009,97482.2895
426,002272.SZ,20190403,5.47,5.6,5.45,5.6,5.51,0.08999999999999986,1.6334,94718.04,52553.025,5.442,100803.918,5.4223,127600.9408,5.1744,131604.2276,4.4589,66994.7267,4.4246,61348.7029,4.7857,96745.0037
427,002272.SZ,20190402,5.56,5.59,5.49,5.51,5.53,-0.020000000000000462,-0.3617,115635.28,64020.136,5.376,95631.904,5.3892,126598.7123,5.15,131726.7915,4.4485,66428.928,4.4163,60913.9193,4.7716,96265.5217
428,002272.SZ,20190401,5.4,5.6,5.4,5.53,5.4,0.1299999999999999,2.4074,122295.98,67421.108,5.322,90995.648,5.3538,126255.9862,5.1288,132163.5718,4.4385,65667.6274,4.4082,60278.3153,4.7569,95308.0783
429,002272.SZ,20190329,5.15,5.46,5.11,5.4,5.17,0.23000000000000043,4.4487,103429.26,54766.194,5.292,97043.428,5.3292,132405.8108,5.1059,131753.7988,4.4284,64878.3151,4.3998,59624.8243,4.7411,94250.2997
430,002272.SZ,20190328,5.27,5.3,5.15,5.17,5.27,-0.09999999999999964,-1.8975,67941.03,35595.922,5.334,128503.92,5.34,145929.19,5.0871,132560.3576,4.4192,64231.6466,4.3925,59067.4737,4.7272,93372.93
431,002272.SZ,20190327,5.29,5.35,5.16,5.27,5.24,0.02999999999999936,0.5725,68857.97,36128.053,5.414,148533.642,5.33,148103.5008,5.0729,134608.6494,4.412,63840.6208,4.3867,58711.8463,4.718,92994.1696
432,002272.SZ,20190326,5.4,5.48,5.23,5.24,5.38,-0.13999999999999968,-2.6022,92454.0,49397.298,5.456,164903.694,5.2992,155899.3977,5.0474,135594.9165,4.4042,63416.2892,4.3802,58363.6695,4.7067,92690.3509
433,002272.SZ,20190325,5.5,5.51,5.36,5.38,5.61,-0.23000000000000043,-4.0998,152534.88,82572.934,5.472,165990.046,5.3015,160600.1638,5.0203,133599.2112,4.3962,62868.6572,4.3741,57967.091,4.6943,91855.1433
434,002272.SZ,20190322,5.69,6.07,5.54,5.61,5.57,0.040000000000000036,0.7181,260731.72,150029.223,5.478,168189.158,5.2931,162354.5431,4.9924,130408.6876,4.3877,61868.4296,4.3667,57201.6977,4.6795,90161.7583
435,002272.SZ,20190321,5.51,5.64,5.42,5.57,5.48,0.08999999999999986,1.6423,168089.64,92774.386,5.39,132380.628,5.2569,152235.7331,4.9579,123951.0782,4.378,60215.4176,4.3571,55750.0722,4.6631,87080.3931
436,002272.SZ,20190320,5.32,5.5,5.29,5.48,5.32,0.16000000000000014,3.0075,150708.23,81554.178,5.286,120998.668,5.2177,151066.1477,4.9279,120142.2653,4.3688,59151.4965,4.3488,54835.545,4.6468,85255.5756
437,002272.SZ,20190319,5.47,5.49,5.26,5.32,5.41,-0.08999999999999986,-1.6636,97885.76,52266.373,5.232,131305.762,5.1854,148539.7023,4.9018,116771.2291,4.3602,58194.6685,4.3412,54006.2122,4.6312,83655.5667
438,002272.SZ,20190318,5.24,5.59,5.19,5.41,5.17,0.2400000000000002,4.6422,163530.44,88180.186,5.276,167575.248,5.17,154968.6692,4.8803,114822.0812,4.3529,57618.6772,4.3342,53507.2196,4.6163,83004.1299
439,002272.SZ,20190315,5.06,5.24,5.06,5.17,5.05,0.1200000000000001,2.3762,81689.07,42110.437,5.202,154110.574,5.1308,151638.0731,4.8556,111342.0094,4.345,56633.3963,4.3266,52616.0849,4.6036,81302.164
440,002272.SZ,20190314,5.18,5.25,5.0,5.05,5.21,-0.16000000000000014,-3.071,111179.84,56586.342,5.142,171813.686,5.1154,158009.7754,4.8415,111010.5076,4.3383,56172.9097,4.3208,52229.9188,4.5943,80622.5571
441,002272.SZ,20190313,5.47,5.47,5.16,5.21,5.54,-0.33000000000000007,-5.9567,202243.7,107626.919,5.186,180290.51,5.1108,161313.9108,4.8268,109290.6006,4.3323,55522.0636,4.3162,51773.2902,4.5857,79817.4267
442,002272.SZ,20190312,5.07,5.54,5.07,5.54,5.04,0.5,9.9206,279233.19,148709.753,5.198,174910.132,5.08,150738.6446,4.8062,105533.345,4.3245,54228.5865,4.3099,50661.7646,4.5763,77776.1641
443,002272.SZ,20190311,4.83,5.05,4.83,5.04,4.87,0.16999999999999993,3.4908,96207.07,47829.564,5.118,144900.932,5.02,136098.0577,4.7803,99954.7279,4.3151,52397.2554,4.3022,49098.2124,4.5631,74833.6687
444,002272.SZ,20190308,5.2,5.2,4.8,4.87,5.27,-0.39999999999999947,-7.5901,170204.63,85959.406,5.122,156236.524,4.9985,133415.3785,4.7724,100683.0559,4.3092,52004.0342,4.297,48624.618,4.5572,74589.0735
445,002272.SZ,20190307,5.37,5.37,5.19,5.27,5.27,0.0,0.0,153563.96,81010.545,5.16,145768.486,4.9931,129526.9992,4.7688,102462.2726,4.3057,51159.6756,4.2927,47734.6066,4.5531,73483.6524
446,002272.SZ,20190306,5.19,5.38,5.13,5.27,5.14,0.1299999999999999,2.5292,175341.81,91835.241,5.13,151348.16,4.9638,126008.7715,4.7632,109337.645,4.3005,50610.3563,4.2857,46898.7668,4.5439,73273.6119
447,002272.SZ,20190305,5.01,5.15,5.0,5.14,5.06,0.08000000000000007,1.581,129187.19,65352.376,5.056,140326.336,4.9246,118928.3262,4.75,108533.3591,4.2937,49988.1771,4.2785,45943.0734,4.5321,72306.988
448,002272.SZ,20190304,5.05,5.15,4.98,5.06,5.06,0.0,0.0,152885.03,77404.63,5.022,147393.138,4.8962,116597.4046,4.7276,106243.2359,4.29,49799.3026,4.2721,45273.4528,4.5201,71094.9321
449,002272.SZ,20190301,5.12,5.12,4.98,5.06,5.12,-0.0600000000000005,-1.1719,117864.44,59260.091,5.008,147642.852,4.8754,114874.3877,4.7088,103594.0047,4.2854,49212.4444,4.2658,44517.2604,4.5101,70209.1261
450,002272.SZ,20190228,4.91,5.28,4.91,5.12,4.9,0.21999999999999975,4.4898,181462.33,92320.695,4.958,137023.012,4.8515,114143.5615,4.6874,101239.785,4.2799,48566.5611,4.2604,43975.549,4.498,69134.2537
451,002272.SZ,20190227,4.95,5.07,4.85,4.9,4.97,-0.0699999999999994,-1.4085,120232.69,59777.455,4.886,118511.658,4.8238,110250.4792,4.6632,97143.4506,4.2741,47625.391,4.2545,43285.2666,4.4857,67799.5293
452,002272.SZ,20190226,5.08,5.16,4.9,4.97,4.99,-0.020000000000000462,-0.4008,164521.2,82288.112,4.858,106731.568,4.8077,111585.1146,4.6444,94755.5762,4.2692,46937.939,4.2517,42928.5329,4.4789,67326.0152
453,002272.SZ,20190225,4.82,5.0,4.78,4.99,4.81,0.1800000000000006,3.7422,154133.6,75642.013,4.824,97758.468,4.7638,106805.8723,4.62,90992.3844,4.2634,45852.5016,4.2495,42289.7308,4.4688,65828.2659
454,002272.SZ,20190222,4.74,4.81,4.69,4.81,4.76,0.04999999999999982,1.0504,64765.24,30749.918,4.804,88497.148,4.7123,96841.7508,4.5909,87126.3421,4.2573,44864.4627,4.2456,41502.2479,4.4573,64441.0059
455,002272.SZ,20190221,4.74,4.88,4.73,4.76,4.76,0.0,0.0,88905.56,42783.058,4.794,92203.304,4.6831,95248.8154,4.5676,85831.7144,4.2528,44478.8499,4.2431,41184.9626,4.4489,64441.2693
456,002272.SZ,20190220,4.82,4.82,4.7,4.76,4.8,-0.040000000000000036,-0.8333,61332.24,29197.022,4.796,94199.234,4.6585,91577.08,4.5503,83759.5803,4.2489,43915.8947,4.2408,40768.6717,4.4408,64384.2444
457,002272.SZ,20190219,4.9,4.9,4.75,4.8,4.89,-0.08999999999999986,-1.8405,119655.7,57644.699,4.802,108029.948,4.6423,89827.6769,4.5318,82938.9859,4.2448,43559.5326,4.2383,40522.1981,4.4293,63804.4745
458,002272.SZ,20190218,4.78,4.89,4.74,4.89,4.76,0.1299999999999999,2.7311,107827.0,52018.494,4.792,105771.548,4.6262,83399.7769,4.5156,79911.6712,4.2408,42905.2029,4.236,39893.418,4.418,62695.0052
459,002272.SZ,20190215,4.8,4.8,4.72,4.76,4.77,-0.009999999999999787,-0.2096,83296.02,39681.94,4.766,110376.6,4.6031,77537.2946,4.4962,77188.23,4.2355,42317.4002,4.2334,39344.7908,4.4055,61899.4861
460,002272.SZ,20190214,4.75,4.8,4.68,4.77,4.79,-0.020000000000000462,-0.4175,98885.21,46774.199,4.752,121233.986,4.5885,74607.4469,4.4818,75197.4941,4.2301,41845.9488,4.232,38910.1056,4.3952,61856.1268
461,002272.SZ,20190213,4.72,4.83,4.69,4.79,4.75,0.040000000000000036,0.8421,130485.81,62071.818,4.678,121935.154,4.5823,72417.6623,4.4656,72807.5174,4.2259,41253.2358,4.2301,38396.9209,4.3832,61334.2428
462,002272.SZ,20190212,4.72,4.79,4.65,4.75,4.76,-0.009999999999999787,-0.2101,108363.7,51116.337,4.584,100757.996,4.5638,66434.3692,4.4509,69475.3759,4.2218,40420.3551,4.2279,37728.3385,4.3703,60270.032
463,002272.SZ,20190211,4.69,4.78,4.5,4.76,4.69,0.0699999999999994,1.4925,130852.26,60997.583,4.52,87896.672,4.5454,63829.2392,4.4362,66855.9141,4.2175,39761.9683,4.226,37199.8533,4.3547,59043.7427
464,002272.SZ,20190201,4.38,4.84,4.34,4.69,4.4,0.29000000000000004,6.5909,137582.95,63663.93,4.456,69960.82,4.5377,60652.9277,4.4226,64150.4068,4.2131,38943.0545,4.2236,36622.0456,4.3383,57475.5125
465,002272.SZ,20190131,4.36,4.66,4.27,4.4,4.32,0.08000000000000007,1.8519,102391.05,45939.783,4.428,50162.23,4.5438,59375.0254,4.4162,61500.5259,4.2096,38101.6938,4.2231,35962.6146,4.3245,55865.9708
466,002272.SZ,20190130,4.39,4.44,4.32,4.32,4.43,-0.10999999999999943,-2.4831,24600.02,10804.201,4.466,36902.62,4.5708,69244.7908,4.4203,59252.3924,4.2087,37626.8226,4.2247,35493.2164,4.3139,54826.5063
467,002272.SZ,20190129,4.41,4.47,4.22,4.43,4.44,-0.010000000000000675,-0.2252,44057.08,19245.014,4.52,38305.562,4.6292,97146.8369,4.4271,60240.31,4.2075,37555.9605,4.2275,35468.5299,4.3045,54676.4527
468,002272.SZ,20190128,4.53,4.6,4.43,4.44,4.55,-0.10999999999999943,-2.4176,41173.0,18578.089,4.548,38535.746,4.6592,105142.1454,4.4303,60672.6574,4.2062,37354.1258,4.2298,35322.1809,4.2935,54403.148
469,002272.SZ,20190125,4.59,4.66,4.55,4.55,4.59,-0.040000000000000036,-0.8715,38590.0,17713.84,4.598,44384.748,4.6546,105922.9146,4.4294,60750.7168,4.2043,37180.4911,4.2323,35205.4887,4.2819,54094.3296
470,002272.SZ,20190124,4.59,4.6,4.51,4.59,4.59,0.0,0.0,36093.0,16461.808,4.598,47207.348,4.6446,107786.0815,4.4232,60879.3224,4.2014,37049.9543,4.2346,35126.3704,4.2735,53628.6896
471,002272.SZ,20190123,4.56,4.6,4.51,4.59,4.57,0.019999999999999574,0.4376,31614.73,14421.812,4.582,54888.15,4.6246,107919.0023,4.4165,60924.4262,4.198,36884.774,4.2363,35043.3053,4.2645,53222.1459
472,002272.SZ,20190122,4.67,4.69,4.53,4.57,4.69,-0.1200000000000001,-2.5586,45208.0,20805.48,4.596,66477.246,4.6023,108732.2508,4.4132,61157.3459,4.1942,36761.2663,4.2378,34951.7712,4.2553,53054.8323
473,002272.SZ,20190121,4.58,4.71,4.51,4.69,4.55,0.14000000000000057,3.0769,70418.01,32592.116,4.636,81629.69,4.5785,108258.1708,4.4088,61182.745,4.1907,36558.581,4.2389,34780.0315,4.2479,52571.6056
474,002272.SZ,20190118,4.57,4.61,4.48,4.55,4.51,0.040000000000000036,0.8869,52703.0,23929.786,4.648,113685.688,4.5362,105654.6838,4.3976,59988.4926,4.1858,36243.7928,4.2397,34469.2445,4.2383,51790.4055
475,002272.SZ,20190117,4.64,4.69,4.48,4.51,4.66,-0.15000000000000036,-3.2189,74497.01,34021.398,4.754,180610.412,4.4938,103345.85,4.3894,59189.3162,4.1831,36060.5443,4.2417,34240.3096,4.2317,51251.3121
476,002272.SZ,20190116,4.75,4.75,4.64,4.66,4.77,-0.10999999999999943,-2.3061,89560.21,41983.57,4.816,195310.228,4.4562,99211.3031,4.3856,57869.6785,4.1803,35993.2359,4.2437,33897.5375,4.2253,50366.8987
477,002272.SZ,20190115,4.73,4.85,4.62,4.77,4.75,0.019999999999999574,0.4211,120970.22,57349.614,4.76,187662.786,4.4185,93741.5177,4.3765,56154.035,4.1787,35787.5726,4.2451,33496.6428,4.2175,49538.0848
478,002272.SZ,20190114,4.8,4.93,4.68,4.75,5.08,-0.33000000000000007,-6.4961,230698.0,110639.447,4.69,176030.976,4.3692,87007.8108,4.3629,53499.2509,4.1775,35340.3047,4.2463,32916.6392,4.2084,48346.2001
479,002272.SZ,20190111,4.97,5.3,4.83,5.08,4.82,0.2599999999999998,5.3942,387326.62,197022.749,4.606,137455.57,4.3308,70548.5031,4.3468,48156.0156,4.1746,33884.4089,4.2476,31776.9441,4.1981,45508.3268
480,002272.SZ,20190110,4.39,4.82,4.39,4.82,4.38,0.4400000000000004,10.0457,147996.09,69164.664,4.45,68427.638,4.2654,41925.6862,4.3285,37819.4385,4.1699,31272.0297,4.2463,29604.041,4.1832,40498.9199
481,002272.SZ,20190109,4.45,4.55,4.38,4.38,4.42,-0.040000000000000036,-0.905,51323.0,22846.951,4.338,46637.412,4.2231,31742.2177,4.3182,34370.0991,4.1667,30373.1151,4.2463,28848.7308,4.1713,38721.6253
482,002272.SZ,20190108,4.3,4.5,4.29,4.42,4.33,0.08999999999999986,2.0785,62811.17,27647.036,4.29,43687.348,4.2108,29150.1408,4.3191,34354.5715,4.1664,30153.3597,4.2488,28625.2633,4.1653,38159.5453
483,002272.SZ,20190107,4.37,4.37,4.26,4.33,4.3,0.03000000000000025,0.6977,37820.97,16330.059,4.206,35662.746,4.2008,25641.0508,4.3215,33952.7432,4.1664,29810.1701,4.2511,28366.7712,4.1593,37428.9831
484,002272.SZ,20190104,4.21,4.3,4.17,4.3,4.26,0.040000000000000036,0.939,42186.96,17906.801,4.144,32248.132,4.1946,24216.5146,4.3279,34562.3038,4.1672,29652.4481,4.2537,28274.6649,4.154,37009.6235
485,002272.SZ,20190103,4.18,4.26,4.14,4.26,4.14,0.1200000000000001,2.8986,39044.96,16449.936,4.118,27501.34,4.1946,23960.98,4.3368,35611.5824,4.1687,29427.7763,4.2571,28123.313,4.1491,36548.9573
486,002272.SZ,20190102,4.02,4.16,4.01,4.14,4.0,0.13999999999999968,3.5,36572.68,15030.07,4.092,26378.754,4.2108,24610.3677,4.3456,37030.7909,4.17,29241.0543,4.2605,28037.5422,4.1445,36115.0379
487,002272.SZ,20181228,4.09,4.09,3.98,4.0,4.02,-0.019999999999999574,-0.4975,22688.16,9115.848,4.114,22409.618,4.2415,23793.5854,4.3585,40008.3862,4.172,29108.573,4.2653,28119.7944,4.1424,35788.1421
488,002272.SZ,20181227,4.23,4.27,4.01,4.02,4.17,-0.15000000000000036,-3.5971,20747.9,8573.194,4.16,20917.986,4.2838,26524.4362,4.37,42365.9409,4.1749,29083.3059,4.2701,28087.0538,4.1423,35569.0067
489,002272.SZ,20181226,4.14,4.22,4.14,4.17,4.13,0.040000000000000036,0.9685,18453.0,7709.321,4.21,19890.606,4.3238,29448.2046,4.3765,42881.6791,4.1773,29169.7981,4.2741,28108.6711,4.1419,35398.3853
490,002272.SZ,20181225,4.21,4.25,4.0,4.13,4.25,-0.1200000000000001,-2.8235,33432.03,13787.32,4.22,19725.206,4.3423,31400.0523,4.3806,44881.5785,4.1803,29223.1738,4.2776,28146.4818,4.1399,35333.6416
491,002272.SZ,20181224,4.24,4.28,4.23,4.25,4.23,0.019999999999999574,0.4728,16727.0,7121.064,4.252,16477.4,4.3585,32133.1723,4.3812,44993.8426,4.1841,29151.165,4.282,28062.8601,4.1379,35042.5079
492,002272.SZ,20181221,4.23,4.27,4.2,4.23,4.27,-0.03999999999999915,-0.9368,15230.0,6445.338,4.252,16992.4,4.3669,33740.8285,4.3797,46894.7544,4.1878,29176.8664,4.2859,28175.5198,4.1341,34917.7081
493,002272.SZ,20181220,4.2,4.29,4.2,4.27,4.22,0.04999999999999982,1.1848,15611.0,6639.593,4.266,21719.402,4.3862,35610.3669,4.3844,48938.5524,4.1919,29205.2976,4.2897,28344.9424,4.1312,34857.3212
494,002272.SZ,20181219,4.3,4.32,4.21,4.22,4.29,-0.07000000000000028,-1.6317,17626.0,7490.227,4.306,28094.602,4.3977,37953.4877,4.3826,50014.4053,4.196,29245.8602,4.2944,28586.185,4.1289,34761.6281
495,002272.SZ,20181218,4.25,4.32,4.22,4.29,4.25,0.040000000000000036,0.9412,17193.0,7354.124,4.37,29760.304,4.4046,38890.9823,4.38,50969.2024,4.201,29298.5894,4.2992,28669.7235,4.1273,34644.7481
496,002272.SZ,20181217,4.33,4.33,4.23,4.25,4.3,-0.04999999999999982,-1.1628,19302.0,8259.724,4.422,37959.548,4.4031,39532.3669,4.3768,52368.9671,4.2051,29332.3533,4.3033,28725.4276,4.1249,34592.0817
497,002272.SZ,20181214,4.41,4.44,4.29,4.3,4.47,-0.16999999999999993,-3.8031,38865.01,16982.32,4.48,45850.526,4.4131,40326.7769,4.3738,54290.3403,4.2092,29310.4329,4.308,28877.4406,4.1225,34414.8284
498,002272.SZ,20181213,4.52,4.55,4.44,4.47,4.54,-0.07000000000000028,-1.5419,47487.0,21300.966,4.502,46842.928,4.4169,39739.34,4.3621,53672.2371,4.2124,29152.9259,4.3128,29226.0505,4.1195,34011.7616
499,002272.SZ,20181212,4.56,4.57,4.47,4.54,4.55,-0.009999999999999787,-0.2198,25954.51,11720.593,4.476,45938.046,4.4046,38448.6138,4.3468,53347.4871,4.2149,28947.4259,4.3156,29076.8375,4.1141,33516.0549
500,002272.SZ,20181211,4.53,4.62,4.49,4.55,4.54,0.009999999999999787,0.2203,58189.22,26524.263,4.44,48272.45,4.3785,40223.4977,4.3294,54000.68,4.2173,28864.4988,4.3183,29077.8759,4.1088,33325.1057
501,002272.SZ,20181210,4.38,4.56,4.36,4.54,4.41,0.1299999999999999,2.9478,58756.89,26196.822,4.426,44541.406,4.3715,38507.6346,4.3129,54643.4697,4.2194,28575.4662,4.3212,28946.9759,4.1033,32652.6389
502,002272.SZ,20181207,4.44,4.47,4.36,4.41,4.34,0.07000000000000028,1.6129,43827.02,19388.418,4.402,42004.342,4.3662,36350.8392,4.2932,54672.4997,4.2218,28318.8836,4.3244,28938.9759,4.0973,32050.4804
503,002272.SZ,20181206,4.4,4.52,4.34,4.34,4.36,-0.020000000000000462,-0.4587,42962.59,19011.379,4.382,39201.624,4.3662,36886.8423,4.2759,54873.7638,4.2257,28173.9016,4.3277,28822.7933,4.094,31579.4815
504,002272.SZ,20181205,4.42,4.43,4.32,4.36,4.48,-0.1200000000000001,-2.6786,37626.53,16448.915,4.368,35715.306,4.3785,37362.7208,4.2535,54092.2759,4.2301,28140.0609,4.3311,28697.7425,4.0923,31309.2869
505,002272.SZ,20181204,4.41,4.49,4.38,4.48,4.42,0.0600000000000005,1.3575,39534.0,17543.891,4.372,34115.866,4.3931,38971.9131,4.2291,53374.8779,4.2335,28018.3906,4.3339,28634.3433,4.0908,31006.0665
506,002272.SZ,20181203,4.46,4.46,4.36,4.42,4.31,0.11000000000000032,2.5522,46071.57,20286.32,4.346,32454.732,4.4023,41920.2538,4.205,52708.2109,4.236,27885.159,4.336,28576.8998,4.0876,30651.2799
507,002272.SZ,20181130,4.25,4.32,4.19,4.31,4.27,0.040000000000000036,0.9368,29813.43,12723.252,4.324,29381.93,4.4131,45091.5215,4.1809,52071.7297,4.2386,27659.3634,4.3382,28542.0917,4.0856,30236.2323
508,002272.SZ,20181129,4.4,4.43,4.24,4.27,4.38,-0.11000000000000032,-2.5114,25531.0,11054.558,4.302,33224.844,4.4338,53399.0208,4.1606,51587.3935,4.2421,27585.1451,4.3411,28746.7164,4.0851,30127.3865
509,002272.SZ,20181128,4.31,4.39,4.24,4.38,4.35,0.03000000000000025,0.6897,29629.33,12796.947,4.34,35295.244,4.4431,59346.2531,4.1409,51529.4003,4.2455,27562.3951,4.3465,28995.0744,4.0841,29992.0265
510,002272.SZ,20181127,4.36,4.37,4.27,4.35,4.31,0.040000000000000036,0.9281,31228.33,13488.598,4.358,35513.088,4.4323,60011.92,4.1171,51187.7029,4.249,27471.9727,4.3508,29281.6282,4.0816,29829.7421
511,002272.SZ,20181126,4.2,4.32,4.2,4.31,4.2,0.10999999999999943,2.619,30707.56,13159.309,4.37,39426.434,4.4292,64259.7085,4.1044,50377.0756,4.2524,27425.5933,4.3549,29296.0357,4.0781,29626.4711
512,002272.SZ,20181123,4.47,4.49,4.2,4.2,4.46,-0.2599999999999998,-5.8296,49028.0,21206.604,4.408,43114.724,4.4169,64762.8969,4.0929,49638.6832,4.2567,27562.8554,4.3589,29232.0205,4.0764,29423.9904
513,002272.SZ,20181122,4.47,4.54,4.4,4.46,4.47,-0.009999999999999787,-0.2237,35883.0,16005.392,4.478,45018.33,4.4169,67249.82,4.0841,48757.4541,4.261,27341.5151,4.3636,29090.843,4.0764,29298.0599
514,002272.SZ,20181121,4.35,4.47,4.31,4.47,4.41,0.05999999999999961,1.3605,30718.55,13561.397,4.506,53414.216,4.4115,71006.4454,4.0709,47965.7776,4.2627,27261.7805,4.3663,29062.0028,4.0751,29467.8464
515,002272.SZ,20181120,4.5,4.68,4.4,4.41,4.5,-0.08999999999999986,-2.0,50795.06,22914.443,4.524,64730.116,4.3915,72658.0954,4.0562,47410.1732,4.2647,27220.9781,4.3696,29027.1356,4.0757,30051.0923
516,002272.SZ,20181119,4.52,4.53,4.41,4.5,4.55,-0.04999999999999982,-1.0989,49149.01,21984.906,4.558,82133.288,4.37,72603.7908,4.0459,46277.1126,4.2678,27002.2622,4.3737,28970.4708,4.0743,30517.1315
517,002272.SZ,20181116,4.63,4.63,4.5,4.55,4.6,-0.04999999999999982,-1.087,58546.03,26605.727,4.536,92872.49,4.3454,73806.5592,4.0321,45071.73,4.2707,26909.328,4.3773,28928.9855,4.0756,31221.6683
518,002272.SZ,20181115,4.49,4.62,4.45,4.6,4.56,0.040000000000000036,0.8772,77862.43,35140.319,4.474,88819.884,4.3146,75812.9177,4.0179,44155.6459,4.273,26807.3585,4.3804,28754.5043,4.0736,31352.7539
519,002272.SZ,20181114,4.56,4.64,4.44,4.56,4.58,-0.020000000000000462,-0.4367,87298.05,39515.209,4.416,90537.314,4.2608,71196.5385,4.0029,42794.3647,4.2762,26658.1819,4.383,28497.1709,4.0692,30646.018
520,002272.SZ,20181113,4.37,4.77,4.31,4.58,4.39,0.1900000000000004,4.328,137810.92,63421.668,4.334,80527.506,4.2138,67284.8038,3.9859,40751.9956,4.2794,26272.3899,4.3854,28145.6618,4.0655,30094.4951
521,002272.SZ,20181112,4.23,4.5,4.17,4.39,4.24,0.14999999999999947,3.5377,102845.02,45146.985,4.258,69236.922,4.1654,60388.8154,3.9676,37040.5303,4.2822,25500.1405,4.3876,27492.6327,4.0603,28540.2109
522,002272.SZ,20181109,4.3,4.3,4.19,4.24,4.31,-0.0699999999999994,-1.6241,38283.0,16200.621,4.258,65611.744,4.1346,58634.8962,3.9541,34448.0003,4.2869,25098.3847,4.3907,27006.3546,4.0569,27278.5201
523,002272.SZ,20181108,4.19,4.44,4.16,4.31,4.15,0.15999999999999925,3.8554,86449.58,37180.134,4.252,68393.144,4.1062,60285.7354,3.945,33591.6474,4.2928,25511.5589,4.3948,26909.4731,4.0552,26926.1601
524,002272.SZ,20181107,4.2,4.22,4.13,4.15,4.2,-0.04999999999999982,-1.1905,37249.01,15545.75,4.216,61121.048,4.0685,57533.46,3.935,31284.8656,4.2972,25065.8674,4.3986,26618.3551,4.0533,25896.6591
525,002272.SZ,20181106,4.34,4.34,4.11,4.2,4.39,-0.1899999999999995,-4.328,81358.0,34002.131,4.222,66628.246,4.0246,55929.0746,3.9285,30376.63,4.3031,24988.652,4.4027,26540.3557,4.0539,25504.5389
526,002272.SZ,20181105,4.19,4.44,4.16,4.39,4.21,0.17999999999999972,4.2755,84719.13,36655.124,4.212,67282.384,3.9731,50688.8438,3.9206,28208.3653,4.309,24674.132,4.4066,26217.2297,4.0535,24553.3136
527,002272.SZ,20181102,4.18,4.24,4.12,4.21,4.13,0.08000000000000007,1.937,52190.0,21740.518,4.114,53908.458,3.9169,45469.4738,3.9068,25907.8321,4.3138,24484.4499,4.4093,25885.7737,4.0512,23762.8216
528,002272.SZ,20181101,4.18,4.18,4.11,4.13,4.18,-0.04999999999999982,-1.1962,50089.1,20787.492,4.062,50759.558,3.87,43334.1823,3.9,24727.4056,4.319,24290.0204,4.4127,25662.7481,4.0501,23376.0671
529,002272.SZ,20181031,4.15,4.22,4.07,4.18,4.15,0.02999999999999936,0.7229,64785.0,26845.852,4.026,50374.352,3.8308,40507.79,3.8959,23438.1085,4.3244,24093.7697,4.4166,25454.8056,4.0481,22913.6392
530,002272.SZ,20181030,3.85,4.19,3.85,4.15,3.9,0.25000000000000044,6.4103,84628.69,34398.923,3.988,53426.166,3.7862,37336.5769,3.8903,21766.5291,4.329,23830.7632,4.4199,25148.1812,4.048,22230.2997
531,002272.SZ,20181029,3.98,3.99,3.85,3.9,3.95,-0.050000000000000266,-1.2658,17849.5,6954.826,3.932,48449.21,3.7415,32212.1869,3.8865,19677.3682,4.3338,23450.1894,4.4237,24774.0509,4.0487,21242.5972
532,002272.SZ,20181026,3.97,4.04,3.9,3.95,3.95,0.0,0.0,36445.5,14440.082,3.916,55013.31,3.7431,31121.2254,3.8888,19493.4712,4.34,23605.3248,4.4288,24914.1841,4.0517,21185.3505
533,002272.SZ,20181025,3.85,3.97,3.68,3.95,3.99,-0.040000000000000036,-1.0025,48163.07,18532.589,3.842,51002.61,3.7408,28748.6654,3.8894,18638.2218,4.3459,23799.4185,4.4331,25023.7192,4.0541,20871.7928
534,002272.SZ,20181024,3.9,4.26,3.78,3.99,3.87,0.1200000000000001,3.1008,80044.07,32452.522,3.758,44016.996,3.7369,26510.4454,3.8912,17536.3956,4.3544,23933.7271,4.4372,24852.7935,4.0572,20448.6452
535,002272.SZ,20181023,3.82,4.06,3.75,3.87,3.82,0.050000000000000266,1.3089,59743.91,23468.027,3.692,31381.646,3.7385,21042.9015,3.8944,15430.2176,4.3622,23919.9274,4.4405,24516.7302,4.0611,19834.8524
536,002272.SZ,20181022,3.65,3.9,3.65,3.82,3.58,0.23999999999999977,6.7039,50670.0,19112.713,3.638,24319.106,3.7462,17357.0623,3.9012,13933.6321,4.3703,23738.8114,4.4444,24430.5857,4.0647,19230.2119
537,002272.SZ,20181019,3.5,3.58,3.44,3.58,3.53,0.050000000000000266,1.4164,16392.0,5754.703,3.598,16854.306,3.7646,14403.2931,3.9097,12832.8385,4.3784,23525.0544,4.4498,24286.9264,4.0703,18754.5169
538,002272.SZ,20181018,3.64,3.64,3.5,3.53,3.66,-0.13000000000000034,-3.5519,13235.0,4725.938,3.602,18287.752,3.7992,13770.5238,3.9241,12527.4268,4.3883,23586.0058,4.4562,24359.5833,4.0781,18751.5517
539,002272.SZ,20181017,3.63,3.68,3.58,3.66,3.6,0.06000000000000005,1.6667,16867.32,6108.306,3.61,19243.076,3.8408,14860.0754,3.94,12392.1326,4.3979,23709.4364,4.463,24551.2609,4.0861,18838.9877
540,002272.SZ,20181016,3.67,3.71,3.57,3.6,3.62,-0.020000000000000018,-0.5525,24431.21,8898.614,3.662,16603.012,3.8738,15991.7331,3.9521,12199.2409,4.4074,23764.705,4.4711,24681.1822,4.092,18778.184
541,002272.SZ,20181015,3.6,3.67,3.58,3.62,3.6,0.020000000000000018,0.5556,13346.0,4839.062,3.726,12837.214,3.9031,15486.0631,3.9679,11822.8324,4.4178,23881.2849,4.4808,24627.5241,4.098,18636.8295
542,002272.SZ,20181012,3.58,3.78,3.47,3.6,3.57,0.03000000000000025,0.8403,23559.23,8528.047,3.782,13981.256,3.9292,15353.3785,3.9832,11658.3679,4.4282,24081.2292,4.4904,24691.252,4.1039,18672.5004
543,002272.SZ,20181011,3.84,3.86,3.53,3.57,3.92,-0.3500000000000001,-8.9286,18011.62,6629.048,3.864,11062.61,3.9546,14671.8223,3.9976,11365.3024,4.4384,24119.42,4.5008,24671.3577,4.1091,18692.8907
544,002272.SZ,20181010,3.95,3.96,3.89,3.92,3.92,0.0,0.0,3667.0,1438.183,3.944,9825.886,3.9823,13991.4669,4.015,11085.6106,4.4485,24233.0414,4.5117,24789.5736,4.1168,18803.6053
545,002272.SZ,20181009,3.9,3.94,3.87,3.92,3.9,0.020000000000000018,0.5128,5602.22,2184.35,3.972,11546.686,3.9862,14326.2362,4.0235,11645.3459,4.4558,24401.2775,4.5209,25005.1541,4.1195,19618.7733
546,002272.SZ,20181008,3.98,3.98,3.85,3.9,4.01,-0.10999999999999988,-2.7431,19066.21,7431.106,3.994,12059.442,3.9869,14385.2192,4.0332,11918.3688,4.463,24552.9913,4.5295,25112.1912,4.1263,20343.3397
547,002272.SZ,20180928,3.99,4.02,3.96,4.01,3.97,0.03999999999999959,1.0076,8966.0,3584.622,4.028,13726.034,3.9892,13506.0492,4.0432,11737.745,4.47,24564.0872,4.538,25146.9227,4.1355,20843.3055
548,002272.SZ,20180927,4.05,4.05,3.96,3.97,4.06,-0.08999999999999941,-2.2167,11828.0,4727.432,4.044,18248.608,3.9823,13316.4338,4.0509,11913.5391,4.4765,24653.9763,4.546,25216.6026,4.1397,21004.4121
549,002272.SZ,20180926,4.05,4.06,4.0,4.06,4.03,0.02999999999999936,0.7444,12271.0,4951.802,4.046,19454.508,3.9831,13333.9338,4.0597,12202.4215,4.4833,24830.5224,4.5544,25257.9163,4.1455,20995.2924
550,002272.SZ,20180925,4.05,4.05,4.0,4.03,4.07,-0.040000000000000036,-0.9828,8166.0,3284.79,4.026,19324.528,3.9777,12871.0108,4.0638,12293.8332,4.4887,24912.4398,4.5621,25320.6404,4.1496,21079.0443
551,002272.SZ,20180921,4.1,4.1,4.01,4.07,4.09,-0.019999999999999574,-0.489,27399.17,11095.447,4.006,20631.128,3.9746,12854.4954,4.0685,12567.1274,4.4945,25041.4933,4.5705,25391.9481,4.1536,21232.5404
552,002272.SZ,20180920,3.96,4.14,3.96,4.09,3.98,0.10999999999999988,2.7638,31578.87,12840.269,3.978,16984.694,3.9708,11792.8069,4.0691,12231.3576,4.4999,25050.5481,4.5788,25415.9654,4.1583,21045.7764
553,002272.SZ,20180919,3.95,4.06,3.94,3.98,3.96,0.020000000000000018,0.5051,17857.5,7142.654,3.954,12272.72,3.9623,10255.74,4.0718,11759.0824,4.5047,24931.9357,4.5882,25297.4337,4.1631,20826.1781
554,002272.SZ,20180918,3.92,3.96,3.87,3.96,3.93,0.029999999999999805,0.7634,11621.1,4553.237,3.944,9975.02,3.9615,9448.78,4.0782,12398.0738,4.5103,24911.7226,4.5983,25288.2296,4.1701,20719.2011
555,002272.SZ,20180917,3.94,3.95,3.83,3.93,3.93,0.0,0.0,14699.0,5709.63,3.938,9178.2,3.9654,9378.0015,4.09,13486.1882,4.5158,24921.0585,4.6082,25354.0398,4.1767,20726.3464
556,002272.SZ,20180914,3.98,4.0,3.93,3.93,3.97,-0.040000000000000036,-1.0076,9167.0,3634.424,3.936,7538.6,3.9785,8896.08,4.1074,15243.9232,4.5217,24967.5979,4.6189,25388.1286,4.1833,20763.6313
557,002272.SZ,20180913,3.94,3.98,3.92,3.97,3.93,0.040000000000000036,1.0178,8019.0,3165.541,3.946,8116.3,3.9915,8872.4646,4.1182,17496.3056,4.5274,25192.355,4.6298,25484.8392,4.1899,20895.4007
558,002272.SZ,20180912,3.95,3.95,3.91,3.93,3.93,0.0,0.0,6369.0,2503.161,3.95,7763.1,4.0023,9274.3123,4.1368,20260.1371,4.5324,25518.3128,4.6409,25573.4673,4.1951,21231.1843
559,002272.SZ,20180911,3.92,3.95,3.9,3.93,3.92,0.010000000000000231,0.2551,7637.0,2999.473,3.962,8079.56,4.0131,9246.5431,4.1506,22083.915,4.5373,25607.9491,4.6524,25675.4851,4.2041,21494.7856
560,002272.SZ,20180910,3.95,3.99,3.9,3.92,3.98,-0.06000000000000005,-1.5075,6501.0,2559.163,3.98,9271.604,4.0238,9323.3123,4.1606,22590.3926,4.5416,25716.3684,4.6641,25759.7475,4.214,21700.4625
561,002272.SZ,20180907,3.99,4.04,3.93,3.98,3.99,-0.010000000000000231,-0.2506,12055.5,4803.683,3.992,10290.804,4.0354,9616.2354,4.1712,23750.1818,4.5458,25985.0107,4.6753,25832.3688,4.2255,21886.1559
562,002272.SZ,20180906,3.98,4.02,3.97,3.99,3.99,0.0,0.0,6253.0,2497.507,3.99,9353.108,4.0477,9583.76,4.1774,24020.3026,4.551,26084.5667,,,4.2367,21983.0705
563,002272.SZ,20180905,4.0,4.05,3.98,3.99,4.02,-0.02999999999999936,-0.7463,7951.3,3189.091,3.994,10242.704,4.0592,9699.2377,4.1818,24078.1029,4.5557,26240.2474,,,4.2484,22185.724
564,002272.SZ,20180904,4.0,4.05,3.98,4.02,3.98,0.03999999999999959,1.005,13597.22,5462.882,4.016,10339.248,4.0669,10133.3685,4.1853,24192.9471,4.5605,26501.8947,,,4.2611,22415.96
565,002272.SZ,20180903,3.98,3.99,3.88,3.98,3.97,0.009999999999999787,0.2519,11597.0,4560.779,4.032,9391.804,4.0777,9741.4362,4.1897,24064.7053,4.5675,26677.0808,,,4.2725,22528.7304
566,002272.SZ,20180831,4.02,4.03,3.95,3.97,4.01,-0.03999999999999959,-0.9975,7367.02,2930.358,4.058,9721.008,4.0954,10595.3592,4.1959,23954.2053,4.5763,26703.2336,,,4.2839,22589.3767
567,002272.SZ,20180830,4.1,4.1,4.0,4.01,4.1,-0.08999999999999986,-2.1951,10700.98,4328.725,4.078,9449.204,4.1169,11173.6654,4.2018,24032.1194,4.5851,26819.546,,,4.2944,22706.9364
568,002272.SZ,20180829,4.07,4.11,4.07,4.1,4.1,0.0,0.0,8434.02,3444.874,4.09,9036.008,4.1346,11344.7438,4.2079,24465.3915,4.5945,26885.4913,,,4.3053,22802.8567
569,002272.SZ,20180828,4.11,4.12,4.06,4.1,4.11,-0.010000000000000675,-0.2433,8860.0,3625.416,4.084,9411.004,4.1477,11845.4346,4.2088,24899.1971,4.6036,27090.7418,,,4.3159,22877.2431
570,002272.SZ,20180827,4.07,4.12,4.05,4.11,4.07,0.040000000000000036,0.9828,13243.02,5409.813,4.092,9965.668,4.1608,12829.2808,4.2053,25091.7562,4.6131,27307.687,,,4.3259,22980.0235
571,002272.SZ,20180824,4.08,4.09,4.03,4.07,4.07,0.0,0.0,6008.0,2441.22,4.098,8867.906,4.1677,12993.5869,4.2071,25100.3303,4.6219,27380.2458,,,4.3363,23094.2365
572,002272.SZ,20180823,4.05,4.11,4.03,4.07,4.07,0.0,0.0,8635.0,3517.359,4.102,10385.306,4.1769,13874.3562,4.2109,25233.9479,4.6307,27511.6891,,,4.3483,23320.1247
573,002272.SZ,20180822,4.13,4.14,4.05,4.07,4.14,-0.0699999999999994,-1.6908,10309.0,4208.377,4.12,10358.726,4.1785,14439.5869,4.2126,25378.6832,4.6397,27595.7649,,,4.3603,23712.8517
574,002272.SZ,20180821,4.11,4.17,4.08,4.14,4.14,0.0,0.0,11633.32,4791.871,4.148,12836.526,4.1869,14840.5492,4.2144,25455.7324,4.6489,27654.7997,,,4.3708,23843.4784
575,002272.SZ,20180820,4.09,4.14,4.03,4.14,4.09,0.04999999999999982,1.2225,7754.21,3171.029,4.17,13486.862,4.1915,16990.5408,4.2156,25596.7229,4.6574,27732.8417,,,4.38,23959.6829
576,002272.SZ,20180817,4.17,4.24,4.06,4.09,4.16,-0.07000000000000028,-1.6827,13595.0,5650.3,4.19,14521.02,4.2085,20133.8315,4.2197,26368.9406,4.6665,27819.3889,,,4.3888,24037.0535
577,002272.SZ,20180816,4.14,4.22,4.12,4.16,4.21,-0.04999999999999982,-1.1876,8502.1,3547.16,4.226,14790.62,4.2415,24815.9077,4.2212,26392.4956,4.676,27943.4382,,,4.3984,24110.8001
578,002272.SZ,20180815,4.26,4.28,4.2,4.21,4.25,-0.040000000000000036,-0.9412,22698.0,9616.822,4.248,17420.2,4.2523,30757.9,4.2235,26583.4009,4.6865,27964.5833,,,4.4064,24294.1721
579,002272.SZ,20180814,4.26,4.28,4.23,4.25,4.24,0.009999999999999787,0.2358,14885.0,6331.006,4.246,15956.4,4.2823,36857.2285,4.2224,26391.3894,4.6968,27920.1668,,,4.4153,24212.9788
580,002272.SZ,20180813,4.25,4.27,4.19,4.24,4.27,-0.02999999999999936,-0.7026,12925.0,5467.095,4.234,16471.0,4.2938,40972.0323,4.2188,26535.7335,4.7064,27974.7364,,,4.4232,24341.8415
581,002272.SZ,20180810,4.29,4.31,4.22,4.27,4.27,0.0,0.0,14943.0,6363.536,4.204,17082.6,4.2962,41889.8969,4.2147,26517.5582,4.7169,28027.0628,,,4.4325,24842.4855
582,002272.SZ,20180809,4.25,4.3,4.19,4.27,4.2,0.0699999999999994,1.6667,21650.0,9238.933,4.186,17198.302,4.2969,44273.8069,4.2082,26484.8118,4.7272,28100.4524,,,4.4397,24871.9788
583,002272.SZ,20180808,4.19,4.26,4.18,4.2,4.19,0.009999999999999787,0.2387,15379.0,6493.998,4.172,20784.944,4.2908,44242.2385,4.2021,26319.2624,4.7383,28109.8075,,,4.4456,24908.6616
584,002272.SZ,20180807,4.13,4.19,4.11,4.19,4.09,0.10000000000000053,2.445,17458.0,7262.922,4.204,27432.542,4.2862,43691.4085,4.1959,26604.8359,4.7499,28166.9673,,,4.4529,25034.8484
585,002272.SZ,20180806,4.15,4.22,4.08,4.09,4.18,-0.08999999999999986,-2.1531,15983.0,6619.539,4.27,38833.34,4.28,43260.4854,4.1947,26865.3424,4.7617,28197.6572,,,4.462,25059.408
586,002272.SZ,20180803,4.2,4.25,4.15,4.18,4.2,-0.020000000000000462,-0.4762,15521.51,6523.345,4.312,52786.34,4.2862,42741.5623,4.1956,28301.2718,4.7737,28217.0392,,,4.4729,25323.1877
587,002272.SZ,20180802,4.31,4.39,4.09,4.2,4.36,-0.16000000000000014,-3.6697,39583.21,16731.791,4.396,70079.892,4.2869,42150.6769,4.2029,29607.8362,,,,,4.4823,25701.0665
588,002272.SZ,20180801,4.51,4.53,4.33,4.36,4.52,-0.15999999999999925,-3.5398,48616.99,21483.411,4.436,75838.74,4.2846,39876.2838,4.2144,30107.2606,,,,,4.4937,25925.0372
589,002272.SZ,20180731,4.31,4.7,4.27,4.52,4.3,0.21999999999999975,5.1163,74461.99,33694.104,4.418,71086.79,4.2738,38092.8408,4.2135,29296.4374,,,,,4.5027,25700.064
590,002272.SZ,20180730,4.56,4.56,4.28,4.3,4.6,-0.2999999999999998,-6.5217,85748.0,37555.816,4.37,65381.158,4.2438,34148.3346,4.21,27434.1441,,,,,4.5088,25061.9975
591,002272.SZ,20180727,4.36,4.81,4.31,4.6,4.4,0.1999999999999993,4.5455,101989.27,46669.957,4.348,52479.48,4.2192,28737.4892,4.2121,25457.8026,,,,,4.5189,24518.5867
592,002272.SZ,20180726,4.27,4.59,4.24,4.4,4.27,0.13000000000000078,3.0445,68377.45,30292.079,4.256,33725.268,4.1862,21933.2792,4.2041,23036.8891,,,,,4.5256,24462.4641
593,002272.SZ,20180725,4.27,4.33,4.24,4.27,4.28,-0.010000000000000675,-0.2336,24857.24,10663.9,4.198,22420.978,4.1708,17485.0908,4.2047,21419.6662,,,,,4.5328,23847.6981
594,002272.SZ,20180724,4.19,4.3,4.16,4.28,4.19,0.08999999999999986,2.148,45933.83,19568.431,4.178,19296.93,4.16,16615.7646,4.21,21132.9532,,,,,4.5425,23864.6683
595,002272.SZ,20180723,4.12,4.19,4.12,4.19,4.14,0.05000000000000071,1.2077,21239.61,8830.653,4.16,11678.164,4.1485,14076.9062,4.2168,20071.2,,,,,4.5528,23733.1121
596,002272.SZ,20180720,4.1,4.16,4.07,4.14,4.11,0.02999999999999936,0.7299,8218.21,3391.379,4.156,9433.462,4.1477,13706.7054,4.2244,19804.0644,,,,,4.5647,24215.316
597,002272.SZ,20180719,4.16,4.19,4.1,4.11,4.17,-0.05999999999999961,-1.4388,11856.0,4898.757,4.172,12876.266,4.1585,15690.6592,4.2329,20076.9221,,,,,4.5756,24428.302
598,002272.SZ,20180718,4.19,4.22,4.17,4.17,4.19,-0.020000000000000462,-0.4773,9237.0,3875.738,4.176,15141.748,4.1608,15886.0338,4.2421,20288.5015,,,,,4.5863,24561.2753
599,002272.SZ,20180717,4.15,4.2,4.14,4.19,4.17,0.020000000000000462,0.4796,7840.0,3272.304,4.138,16375.75,4.1662,16328.7938,4.2476,20993.3771,,,,,4.5952,24796.9428
600,002272.SZ,20180716,4.22,4.23,4.15,4.17,4.22,-0.04999999999999982,-1.1848,10016.1,4182.02,4.134,17514.658,4.1646,16969.5331,4.26,21531.5859,,,,,4.6039,25090.0903
601,002272.SZ,20180713,4.13,4.24,4.12,4.22,4.13,0.08999999999999986,2.1792,25432.23,10685.527,4.14,17621.638,4.1615,17721.5792,4.2747,21915.3115,,,,,4.6121,25492.3956
602,002272.SZ,20180712,4.02,4.19,4.0,4.13,3.98,0.1499999999999999,3.7688,23183.41,9569.5,4.122,15246.392,4.1523,16711.9492,4.2912,21768.1282,,,,,4.6199,26011.8992
603,002272.SZ,20180711,4.13,4.13,3.98,3.98,4.17,-0.18999999999999995,-4.5564,15407.01,6241.015,4.122,13195.444,4.1462,15992.4269,4.3115,21654.6191,,,,,4.6339,26602.8337
604,002272.SZ,20180710,4.15,4.21,4.14,4.17,4.2,-0.03000000000000025,-0.7143,13534.54,5638.366,4.162,13399.442,4.1523,16039.6815,4.3376,21832.4132,,,,,4.6488,27438.1659
605,002272.SZ,20180709,4.1,4.2,4.1,4.2,4.13,0.07000000000000028,1.6949,10551.0,4406.771,4.184,17494.456,4.1385,16928.4477,4.3603,22176.0738,,,,,4.6605,27706.548
606,002272.SZ,20180706,4.12,4.18,4.04,4.13,4.13,0.0,0.0,13556.0,5583.931,4.172,18263.43,4.1346,18141.08,4.3803,22514.4268,,,,,4.6709,27831.0547
607,002272.SZ,20180705,4.15,4.22,4.12,4.13,4.18,-0.04999999999999982,-1.1962,12928.67,5385.086,4.194,18550.806,4.1338,22083.28,4.4009,22590.5876,,,,,4.6825,27985.8947
608,002272.SZ,20180704,4.28,4.3,4.17,4.18,4.28,-0.10000000000000053,-2.3364,16427.0,6969.45,4.202,19198.994,4.1569,25699.8977,4.4194,22686.3326,,,,,4.6931,28226.9657
609,002272.SZ,20180703,4.14,4.33,4.1,4.28,4.14,0.14000000000000057,3.3816,34009.61,14398.857,4.192,19872.134,4.1885,28787.3315,4.4385,22729.5091,,,,,4.7043,28338.9524
610,002272.SZ,20180702,4.2,4.25,4.08,4.14,4.24,-0.10000000000000053,-2.3585,14395.87,6039.242,4.156,15531.62,4.1923,27790.3615,4.4565,22141.3735,,,,,4.7153,28435.0737
611,002272.SZ,20180629,4.19,4.26,4.18,4.24,4.17,0.07000000000000028,1.6787,14992.88,6327.237,4.138,15418.37,4.2123,27540.2192,4.4774,22205.2753,,,,,4.7283,28804.9687
612,002272.SZ,20180628,4.13,4.23,4.1,4.17,4.13,0.040000000000000036,0.9685,16169.61,6760.222,4.102,15624.058,4.2223,27814.0277,4.4965,22405.7494,,,,,4.7393,28992.5129
613,002272.SZ,20180627,4.11,4.21,4.09,4.13,4.1,0.03000000000000025,0.7317,19792.7,8216.653,4.066,17407.836,4.2346,28083.92,4.52,22605.1612,,,,,4.7508,29235.2261
614,002272.SZ,20180626,4.06,4.12,3.92,4.1,4.05,0.04999999999999982,1.2346,12307.04,5018.269,4.07,18712.34,4.2569,27591.5485,4.5447,23143.3032,,,,,4.762,29343.2301
615,002272.SZ,20180625,4.11,4.12,4.04,4.05,4.06,-0.009999999999999787,-0.2463,13829.62,5624.606,4.074,29211.852,4.2838,27807.0838,4.5671,23372.6844,,,,,4.7733,29545.1231
616,002272.SZ,20180622,3.99,4.09,3.91,4.06,3.99,0.0699999999999994,1.7544,16021.32,6430.96,4.15,38434.868,4.3192,27499.7454,4.59,23564.4209,,,,,4.7848,29636.2484
617,002272.SZ,20180621,4.15,4.17,3.99,3.99,4.15,-0.16000000000000014,-3.8554,25088.5,10223.556,4.256,46543.332,4.3492,27202.49,4.6118,23491.9409,,,,,4.7965,29714.7645
618,002272.SZ,20180620,4.14,4.2,4.03,4.15,4.12,0.03000000000000025,0.7282,26315.22,10866.146,4.324,45735.432,4.3831,26618.4031,4.6359,23316.5732,,,,,4.8093,29876.9263
619,002272.SZ,20180619,4.37,4.37,3.99,4.12,4.43,-0.3099999999999996,-6.9977,64804.6,26813.113,4.374,42701.192,4.4038,26059.5169,4.6538,23197.155,,,,,4.8185,29846.9515
620,002272.SZ,20180615,4.67,4.67,4.4,4.43,4.59,-0.16000000000000014,-3.4858,59944.7,27151.649,4.424,33450.75,4.4223,23628.6069,4.6762,21779.6226,,,,,4.8285,29339.5529
621,002272.SZ,20180614,4.28,4.59,4.27,4.59,4.33,0.2599999999999998,6.0046,56563.64,25313.175,4.404,25397.452,4.4362,21028.1762,4.6882,20738.5932,,,,,4.8341,28922.9977
622,002272.SZ,20180613,4.39,4.39,4.3,4.33,4.4,-0.07000000000000028,-1.5909,21049.0,9129.531,4.37,16763.098,4.4423,18451.1862,4.6985,20559.4656,,,,,4.8367,28362.1316
623,002272.SZ,20180612,4.35,4.42,4.32,4.4,4.37,0.03000000000000025,0.6865,11144.02,4873.716,4.394,15575.098,4.4769,18403.4169,4.7126,20444.9362,,,,,4.8428,28280.7691
624,002272.SZ,20180611,4.34,4.38,4.26,4.37,4.33,0.040000000000000036,0.9238,18552.39,8034.972,4.416,15313.138,4.5092,19032.6538,4.7218,20834.8535,,,,,4.8473,28305.0552
625,002272.SZ,20180608,4.43,4.43,4.27,4.33,4.42,-0.08999999999999986,-2.0362,19678.21,8542.404,4.432,14034.06,4.5477,19255.7015,4.7329,21019.8718,,,,,4.8528,28343.0323
626,002272.SZ,20180607,4.46,4.46,4.4,4.42,4.45,-0.03000000000000025,-0.6742,13391.87,5919.642,4.452,13597.492,4.5946,19681.9162,4.7488,21008.7471,,,,,4.8585,28634.4164
627,002272.SZ,20180606,4.5,4.5,4.42,4.45,4.51,-0.05999999999999961,-1.3304,15109.0,6724.695,4.452,14729.058,4.63,20348.3108,4.7632,21666.8238,,,,,4.862,29188.6172
628,002272.SZ,20180605,4.48,4.53,4.44,4.51,4.45,0.05999999999999961,1.3483,9834.22,4408.814,4.434,18347.812,4.6592,20428.0392,4.7759,22512.5126,,,,,4.8645,29244.1855
629,002272.SZ,20180604,4.44,4.5,4.4,4.45,4.43,0.020000000000000462,0.4515,12157.0,5410.305,4.454,21608.788,4.6785,20916.4838,4.7921,23881.5359,,,,,4.8651,29423.0543
630,002272.SZ,20180601,4.41,4.48,4.36,4.43,4.42,0.009999999999999787,0.2262,17495.37,7753.325,4.498,23789.942,4.7077,21357.8685,4.8091,24457.6241,,,,,4.8661,29863.4341
631,002272.SZ,20180531,4.38,4.44,4.36,4.42,4.36,0.05999999999999961,1.3761,19049.7,8397.546,4.568,24376.468,4.7431,21089.9938,4.8253,24725.6132,,,,,4.8701,29982.0501
632,002272.SZ,20180530,4.58,4.58,4.36,4.36,4.61,-0.25,-5.423,33202.77,14760.775,4.648,24431.348,4.7762,20899.1346,4.8441,25488.6276,,,,,4.8733,30110.3344
633,002272.SZ,20180529,4.67,4.72,4.57,4.61,4.67,-0.05999999999999961,-1.2848,26139.1,12115.347,4.75,22081.196,4.8169,20022.6908,4.8659,27387.9603,,,,,4.8776,30276.0109
634,002272.SZ,20180528,4.79,4.79,4.63,4.67,4.78,-0.11000000000000032,-2.3013,23062.77,10801.579,4.816,21897.176,4.8446,19777.3454,4.8756,27274.1632,,,,,4.8832,30445.1432
635,002272.SZ,20180525,4.84,4.84,4.74,4.78,4.82,-0.040000000000000036,-0.8299,20428.0,9764.774,4.858,21695.622,4.8677,20933.25,4.8853,27364.3759,,,,,4.8909,30342.4796
636,002272.SZ,20180524,4.85,4.87,4.81,4.82,4.87,-0.04999999999999982,-1.0267,19324.1,9351.635,4.868,20839.116,4.8738,20908.4808,4.8932,27824.35,,,,,4.8971,30391.6529
637,002272.SZ,20180523,4.93,4.94,4.86,4.87,4.94,-0.07000000000000028,-1.417,21452.01,10498.467,4.856,20211.096,4.8746,20987.2931,4.9009,28944.3735,,,,,4.9043,30403.2929
638,002272.SZ,20180522,4.86,4.96,4.84,4.94,4.88,0.0600000000000005,1.2295,25219.0,12356.172,4.848,19499.694,4.8692,20379.9846,4.9035,29024.9662,,,,,4.9115,30623.8008
639,002272.SZ,20180521,4.85,4.91,4.84,4.88,4.83,0.04999999999999982,1.0352,22055.0,10759.134,4.838,17258.494,4.8592,19911.2923,4.9026,28925.2603,,,,,4.9185,30822.2156
640,002272.SZ,20180518,4.79,4.84,4.76,4.83,4.76,0.07000000000000028,1.4706,16145.47,7754.547,4.832,16161.2,4.85,19926.6769,4.9015,29068.115,,,,,4.9251,30844.0355
641,002272.SZ,20180517,4.8,4.85,4.76,4.76,4.83,-0.07000000000000028,-1.4493,16184.0,7759.43,4.844,17293.906,4.8538,19962.2946,4.9018,29470.4853,,,,,4.9319,30961.2403
642,002272.SZ,20180516,4.87,4.91,4.8,4.83,4.89,-0.05999999999999961,-1.227,17895.0,8711.041,4.886,18647.028,4.86,20605.81,4.9026,30176.5147,,,,,4.94,31022.0124
643,002272.SZ,20180515,4.84,4.9,4.81,4.89,4.85,0.040000000000000036,0.8247,14013.0,6826.201,4.914,22685.934,4.8685,23111.8331,4.9018,31544.1618,,,,,4.9475,31034.2125
644,002272.SZ,20180514,4.86,4.91,4.83,4.85,4.89,-0.040000000000000036,-0.818,16568.53,8060.786,4.908,23904.534,4.8623,23353.5254,4.9103,33117.4118,,,,,4.9537,31152.3243
645,002272.SZ,20180511,4.98,4.99,4.86,4.89,4.97,-0.08000000000000007,-1.6097,21809.0,10749.837,4.904,24660.56,4.8515,23956.0392,4.9176,34925.8938,,,,,4.9617,31200.9705
646,002272.SZ,20180510,4.94,4.99,4.92,4.97,4.97,0.0,0.0,22949.61,11365.332,4.886,23010.16,4.8408,24189.4246,4.9224,35274.5468,,,,,4.9693,31329.6252
647,002272.SZ,20180509,4.86,4.99,4.83,4.97,4.86,0.10999999999999943,2.2634,38089.53,18792.703,4.854,22245.438,4.8331,23908.6831,4.9226,35184.5288,,,,,4.9788,31177.5904
648,002272.SZ,20180508,4.82,4.87,4.81,4.86,4.83,0.03000000000000025,0.6211,20106.0,9746.418,4.812,19078.532,4.8285,23729.9869,4.9235,34804.5132,,,,,4.9884,30887.0903
649,002272.SZ,20180507,4.8,4.88,4.78,4.83,4.8,0.03000000000000025,0.625,20348.66,9825.995,4.816,18379.032,4.83,25557.4038,4.9253,35125.1897,,,,,4.9987,30922.2505
650,002272.SZ,20180504,4.77,4.82,4.77,4.8,4.81,-0.009999999999999787,-0.2079,13557.0,6500.526,4.818,19219.24,4.8477,28329.1231,4.9309,35256.8762,,,,,5.0109,30923.7351
651,002272.SZ,20180503,4.73,4.82,4.67,4.81,4.76,0.04999999999999982,1.0504,19126.0,9072.331,4.846,26602.5,4.8654,29728.1231,4.94,36070.4559,,,,,5.0237,31083.1231
652,002272.SZ,20180502,4.85,4.9,4.7,4.76,4.88,-0.1200000000000001,-2.459,22255.0,10663.225,4.846,26208.3,4.8785,30303.5846,4.9488,36747.2791,,,,,5.0377,31134.7383
653,002272.SZ,20180427,4.84,4.9,4.82,4.88,4.84,0.040000000000000036,0.8264,16608.5,8073.638,4.836,26637.542,4.9015,32052.5992,4.9579,36947.3879,,,,,5.0525,31152.8051
654,002272.SZ,20180426,4.92,4.98,4.83,4.84,4.94,-0.10000000000000053,-2.0243,24549.7,12011.893,4.81,28284.444,4.9185,38296.5669,4.9624,37469.8762,,,,,5.0661,31223.0564
655,002272.SZ,20180425,4.8,5.15,4.78,4.94,4.81,0.13000000000000078,2.7027,50473.3,25063.647,4.816,27234.498,4.9262,38121.2054,4.9662,37568.2085,,,,,5.0791,31146.0471
656,002272.SZ,20180424,4.71,4.83,4.71,4.81,4.71,0.09999999999999964,2.1231,17155.0,8206.729,4.81,24293.134,4.9308,36248.6438,4.9665,36891.0235,,,,,,
657,002272.SZ,20180423,4.77,4.81,4.64,4.71,4.75,-0.040000000000000036,-0.8421,24401.21,11544.324,4.824,29634.618,4.9492,37703.4223,4.9694,36994.23,,,,,,
658,002272.SZ,20180420,4.84,4.87,4.72,4.75,4.87,-0.1200000000000001,-2.4641,24843.01,11879.16,4.894,36030.578,4.9777,40242.1677,4.9762,36920.96,,,,,,
659,002272.SZ,20180419,4.9,4.94,4.85,4.87,4.91,-0.040000000000000036,-0.8147,19299.97,9461.989,4.95,37410.776,4.9938,40192.1023,4.9821,37285.89,,,,,,
660,002272.SZ,20180418,4.91,4.95,4.73,4.91,4.88,0.03000000000000025,0.6148,35766.48,17328.274,4.972,38872.182,4.9969,40386.6431,4.9812,37426.1,,,,,,
661,002272.SZ,20180417,5.04,5.1,4.87,4.88,5.06,-0.17999999999999972,-3.5573,43862.42,21942.837,5.002,40717.324,4.9915,39705.5338,4.98,37160.9009,,,,,,
662,002272.SZ,20180416,5.0,5.2,4.98,5.06,5.03,0.02999999999999936,0.5964,56381.01,28646.543,5.046,51500.856,4.9885,38625.8138,4.9791,36715.0374,,,,,,
663,002272.SZ,20180413,4.99,5.08,4.99,5.03,4.98,0.04999999999999982,1.004,31744.0,16011.874,5.022,44678.654,4.9677,37380.2746,4.9709,35483.2041,,,,,,
664,002272.SZ,20180412,5.0,5.05,4.97,4.98,5.06,-0.07999999999999918,-1.581,26607.0,13335.463,5.016,43555.854,4.95,39891.89,4.9638,34989.1691,,,,,,
665,002272.SZ,20180411,5.02,5.11,5.0,5.06,5.1,-0.040000000000000036,-0.7843,44992.19,22720.103,5.03,45447.878,4.9654,43037.7746,4.9568,34587.9479,,,,,,
666,002272.SZ,20180410,4.95,5.41,4.9,5.1,4.94,0.15999999999999925,3.2389,97780.08,50382.44,5.034,47930.42,4.9685,45581.2154,4.9485,33894.0797,,,,,,
667,002272.SZ,20180409,4.98,4.99,4.87,4.94,5.0,-0.05999999999999961,-1.2,22270.0,10975.534,5.006,33212.836,4.9646,40649.1477,4.9385,32239.725,,,,,,
668,002272.SZ,20180404,5.06,5.12,4.99,5.0,5.05,-0.04999999999999982,-0.9901,26130.0,13195.037,5.0,33124.636,4.9677,40465.9938,4.9309,33201.1053,,,,,,
669,002272.SZ,20180403,4.97,5.09,4.96,5.05,5.08,-0.03000000000000025,-0.5906,36067.12,18086.338,4.968,33281.048,4.9677,40392.0708,4.9203,32999.5353,,,,,,
670,002272.SZ,20180402,4.92,5.15,4.92,5.08,4.96,0.1200000000000001,2.4194,57404.9,29034.499,4.926,32032.836,4.9577,40002.9846,4.9056,32622.5429,,,,,,
671,002272.SZ,20180330,4.9,4.97,4.88,4.96,4.91,0.04999999999999982,1.0183,24192.16,11953.843,4.868,28589.656,4.9531,37496.9154,4.8894,32263.1485,,,,,,
672,002272.SZ,20180329,4.84,4.94,4.84,4.91,4.84,0.07000000000000028,1.4463,21829.0,10713.232,4.836,36630.224,4.9646,38806.65,4.8826,32327.8371,,,,,,
673,002272.SZ,20180328,4.82,4.91,4.8,4.84,4.84,0.0,0.0,26912.06,13073.482,4.89,45765.124,4.98,40368.88,4.8753,32529.0729,,,,,,
674,002272.SZ,20180327,4.82,4.95,4.81,4.84,4.79,0.04999999999999982,1.0438,29826.06,14569.999,4.942,55994.096,4.9977,40534.0062,4.8706,33079.5568,,,,,,
675,002272.SZ,20180326,4.69,4.82,4.59,4.79,4.8,-0.009999999999999787,-0.2083,40189.0,18894.438,4.984,56761.524,5.0123,40883.7785,4.8762,33344.2026,,,,,,
676,002272.SZ,20180323,4.99,5.08,4.75,4.8,5.18,-0.3799999999999999,-7.3359,64395.0,31941.869,5.022,52701.524,5.0262,39937.9323,4.8897,32614.0262,,,,,,
677,002272.SZ,20180322,5.08,5.25,5.06,5.18,5.1,0.08000000000000007,1.5686,67503.5,34865.567,5.062,44856.324,5.0377,37095.9331,4.9026,31429.3497,,,,,,
678,002272.SZ,20180321,5.07,5.41,5.07,5.1,5.05,0.04999999999999982,0.9901,78056.92,40463.74,5.01,37557.424,5.0169,33492.8962,4.9079,30037.985,,,,,,
679,002272.SZ,20180320,4.98,5.07,4.95,5.05,4.98,0.0699999999999994,1.4056,33663.2,16923.432,4.994,26911.24,5.0046,29173.9046,4.9171,28859.5491,,,,,,
680,002272.SZ,20180319,5.0,5.04,4.95,4.98,5.0,-0.019999999999999574,-0.4,19889.0,9940.025,5.006,28422.342,4.9969,29449.8608,4.9294,29048.87,,,,,,
681,002272.SZ,20180316,4.91,5.03,4.91,5.0,4.92,0.08000000000000007,1.626,25169.0,12556.912,5.032,32872.14,4.9862,29771.2538,4.9409,29160.7079,,,,,,
682,002272.SZ,20180315,4.97,4.98,4.88,4.92,5.02,-0.09999999999999964,-1.992,31009.0,15306.192,5.046,33650.08,4.9762,29892.8469,4.9509,29153.85,,,,,,
683,002272.SZ,20180314,5.08,5.14,5.02,5.02,5.11,-0.09000000000000075,-1.7613,24826.0,12577.117,5.068,34322.9,4.9708,29715.4669,4.9641,28851.8768,,,,,,
684,002272.SZ,20180313,5.1,5.18,5.05,5.11,5.11,0.0,0.0,41218.71,21022.888,5.058,34936.3,4.9523,28921.0577,4.975,28674.9359,,,,,,
685,002272.SZ,20180312,5.07,5.13,5.05,5.11,5.07,0.040000000000000036,0.789,42137.99,21454.298,5.026,32182.36,4.9277,26900.1423,4.9824,28135.3085,,,,,,
686,002272.SZ,20180309,5.03,5.1,4.99,5.07,5.03,0.040000000000000036,0.7952,29058.7,14675.193,4.986,27887.566,4.8992,24656.1031,4.9924,27490.5735,,,,,,
687,002272.SZ,20180308,4.96,5.05,4.92,5.03,4.97,0.0600000000000005,1.2072,34373.1,17184.843,4.96,26457.832,4.8769,24067.0238,5.0038,27561.1441,,,,,,
688,002272.SZ,20180307,4.96,5.03,4.93,4.97,4.95,0.019999999999999574,0.404,27893.0,13892.084,4.944,27033.338,4.8562,24617.71,5.0229,26889.7882,,,,,,
689,002272.SZ,20180306,4.91,5.0,4.87,4.95,4.91,0.040000000000000036,0.8147,27449.01,13517.263,4.918,26268.16,4.8338,26699.5508,5.0441,26548.8771,,,,,,
690,002272.SZ,20180305,4.91,4.95,4.85,4.91,4.94,-0.03000000000000025,-0.6073,20664.02,10110.155,4.902,26128.3,4.81,26070.9054,5.0641,26410.4656,,,,,,
691,002272.SZ,20180302,4.92,4.98,4.9,4.94,4.95,-0.009999999999999787,-0.202,21910.03,10828.58,4.89,27736.108,4.7823,26269.7792,5.0888,26404.465,,,,,,
692,002272.SZ,20180301,4.82,5.05,4.8,4.95,4.84,0.11000000000000032,2.2727,37250.63,18351.192,4.858,26253.838,4.7508,28060.1992,5.1129,26510.3788,,,,,,
693,002272.SZ,20180228,4.85,4.87,4.79,4.84,4.87,-0.03000000000000025,-0.616,24067.11,11627.285,4.826,21793.074,4.7338,27224.8869,5.1397,26091.1585,,,,,,
694,002272.SZ,20180227,4.84,4.94,4.8,4.87,4.85,0.020000000000000462,0.4124,26749.71,13036.93,4.806,19572.748,4.72,27579.0338,5.17,26077.7144,,,,,,
695,002272.SZ,20180226,4.82,4.85,4.71,4.85,4.78,0.0699999999999994,1.4644,28703.06,13819.771,4.788,18502.94,4.7054,29031.2492,5.2003,25934.4097,,,,,,
696,002272.SZ,20180223,4.78,4.8,4.74,4.78,4.79,-0.009999999999999787,-0.2088,14498.68,6918.907,4.77,21068.732,4.7192,29809.7846,5.2285,25642.3785,,,,,,
697,002272.SZ,20180222,4.75,4.82,4.73,4.79,4.74,0.04999999999999982,1.0549,14946.81,7147.537,4.75,29160.382,4.7554,29876.2708,,,,,,,,
698,002272.SZ,20180214,4.76,4.78,4.72,4.74,4.78,-0.040000000000000036,-0.8368,12965.48,6150.143,4.72,30026.344,4.79,30581.5931,,,,,,,,
699,002272.SZ,20180213,4.78,4.83,4.75,4.78,4.76,0.020000000000000462,0.4202,21400.67,10222.352,4.682,32083.124,4.8377,31137.8715,,,,,,,,
700,002272.SZ,20180212,4.68,4.84,4.68,4.76,4.68,0.08000000000000007,1.7094,41532.02,19743.619,4.632,36840.088,4.8862,32413.9815,,,,,,,,
701,002272.SZ,20180209,4.57,5.1,4.53,4.68,4.64,0.040000000000000036,0.8621,54956.93,26165.866,4.626,33811.998,4.9408,32303.8346,,,,,,,,
702,002272.SZ,20180208,4.61,4.68,4.56,4.64,4.55,0.08999999999999986,1.978,19276.62,8928.914,4.622,28554.816,4.9938,29898.8008,,,,,,,,
703,002272.SZ,20180207,4.7,4.7,4.49,4.55,4.53,0.019999999999999574,0.4415,23249.38,10631.093,4.63,33825.194,5.0477,30334.1246,,,,,,,,
704,002272.SZ,20180206,4.66,4.78,4.52,4.53,4.73,-0.20000000000000018,-4.2283,45185.49,20923.616,4.726,36940.122,5.1108,30141.2423,,,,,,,,
705,002272.SZ,20180205,4.63,4.75,4.55,4.73,4.66,0.07000000000000028,1.5021,26391.57,12292.686,4.87,30975.624,5.1769,28112.3592,,,,,,,,
706,002272.SZ,20180202,4.67,4.68,4.53,4.66,4.68,-0.019999999999999574,-0.4274,28671.02,13220.823,4.972,30520.51,5.2254,27841.5754,,,,,,,,
707,002272.SZ,20180201,5.01,5.01,4.64,4.68,5.03,-0.35000000000000053,-6.9583,45628.51,21850.311,5.112,28825.726,5.2862,27191.2662,,,,,,,,
708,002272.SZ,20180131,5.25,5.25,4.97,5.03,5.25,-0.21999999999999975,-4.1905,38824.02,19678.087,5.258,27298.044,5.3462,26101.2346,,,,,,,,
709,002272.SZ,20180130,5.23,5.27,5.2,5.25,5.24,0.009999999999999787,0.1908,15363.0,8047.671,5.346,27553.262,5.3962,24003.0023,,,,,,,,
710,002272.SZ,20180129,5.35,5.36,5.22,5.24,5.36,-0.1200000000000001,-2.2388,24116.0,12709.897,5.37,29218.96,5.43,24075.2346,,,,,,,,
711,002272.SZ,20180126,5.38,5.4,5.32,5.36,5.41,-0.04999999999999982,-0.9242,20197.1,10837.983,5.39,29382.926,5.46,23969.6208,,,,,,,,
712,002272.SZ,20180125,5.43,5.49,5.39,5.41,5.47,-0.05999999999999961,-1.0969,37990.1,20645.998,5.392,29491.888,5.49,23989.8438,,,,,,,,
713,002272.SZ,20180124,5.37,5.53,5.29,5.47,5.37,0.09999999999999964,1.8622,40100.11,21692.169,5.388,25655.87,5.5169,23029.9208,,,,,,,,
714,002272.SZ,20180123,5.31,5.37,5.27,5.37,5.34,0.03000000000000025,0.5618,23691.49,12624.249,5.366,22210.124,5.5469,21714.3077,,,,,,,,
715,002272.SZ,20180122,5.35,5.37,5.2,5.34,5.37,-0.03000000000000025,-0.5587,24935.83,13183.324,5.382,21515.226,5.5854,21708.04,,,,,,,,
716,002272.SZ,20180119,5.39,5.43,5.34,5.37,5.39,-0.019999999999999574,-0.3711,20741.91,11152.139,5.406,22819.68,5.6285,21472.7723,,,,,,,,
717,002272.SZ,20180118,5.36,5.4,5.34,5.39,5.36,0.02999999999999936,0.5597,18810.01,10102.268,5.468,20980.698,5.6623,21321.3946,,,,,,,,
718,002272.SZ,20180117,5.45,5.45,5.34,5.36,5.45,-0.08999999999999986,-1.6514,22871.38,12293.233,5.528,20479.1,,,,,,,,,,
719,002272.SZ,20180116,5.43,5.48,5.37,5.45,5.46,-0.009999999999999787,-0.1832,20217.0,10976.751,5.582,20453.428,,,,,,,,,,
720,002272.SZ,20180115,5.66,5.68,5.45,5.46,5.68,-0.21999999999999975,-3.8732,31458.1,17415.945,5.642,20502.028,,,,,,,,,,
721,002272.SZ,20180112,5.69,5.71,5.65,5.68,5.69,-0.010000000000000675,-0.1757,11547.0,6555.274,5.702,19312.628,,,,,,,,,,
722,002272.SZ,20180111,5.63,5.71,5.62,5.69,5.63,0.0600000000000005,1.0657,16302.02,9263.623,5.738,21602.656,,,,,,,,,,
723,002272.SZ,20180110,5.76,5.76,5.6,5.63,5.75,-0.1200000000000001,-2.087,22743.02,12872.94,5.774,23064.254,,,,,,,,,,
724,002272.SZ,20180109,5.78,5.79,5.7,5.75,5.76,-0.009999999999999787,-0.1736,20460.0,11739.43,5.828,22891.12,,,,,,,,,,
725,002272.SZ,20180108,5.86,5.88,5.75,5.76,5.86,-0.10000000000000053,-1.7065,25511.1,14753.665,5.84,22553.92,,,,,,,,,,
726,002272.SZ,20180105,5.87,5.87,5.83,5.86,5.87,-0.009999999999999787,-0.1704,22997.14,13445.444,,,,,,,,,,,,
727,002272.SZ,20180104,5.91,5.92,5.84,5.87,5.9,-0.03000000000000025,-0.5085,23610.01,13893.819,,,,,,,,,,,,
728,002272.SZ,20180103,5.82,5.91,5.78,5.9,5.81,0.09000000000000075,1.5491,21877.35,12830.375,,,,,,,,,,,,
729,002272.SZ,20180102,5.75,5.82,5.72,5.81,5.74,0.0699999999999994,1.2195,18774.0,10837.479,,,,,,,,,,,,
