,ts_code,trade_date,open,high,low,close,pre_close,change,pct_chg,vol,amount,ma5,ma_v_5,ma13,ma_v_13,ma34,ma_v_34,ma144,ma_v_144,ma169,ma_v_169,ma75,ma_v_75
0,002411.SZ,20201231,5.18,5.22,5.15,5.2,5.17,0.03000000000000025,0.5803,81058.81,42077.723,5.234,83073.788,5.4162,97832.7454,5.8674,118971.7176,6.774,237707.4369,6.8855,240923.0677,6.3873,182529.4837
1,002411.SZ,20201230,5.2,5.22,5.1,5.17,5.21,-0.040000000000000036,-0.7678,88719.69,45827.087,5.266,89105.156,5.4446,102192.2938,5.9,121370.3621,6.7886,239364.0873,6.9058,242568.0409,6.4116,185642.9428
2,002411.SZ,20201229,5.21,5.25,5.17,5.21,5.22,-0.009999999999999787,-0.1916,78380.15,40899.425,5.342,93507.104,5.4831,118041.5831,5.93,121726.5009,6.8023,240882.6266,6.9258,243987.6455,6.4364,188324.2679
3,002411.SZ,20201228,5.35,5.39,5.19,5.22,5.37,-0.15000000000000036,-2.7933,104778.32,55171.566,5.42,114678.806,5.55,120763.3746,5.9556,122248.2353,6.8139,241497.2024,6.9467,245038.0009,6.4567,189750.8
4,002411.SZ,20201225,5.34,5.43,5.32,5.37,5.36,0.009999999999999787,0.1866,62431.97,33626.155,5.486,111961.52,5.6231,126268.2508,5.9824,123072.8782,6.8256,242580.4421,6.9683,246227.5404,6.4775,190981.6077
5,002411.SZ,20201224,5.53,5.55,5.35,5.36,5.55,-0.1899999999999995,-3.4234,111215.65,60405.793,5.514,112925.29,5.7038,135741.1362,6.0059,125105.6291,6.8358,244706.5926,6.9885,248561.8599,6.4979,194908.9888
6,002411.SZ,20201223,5.57,5.63,5.49,5.55,5.6,-0.04999999999999982,-0.8929,110729.43,61373.88,5.56,110849.042,5.7754,136549.5946,6.0274,125549.6662,6.8481,246936.051,7.0095,250912.0233,6.5203,200795.1957
7,002411.SZ,20201222,5.51,5.82,5.5,5.6,5.55,0.04999999999999982,0.9009,184238.66,104424.648,5.542,110117.216,5.8369,143848.8731,6.0468,126107.3691,6.8554,248603.5469,7.0305,254924.5644,6.5343,200498.6396
8,002411.SZ,20201221,5.51,5.61,5.46,5.55,5.51,0.040000000000000036,0.726,91191.89,50585.626,5.546,90054.602,5.8838,140524.0892,6.0647,125387.4279,6.866,249328.8342,7.0488,255815.8663,6.5477,199938.3368
9,002411.SZ,20201218,5.6,5.6,5.51,5.51,5.59,-0.08000000000000007,-1.4311,67250.82,37287.091,5.55,99362.812,5.9292,139418.8692,6.0832,128796.6276,6.8798,249875.2836,7.0675,257722.3386,6.5627,200458.8701
10,002411.SZ,20201217,5.45,5.61,5.42,5.59,5.46,0.1299999999999999,2.381,100834.41,55662.368,5.582,144864.738,5.9785,140288.27,6.1003,133311.9953,6.8937,250609.8988,7.0856,259987.8309,6.5773,201368.7969
11,002411.SZ,20201216,5.6,5.61,5.44,5.46,5.62,-0.16000000000000014,-2.847,107070.3,58889.791,5.68,147450.544,6.02,138754.0269,6.1244,134519.8209,6.9076,250866.2045,7.105,262175.4928,6.5899,202112.6315
12,002411.SZ,20201215,5.56,5.63,5.54,5.62,5.57,0.04999999999999982,0.8977,83925.59,46968.662,5.822,161304.826,6.0731,136939.2538,6.1574,133993.3491,6.9223,251434.9447,7.1254,265247.9928,6.606,202849.8615
13,002411.SZ,20201214,5.61,5.63,5.45,5.57,5.67,-0.09999999999999964,-1.7637,137732.94,76244.56,5.982,181635.604,6.1162,141058.6192,6.1876,133827.2715,6.9365,252108.7682,7.1459,271741.7237,6.6212,203775.2423
14,002411.SZ,20201211,6.06,6.07,5.55,5.67,6.08,-0.41000000000000014,-6.7434,294760.45,169753.182,6.126,178434.138,6.1723,155031.3038,6.2212,132512.9224,6.9517,252543.1118,7.1646,276229.8281,6.6367,204950.3951
15,002411.SZ,20201210,6.14,6.15,6.07,6.08,6.17,-0.08999999999999986,-1.4587,113763.44,69456.732,6.262,160606.058,6.2054,138954.2885,6.2497,127010.8579,6.9675,251767.6204,7.178,277020.2413,6.6505,207010.6137
16,002411.SZ,20201209,6.42,6.47,6.16,6.17,6.42,-0.25,-3.8941,176341.71,110595.888,6.288,166056.664,6.21,138290.4085,6.2662,127189.27,6.9811,252585.8622,7.188,279293.6595,6.6651,210574.08
17,002411.SZ,20201208,6.37,6.48,6.34,6.42,6.29,0.1299999999999999,2.0668,185579.48,118980.734,6.282,146153.128,6.2092,130804.2646,6.2821,125691.8509,6.9936,252749.5974,7.1972,282073.4092,6.6833,211902.8075
18,002411.SZ,20201207,6.32,6.4,6.27,6.29,6.35,-0.05999999999999961,-0.9449,121725.61,76949.325,6.228,124747.838,6.1915,121721.6954,6.2929,124178.8515,7.0041,253268.6772,7.2077,284013.6121,6.6969,211533.736
19,002411.SZ,20201204,6.2,6.45,6.17,6.35,6.21,0.13999999999999968,2.2544,205620.05,130382.692,6.196,116580.566,6.1823,119093.5815,6.3112,123935.8065,7.0159,255608.431,7.2202,287943.912,6.7108,211425.9456
20,002411.SZ,20201203,6.14,6.31,6.11,6.21,6.14,0.07000000000000028,1.1401,141016.47,87771.289,6.156,92152.206,6.1723,110973.2331,6.3265,122842.1394,7.026,256005.0826,7.2349,290820.1587,6.7228,210358.8295
21,002411.SZ,20201202,6.13,6.18,6.11,6.14,6.15,-0.010000000000000675,-0.1626,76824.03,47180.642,6.15,91444.38,6.1785,107436.3508,6.3468,124787.4679,7.0365,256738.7992,7.2563,292154.288,6.7364,210839.0775
22,002411.SZ,20201201,6.11,6.18,6.1,6.15,6.13,0.020000000000000462,0.3263,78553.03,48302.868,6.182,139955.142,6.1915,114035.4808,6.3685,136925.9776,7.0464,257433.208,7.2762,294046.2309,6.7524,212955.4817
23,002411.SZ,20201130,6.16,6.21,6.13,6.13,6.15,-0.020000000000000462,-0.3252,80889.25,49898.248,6.172,141396.386,6.1946,115748.9715,6.4047,143630.6715,7.0563,259109.4029,7.2972,295466.5664,6.7715,214421.2739
24,002411.SZ,20201127,6.16,6.19,6.11,6.15,6.18,-0.02999999999999936,-0.4854,83478.25,51252.532,6.174,146245.136,6.1908,116920.5,6.4412,147822.0171,7.0688,260116.8344,7.3211,296986.7773,6.7887,216060.2051
25,002411.SZ,20201126,6.26,6.29,6.17,6.18,6.3,-0.1200000000000001,-1.9048,137477.34,85305.363,6.176,145353.854,6.1892,120715.7254,6.4776,153948.8047,7.0827,262138.1114,7.3436,299044.7006,6.8075,217859.4476
26,002411.SZ,20201125,6.1,6.44,6.07,6.3,6.1,0.20000000000000018,3.2787,319377.84,200207.95,6.178,131359.602,6.1885,120259.43,6.5053,156303.1821,7.0997,263676.8749,7.3684,300134.2588,6.8272,219110.81
27,002411.SZ,20201124,6.14,6.15,6.08,6.1,6.14,-0.040000000000000036,-0.6515,85759.25,52352.456,6.152,84996.06,6.1723,105408.2815,6.5209,152140.615,7.1153,263741.1459,7.3947,300469.0402,6.8456,219094.002
28,002411.SZ,20201123,6.14,6.17,6.09,6.14,6.16,-0.020000000000000462,-0.3247,105133.0,64397.706,6.176,87855.314,6.1808,108787.6723,6.5459,154624.3082,7.1338,264922.6109,7.4246,302308.2634,6.8696,222320.3643
29,002411.SZ,20201120,6.21,6.22,6.12,6.16,6.19,-0.03000000000000025,-0.4847,79021.84,48633.336,6.206,85836.114,6.1862,112989.8,6.5679,159553.0318,7.1526,266316.2047,7.4552,304751.5858,6.8907,224992.3371
30,002411.SZ,20201119,6.18,6.21,6.14,6.19,6.17,0.020000000000000462,0.3241,67506.08,41714.748,6.236,102554.29,6.1877,122842.3262,6.5994,166045.3894,7.1708,268940.5805,7.4906,307075.9921,6.9124,229656.6721
31,002411.SZ,20201118,6.21,6.24,6.12,6.17,6.22,-0.04999999999999982,-0.8039,87560.13,54144.142,6.236,109218.756,6.18,134632.1138,6.6365,174454.6182,7.1898,272002.297,7.5289,309076.0814,6.9297,231401.9804
32,002411.SZ,20201117,6.27,6.3,6.19,6.22,6.29,-0.07000000000000028,-1.1129,100055.52,62197.33,6.218,110930.554,6.1985,138812.1408,6.6732,185188.8771,7.2101,276872.3578,7.5682,312134.9775,6.9453,232682.8959
33,002411.SZ,20201116,6.35,6.38,6.25,6.29,6.31,-0.019999999999999574,-0.317,95037.0,59757.26,6.2,117482.686,6.2262,137974.8131,6.7179,197511.8676,7.2273,278503.0047,7.6101,315994.1636,6.9576,233657.8555
34,002411.SZ,20201113,6.16,6.34,6.12,6.31,6.19,0.11999999999999922,1.9386,162612.72,101573.465,6.176,124784.386,6.2538,136685.7323,6.7609,214475.9112,7.244,280713.7597,7.6505,319172.3225,6.9701,236220.1173
35,002411.SZ,20201112,6.08,6.19,6.08,6.19,6.08,0.11000000000000032,1.8092,100828.41,61834.094,6.132,117524.424,6.2846,131334.3746,6.8012,228015.2159,7.2597,282710.3313,7.6892,320664.0096,6.9871,237511.7355
36,002411.SZ,20201111,6.11,6.13,6.05,6.08,6.13,-0.04999999999999982,-0.8157,96119.12,58419.701,6.136,123297.008,6.3192,131862.2092,6.8329,236711.3312,7.2783,285277.8372,7.7286,322852.2031,7.0064,239540.7719
37,002411.SZ,20201110,6.21,6.25,6.06,6.13,6.17,-0.040000000000000036,-0.6483,132816.18,81833.307,6.162,136025.316,6.3623,133686.0808,6.8688,249743.8021,7.298,288959.8072,7.7705,325853.0258,7.0283,241477.2155
38,002411.SZ,20201109,6.09,6.22,6.08,6.17,6.09,0.08000000000000007,1.3136,131545.5,81229.524,6.172,150883.016,6.4069,133117.8715,6.8932,250709.0926,7.3185,296241.4039,7.8126,328586.2162,7.0507,243459.8461
39,002411.SZ,20201106,6.2,6.21,6.05,6.09,6.21,-0.1200000000000001,-1.9324,126312.91,77258.267,6.156,168728.58,6.4546,133317.2562,6.9176,253899.9909,7.3363,301551.6615,7.8534,331999.3346,7.0701,245891.448
40,002411.SZ,20201105,6.25,6.28,6.16,6.21,6.21,0.0,0.0,129691.33,80404.68,6.22,171846.094,6.5177,132328.7308,6.9376,254303.2371,7.3492,303649.0738,7.8941,334054.7131,7.0884,251490.9568
41,002411.SZ,20201104,6.33,6.45,6.2,6.21,6.18,0.03000000000000025,0.4854,159760.66,100699.135,6.294,163741.88,6.5685,135309.0415,6.9524,257786.6679,7.36,306206.5723,7.936,337847.4973,7.1131,259121.1697
42,002411.SZ,20201103,6.09,6.18,5.88,6.18,6.09,0.08999999999999986,1.4778,207104.68,125077.793,6.382,147445.538,6.6215,138954.9631,6.9762,262339.8321,7.3705,309584.0636,7.982,343115.6447,7.1456,268704.9052
43,002411.SZ,20201102,6.41,6.47,6.04,6.09,6.41,-0.3200000000000003,-4.9922,220773.32,136806.778,6.488,124633.616,6.6754,160680.2462,7.0012,264772.6082,7.3844,311711.6267,8.0227,345530.4778,7.1709,273036.6553
44,002411.SZ,20201030,6.56,6.66,6.41,6.41,6.58,-0.16999999999999993,-2.5836,141900.48,92555.84,6.598,102017.004,6.7746,167275.5769,7.02,263731.3359,7.4005,315636.439,8.0622,347902.8734,7.1932,278346.8776
45,002411.SZ,20201029,6.55,6.65,6.52,6.58,6.65,-0.07000000000000028,-1.0526,89170.26,58746.941,6.644,97602.798,6.8485,173544.3862,7.0309,265354.5247,7.4174,319454.5311,8.0982,350788.6231,7.2148,288431.6064
46,002411.SZ,20201028,6.71,6.73,6.58,6.65,6.71,-0.05999999999999961,-0.8942,78278.95,51986.981,6.67,104854.638,6.9108,189130.4454,7.0403,273231.445,7.4399,321380.3233,8.1344,353481.1386,7.228,293193.8773
47,002411.SZ,20201027,6.61,6.76,6.61,6.71,6.64,0.07000000000000028,1.0542,93045.07,62252.369,6.698,116026.348,6.9469,199841.77,7.0518,287184.4515,7.4597,323590.6248,8.173,356513.6445,7.2383,300319.3968
48,002411.SZ,20201026,6.61,6.68,6.48,6.64,6.64,0.0,0.0,107690.26,71003.176,6.738,120109.75,6.9562,206365.2692,7.0485,287050.4118,7.4804,325156.9072,8.2096,359244.0093,7.246,307399.4339
49,002411.SZ,20201023,6.72,6.77,6.61,6.64,6.71,-0.07000000000000028,-1.0432,119829.45,80101.145,6.784,132258.772,6.98,211174.0815,7.0476,288065.8732,7.5049,326754.9254,8.2457,361946.4537,7.2511,314365.1144
50,002411.SZ,20201022,6.77,6.77,6.66,6.71,6.79,-0.08000000000000007,-1.1782,125429.46,84147.876,6.836,149724.41,6.9992,222934.0931,7.0485,288371.8274,7.528,328917.6882,8.2839,365682.6705,7.2495,316477.3285
51,002411.SZ,20201021,6.89,6.92,6.77,6.79,6.91,-0.1200000000000001,-1.7366,134137.5,91578.354,6.87,222545.19,7.0392,236344.2885,7.0456,288667.8824,7.5534,330280.0717,8.3253,368485.7878,7.2459,321493.7792
52,002411.SZ,20201020,6.84,6.92,6.76,6.91,6.87,0.040000000000000036,0.5822,113462.08,77857.614,6.988,257020.214,7.09,253212.1623,7.0379,289329.1912,7.5808,331959.366,8.3652,372722.6761,7.2455,321599.8337
53,002411.SZ,20201019,6.91,7.03,6.87,6.87,6.9,-0.03000000000000025,-0.4348,168435.37,116952.13,7.08,279006.798,7.1292,279293.92,7.0309,290767.4403,7.6103,333925.5181,8.4092,377277.776,7.2428,321786.2999
54,002411.SZ,20201016,6.78,6.92,6.74,6.9,6.88,0.020000000000000462,0.2907,207157.64,141375.524,7.184,303677.53,7.1962,306263.2915,7.0276,290323.1397,7.6412,336353.4286,8.4628,385387.6278,7.2409,321112.0825
55,002411.SZ,20201015,7.12,7.12,6.8,6.88,7.38,-0.5,-6.7751,489533.36,338825.835,7.228,305751.236,7.2615,342006.1254,7.0226,290873.4856,7.6776,338191.5457,8.5148,393531.5082,7.2385,320461.9867
56,002411.SZ,20201014,7.32,7.54,7.32,7.38,7.37,0.009999999999999787,0.1357,306512.62,227889.774,7.218,243414.676,7.3231,352268.8731,7.0176,289689.4706,7.7177,337608.1277,8.5585,397344.7231,7.2377,316060.3884
57,002411.SZ,20201013,7.34,7.43,7.26,7.37,7.39,-0.019999999999999574,-0.2706,223395.0,164076.616,7.132,216153.116,7.3146,359190.6969,7.0115,291880.9644,7.7555,339677.5788,8.5915,400792.0356,7.2307,315024.6751
58,002411.SZ,20201012,7.15,7.43,7.15,7.39,7.12,0.2699999999999996,3.7921,291789.03,212250.59,7.036,226016.036,7.3092,383485.1685,7.0165,293428.0606,7.7966,343350.2383,8.6237,405371.8886,7.2251,316087.7604
59,002411.SZ,20201009,6.9,7.12,6.9,7.12,6.83,0.29000000000000004,4.246,217526.17,152891.558,7.004,227610.63,7.2762,373781.0938,7.0179,289490.1221,7.8364,345713.8274,8.6533,408798.5086,7.2213,317629.8259
60,002411.SZ,20200930,6.98,6.98,6.76,6.83,6.95,-0.1200000000000001,-1.7266,177850.56,121883.958,7.07,254789.368,7.2669,375512.6223,7.0241,286434.6856,7.8762,347083.1445,8.6894,413587.1553,7.2184,317966.9577
61,002411.SZ,20200929,6.92,7.02,6.88,6.95,6.89,0.0600000000000005,0.8708,170204.82,118250.359,7.188,309724.242,7.2623,372602.8315,7.0365,284897.5026,7.918,349116.3567,8.7297,423617.0718,7.2207,320554.9525
62,002411.SZ,20200928,7.2,7.26,6.87,6.89,7.23,-0.34000000000000075,-4.7026,272709.6,192516.768,7.346,379490.718,7.2438,378596.9208,7.0447,285098.3924,7.9612,352123.6715,8.7778,428129.7685,7.218,320988.5111
63,002411.SZ,20200925,7.54,7.56,7.17,7.23,7.45,-0.21999999999999975,-2.953,299762.0,220053.407,7.518,459311.694,7.2538,381816.8162,7.0579,284005.5909,8.0053,354359.892,8.8362,438549.545,7.2168,320465.0064
64,002411.SZ,20200924,7.38,7.66,7.34,7.45,7.42,0.03000000000000025,0.4043,353419.86,265147.584,7.608,523949.11,7.2385,381051.9754,7.0682,280732.8097,8.0458,357197.3956,8.9036,443704.9355,7.2125,318879.3393
65,002411.SZ,20200923,7.62,7.69,7.3,7.42,7.74,-0.3200000000000003,-4.1344,452524.93,336572.166,7.572,532564.404,7.1831,368125.0677,7.0674,276332.4929,8.0841,358032.479,8.982,446166.2704,7.2068,316162.4272
66,002411.SZ,20200922,7.62,7.97,7.56,7.74,7.75,-0.009999999999999787,-0.129,519037.2,405234.03,7.548,549904.044,7.1338,348476.1423,7.0715,269447.0962,8.1249,360241.8328,9.0741,446688.2071,7.2024,312293.9319
67,002411.SZ,20200921,7.78,8.25,7.68,7.75,7.68,0.07000000000000028,0.9115,671814.48,531879.492,7.392,479223.816,7.0692,336010.6308,7.0691,260985.1056,8.1683,363929.6131,9.152,447266.0647,7.194,307379.7013
68,002411.SZ,20200918,7.49,7.79,7.32,7.68,7.27,0.41000000000000014,5.6396,622949.08,472295.844,7.242,392868.128,7.0146,326846.53,7.0671,250582.2456,8.2051,363536.5367,9.2185,445781.0473,7.1849,301197.6655
69,002411.SZ,20200917,7.23,7.42,7.2,7.27,7.3,-0.03000000000000025,-0.411,396496.33,289681.244,7.06,296282.968,6.9315,285734.1177,7.0735,241899.5203,8.2404,363527.9192,9.2846,444979.3643,7.1788,296929.366
70,002411.SZ,20200916,6.98,7.57,6.97,7.3,6.96,0.33999999999999986,4.8851,539223.13,394368.551,6.948,266609.298,6.8808,266174.0885,7.0868,239224.0682,8.2767,365146.6404,9.3461,444639.7916,7.1793,295904.3012
71,002411.SZ,20200915,7.1,7.12,6.88,6.96,7.0,-0.040000000000000036,-0.5714,165636.06,115511.599,6.892,221678.32,6.8323,234713.2238,7.1012,235977.7106,8.3142,365181.2394,9.4056,445070.5786,7.1772,292813.1841
72,002411.SZ,20200914,6.85,7.13,6.85,7.0,6.77,0.23000000000000043,3.3973,240036.04,168074.88,6.906,246514.922,6.8054,232394.7062,7.1168,236941.4794,8.3574,368133.5754,9.4601,445679.1737,7.1761,292829.7576
73,002411.SZ,20200911,6.67,6.77,6.65,6.77,6.71,0.05999999999999961,0.8942,140023.28,93928.821,6.852,235581.726,6.7692,225978.2415,7.1268,235282.4426,8.3983,370317.1913,9.5125,445139.6409,7.1749,293106.1415
74,002411.SZ,20200910,7.05,7.1,6.68,6.71,7.02,-0.3099999999999996,-4.416,248127.98,170240.62,6.854,246994.85,6.7615,227696.6469,7.1376,236257.5665,8.4398,373264.2752,9.5663,445641.0083,7.1757,296153.7997
75,002411.SZ,20200909,6.95,7.13,6.91,7.02,7.03,-0.010000000000000675,-0.1422,314568.24,221486.655,6.892,268766.364,6.7654,220404.4292,7.1529,237406.9388,8.4841,376758.1788,9.6191,444810.86,7.1815,298608.862
76,002411.SZ,20200908,6.75,7.09,6.74,7.03,6.73,0.2999999999999998,4.4577,289819.07,200874.583,6.896,316388.95,6.7431,213581.4415,7.1694,235786.8165,8.5306,378734.4846,9.6699,443438.826,7.1759,299092.6035
77,002411.SZ,20200907,6.78,6.86,6.7,6.73,6.78,-0.04999999999999982,-0.7375,185370.06,125991.454,6.81,276122.68,6.7185,225847.4246,7.1874,234704.0832,8.5757,382625.8217,9.7209,442364.476,7.1772,299077.4163
78,002411.SZ,20200904,6.8,6.81,6.65,6.78,6.9,-0.1200000000000001,-1.7391,197088.9,132792.529,6.786,267491.858,6.7523,240897.6823,7.2165,236350.6224,8.6285,387472.3767,9.7737,441749.0064,7.1879,298870.8901
79,002411.SZ,20200903,6.81,7.13,6.8,6.9,7.04,-0.13999999999999968,-1.9886,356985.55,248171.766,6.764,254120.456,6.8108,246967.48,7.2468,238833.6982,8.6921,396791.206,9.8266,441253.5704,7.1977,298550.1768
80,002411.SZ,20200902,6.82,7.26,6.82,7.04,6.6,0.4400000000000004,6.6667,552681.17,392097.921,6.706,209822.412,6.8523,231653.1392,7.2682,237566.9362,8.7531,405308.4828,9.8793,440583.0356,7.2068,295626.9353
81,002411.SZ,20200901,6.61,6.62,6.54,6.6,6.61,-0.010000000000000675,-0.1513,88487.72,58223.11,6.604,130610.578,6.8746,197880.8438,7.2806,237378.5509,8.8033,409345.1878,9.9301,438228.4654,7.214,290777.4383
82,002411.SZ,20200831,6.72,6.74,6.61,6.61,6.67,-0.05999999999999961,-0.8996,142215.95,94780.316,6.618,145385.544,6.9246,200734.5838,7.3235,255421.7738,8.8474,414905.0539,9.9854,438965.9138,7.2281,292010.3509
83,002411.SZ,20200828,6.61,6.72,6.57,6.67,6.61,0.05999999999999961,0.9077,130231.89,86729.087,6.648,147608.184,6.9723,203412.9777,7.3835,277078.3876,8.8906,420843.7636,10.0414,439478.4804,7.2435,292784.5172
84,002411.SZ,20200827,6.53,6.66,6.45,6.61,6.53,0.08000000000000007,1.2251,135495.33,88635.338,6.66,166735.686,7.0238,211514.7054,7.425,288894.6832,8.9303,425987.2075,10.0976,440912.212,7.2605,293489.2879
85,002411.SZ,20200826,6.67,6.7,6.51,6.53,6.67,-0.13999999999999968,-2.099,156622.0,103310.09,6.68,229491.99,7.0985,215591.0215,7.4588,303116.585,8.9762,432176.8751,10.153,441407.875,7.2796,294770.5536
86,002411.SZ,20200825,6.74,6.8,6.65,6.67,6.76,-0.08999999999999986,-1.3314,162362.55,108710.639,6.808,274372.272,7.1669,219220.7977,7.5029,324929.3244,9.0256,444095.5171,10.2091,441876.0223,7.2988,295347.8547
87,002411.SZ,20200824,6.7,6.8,6.6,6.76,6.73,0.02999999999999936,0.4458,153329.15,102868.249,6.982,297099.016,7.2354,223533.02,7.5294,333281.6194,9.084,449446.1283,10.2637,442161.426,7.3156,296654.0468
88,002411.SZ,20200821,6.59,6.77,6.55,6.73,6.71,0.020000000000000462,0.2981,225869.4,150873.262,7.118,298013.01,7.3046,229533.0485,7.5488,346792.3182,9.1534,462503.9247,10.3176,442429.8073,7.332,300724.9936
89,002411.SZ,20200820,7.02,7.02,6.7,6.71,7.17,-0.45999999999999996,-6.4156,449276.85,306336.039,7.238,275567.396,7.3777,236629.0362,7.5653,358503.4491,9.236,469067.4913,10.3716,441563.5209,7.3464,301216.5733
90,002411.SZ,20200819,7.39,7.39,7.15,7.17,7.54,-0.3700000000000001,-4.9072,381023.41,275807.088,7.346,210829.294,7.4692,227279.7723,7.5744,363822.2565,9.3331,471290.4677,10.426,439318.1362,7.3599,298515.1709
91,002411.SZ,20200818,7.39,7.65,7.32,7.54,7.44,0.09999999999999964,1.3441,275996.27,207391.38,7.358,170031.626,7.5115,221472.6608,7.5553,360799.3771,9.4429,472399.5568,10.4773,437408.4,7.3651,295792.444
92,002411.SZ,20200817,7.33,7.46,7.33,7.44,7.33,0.11000000000000032,1.5007,157899.12,116754.51,7.318,161943.242,7.5308,233230.4069,7.5229,367436.6415,9.5357,474765.5212,10.5274,436006.1651,7.3656,296378.1617
93,002411.SZ,20200814,7.24,7.33,7.2,7.33,7.25,0.08000000000000007,1.1034,113641.33,82696.405,7.346,168060.906,7.5346,236346.1823,7.5029,366971.7141,9.616,476591.5449,10.578,435451.8057,7.3721,297285.6319
94,002411.SZ,20200813,7.22,7.32,7.2,7.25,7.23,0.019999999999999574,0.2766,125586.34,91225.697,7.364,186094.458,7.5354,241729.8331,7.4847,367377.7644,9.696,479187.5401,10.6305,435110.502,7.3831,300764.3093
95,002411.SZ,20200812,7.31,7.33,7.13,7.23,7.34,-0.10999999999999943,-1.4986,177035.07,127511.805,7.426,204661.478,7.5269,245390.6908,7.4694,367150.7859,9.7683,480670.3333,10.6843,434739.7716,7.4015,303877.2819
96,002411.SZ,20200811,7.59,7.59,7.3,7.34,7.58,-0.2400000000000002,-3.1662,235554.35,175303.179,7.512,215520.368,7.5269,253865.4269,7.4544,366602.7088,9.8385,483691.1046,10.7379,434051.7357,7.4191,305898.5859
97,002411.SZ,20200810,7.46,7.63,7.43,7.58,7.42,0.16000000000000014,2.1563,188487.44,142082.302,7.58,232032.946,7.5454,255706.1754,7.4391,364363.2718,9.8999,483919.8149,10.7917,433065.5206,7.4379,306169.7307
98,002411.SZ,20200807,7.52,7.63,7.33,7.42,7.56,-0.13999999999999968,-1.8519,203809.09,152102.166,7.644,259882.742,7.55,260669.1523,7.4176,365549.9388,9.9574,483644.5896,10.8451,432363.873,7.4549,307734.0381
99,002411.SZ,20200806,7.69,7.74,7.46,7.56,7.66,-0.10000000000000053,-1.3055,218421.44,165436.639,7.704,280227.116,7.5731,263557.0985,7.4038,368471.0362,10.016,483790.0429,10.9003,431633.2308,7.4731,311109.0097
100,002411.SZ,20200805,7.68,7.73,7.46,7.66,7.68,-0.019999999999999574,-0.2604,231329.52,175816.479,7.75,322312.222,7.5923,268410.3323,7.3906,374030.5215,10.0721,483022.067,10.9549,430827.7987,7.4912,314975.3007
101,002411.SZ,20200804,7.88,7.93,7.67,7.68,7.9,-0.22000000000000064,-2.7848,318117.24,247519.852,7.716,315727.158,7.59,274763.1108,7.3682,374368.2138,10.1273,481989.8794,11.0096,430268.8392,7.5103,322408.8921
102,002411.SZ,20200803,7.76,7.98,7.76,7.9,7.72,0.1800000000000006,2.3316,327736.42,258583.289,7.648,288829.468,7.5731,292313.79,7.3482,375951.5353,10.1826,480532.4951,11.0636,429452.724,7.5239,322632.2447
103,002411.SZ,20200731,7.79,7.79,7.56,7.72,7.79,-0.07000000000000028,-0.8986,305530.96,234973.585,7.496,257917.682,7.5854,321100.0115,7.3144,372274.6321,10.2365,478821.5179,11.1137,428468.3415,7.5345,323774.2353
104,002411.SZ,20200730,7.48,7.86,7.46,7.79,7.49,0.2999999999999998,4.0053,428846.97,329341.296,7.398,254252.818,7.6569,365177.6931,7.2874,370154.5082,10.292,477486.9989,11.1611,427025.2045,7.5459,325702.0761
105,002411.SZ,20200729,7.29,7.49,7.23,7.49,7.34,0.15000000000000036,2.0436,198404.2,146906.686,7.356,220380.24,7.6792,373111.46,7.2615,362860.0965,10.3476,476201.0142,11.2082,424985.8023,7.5603,326258.1067
106,002411.SZ,20200728,7.22,7.43,7.17,7.34,7.14,0.20000000000000018,2.8011,183628.79,134095.288,7.386,231300.628,7.7,405468.0592,7.2476,361426.1921,10.4041,475897.9211,11.2575,424393.8344,7.5792,331963.688
107,002411.SZ,20200727,7.18,7.27,7.03,7.14,7.23,-0.09000000000000075,-1.2448,173177.49,123658.957,7.462,242845.348,7.7531,460439.3169,7.2403,360801.4565,10.464,476102.6969,11.3076,423640.7611,7.6025,345266.8523
108,002411.SZ,20200724,7.57,7.66,7.16,7.23,7.58,-0.34999999999999964,-4.6174,287206.64,213164.161,7.596,264512.546,7.7862,481451.8623,7.2394,360133.5865,10.5259,476489.24,11.3592,422929.2079,7.6237,354907.4536
109,002411.SZ,20200723,7.59,7.72,7.38,7.58,7.64,-0.05999999999999961,-0.7853,259484.08,195408.768,7.676,269854.346,7.8008,506489.2677,7.2347,357808.7379,10.5881,477081.7809,11.4103,421461.9621,7.6332,356789.2355
110,002411.SZ,20200722,7.72,7.74,7.58,7.64,7.72,-0.08000000000000007,-1.0363,253006.14,194001.701,7.652,327212.744,7.7785,534532.6346,7.2241,359083.5185,10.6463,476802.4635,11.4596,420205.1546,7.6357,359969.0627
111,002411.SZ,20200721,7.82,7.85,7.63,7.72,7.81,-0.08999999999999986,-1.1524,241352.39,186576.598,7.736,417002.976,7.7308,563541.1085,7.2144,361042.6459,10.7044,476682.5522,11.5089,419244.065,7.6368,365210.5729
112,002411.SZ,20200720,7.63,7.84,7.55,7.81,7.63,0.17999999999999972,2.3591,281513.48,217144.452,7.922,544440.662,7.6385,566379.0408,7.1974,362984.9094,10.7612,476468.9645,11.5586,418123.5834,7.6431,368838.858
113,002411.SZ,20200717,7.45,7.75,7.36,7.63,7.46,0.16999999999999993,2.2788,313915.64,237413.255,7.976,594535.154,7.5331,583313.6392,7.17,359613.3091,10.8172,475893.7708,11.6073,416861.4267,7.6509,375564.6287
114,002411.SZ,20200716,8.03,8.04,7.28,7.46,8.06,-0.6000000000000005,-7.4442,546276.07,418889.751,8.002,655560.024,7.4662,570096.4046,7.1488,358050.05,10.8743,474265.6553,11.657,415315.5466,7.6671,380601.8301
115,002411.SZ,20200715,8.5,8.57,8.03,8.06,8.65,-0.5899999999999999,-6.8208,701957.3,580874.69,8.116,725955.838,7.4085,537878.7869,7.1303,352824.2141,10.9329,470956.8411,11.7081,412349.858,7.6985,378204.6069
116,002411.SZ,20200714,8.06,8.86,7.99,8.65,8.08,0.5700000000000003,7.0545,878540.82,730535.075,8.018,674832.494,7.3062,492948.9231,7.1032,344891.8715,10.987,466486.846,11.7554,408344.2645,7.7179,374132.6745
117,002411.SZ,20200713,7.77,8.08,7.72,8.08,7.76,0.3200000000000003,4.1237,531985.94,421876.206,7.772,621662.912,7.1577,437553.51,7.0429,329371.5194,11.0381,460656.8304,11.7992,403396.3011,7.7317,366666.6601
118,002411.SZ,20200710,7.92,8.18,7.74,7.76,8.03,-0.2699999999999996,-3.3624,619039.99,490623.638,7.614,640075.294,7.0608,408894.0908,7.015,322215.4632,11.0931,457408.4029,11.8462,400597.4375,7.7596,364077.5793
119,002411.SZ,20200709,7.58,8.33,7.57,8.03,7.57,0.4599999999999991,6.0766,898255.14,718271.217,7.466,642290.556,6.9908,378878.2546,7.0082,309004.8929,11.1517,453498.1322,11.895,397168.5496,7.7889,361573.9433
120,002411.SZ,20200708,7.41,7.62,7.38,7.57,7.42,0.15000000000000036,2.0216,446340.58,336119.702,7.164,518288.63,6.9077,333099.1208,6.9932,287674.9006,11.2093,447697.2833,11.9426,392282.9985,7.8201,353885.3772
121,002411.SZ,20200707,7.36,7.58,7.22,7.42,7.29,0.1299999999999999,1.7833,612692.91,455290.926,6.938,529353.166,6.8723,330107.0715,6.9935,278598.4847,11.2699,445019.6195,11.9941,390115.8236,7.8624,352946.9147
122,002411.SZ,20200706,7.13,7.34,6.94,7.29,7.02,0.27000000000000046,3.8462,624047.85,448057.513,6.806,435232.902,6.8323,301654.6215,6.9982,266136.0135,11.3325,441243.1688,12.045,386707.1585,7.9121,350065.5155
123,002411.SZ,20200703,6.51,7.1,6.49,7.02,6.52,0.5,7.6687,630116.3,431856.958,6.69,335912.74,6.81,282262.4923,7.0091,253103.9053,11.3972,437394.9823,12.0966,383250.6091,7.9659,348652.2707
124,002411.SZ,20200702,6.39,6.55,6.38,6.52,6.44,0.07999999999999918,1.2422,278245.51,180046.243,6.632,233463.294,6.7892,249385.9854,7.0309,240461.6147,11.4647,433577.0258,12.1498,379870.2404,8.0341,346542.0067
125,002411.SZ,20200701,6.7,6.7,6.36,6.44,6.76,-0.3199999999999994,-4.7337,501663.26,324079.857,6.672,209494.282,6.8108,245939.9269,7.0729,237662.9141,11.536,432216.3167,12.2067,378736.5215,8.116,348239.0155
126,002411.SZ,20200630,6.71,6.79,6.71,6.76,6.71,0.04999999999999982,0.7452,142091.59,95934.242,6.748,141044.328,6.8469,221260.9815,7.12,229719.5906,11.6087,429682.998,12.2638,376130.2785,8.2011,349610.3531
127,002411.SZ,20200629,6.69,6.83,6.68,6.71,6.73,-0.020000000000000462,-0.2972,127447.04,85865.131,6.766,158392.834,6.8669,221842.5092,7.1556,231420.4138,11.6784,429947.5965,12.3191,375663.2993,8.2881,357745.9048
128,002411.SZ,20200624,6.72,6.79,6.68,6.73,6.72,0.010000000000000675,0.1488,117869.07,79298.813,6.814,193528.706,6.8962,224530.2585,7.1915,235328.6468,11.7455,430183.2128,12.3744,375213.582,8.3736,364475.2224
129,002411.SZ,20200623,6.81,6.81,6.71,6.72,6.82,-0.10000000000000053,-1.4663,158400.45,106792.436,6.89,251443.68,6.9254,227038.0154,7.2285,245351.62,11.8081,429792.7387,12.4302,374949.5756,8.4552,368433.0725
130,002411.SZ,20200622,6.88,6.88,6.79,6.82,6.85,-0.02999999999999936,-0.438,159413.49,108748.48,6.926,268325.802,6.9523,230865.8108,7.2606,248420.3679,11.8708,429277.3744,12.4863,374600.6671,8.5369,372596.1748
131,002411.SZ,20200619,6.94,6.94,6.82,6.85,6.95,-0.10000000000000053,-1.4388,228834.12,157017.78,6.962,310833.138,6.9831,241897.59,7.2871,250986.785,11.9332,428853.4032,12.543,374189.296,8.6216,378514.1036
132,002411.SZ,20200618,7.18,7.18,6.92,6.95,7.11,-0.16000000000000014,-2.2504,303126.4,211746.269,6.942,305610.656,7.0185,248880.8477,7.3079,249456.9253,11.9954,427655.662,12.5996,373315.5498,8.7068,383392.6533
133,002411.SZ,20200617,6.94,7.14,6.89,7.11,6.9,0.20999999999999996,3.0435,407443.94,287241.563,6.912,291674.726,7.0331,249208.7669,7.3265,249951.0047,12.0573,425918.1523,12.6564,372515.1023,8.7884,388795.8016
134,002411.SZ,20200616,6.98,6.98,6.82,6.9,7.0,-0.09999999999999964,-1.4286,242811.06,166920.568,6.872,246353.332,7.0154,230703.7769,7.3506,244613.2235,12.1181,423361.1951,12.7132,370828.3362,8.8664,389678.8407
135,002411.SZ,20200615,6.84,7.13,6.83,7.0,6.75,0.25,3.7037,371950.17,259261.872,6.896,227721.41,7.0162,232084.8362,7.3874,248487.6671,12.1807,422001.9767,12.7718,370492.3298,8.9517,396716.9848
136,002411.SZ,20200612,6.62,6.83,6.62,6.75,6.8,-0.04999999999999982,-0.7353,202721.71,136629.378,6.914,185808.932,7.0031,231826.95,7.4353,248108.5232,12.243,420048.0311,12.8278,368844.0193,9.0448,405758.6833
137,002411.SZ,20200611,6.92,6.92,6.76,6.8,6.91,-0.11000000000000032,-1.5919,233446.75,159174.824,6.986,175358.572,7.0331,249483.5608,7.4882,251811.7926,12.3081,419001.2901,12.886,368145.2045,9.1289,411258.5469
138,002411.SZ,20200610,7.04,7.06,6.87,6.91,7.02,-0.10999999999999943,-1.567,180836.97,125174.092,7.04,170301.58,7.0177,258514.4915,7.5456,252471.8944,12.3722,417853.8057,12.9438,367832.8273,9.2084,416435.3659
139,002411.SZ,20200609,7.12,7.12,6.96,7.02,7.09,-0.07000000000000028,-0.9873,149651.45,105237.725,7.102,194699.51,7.0346,266810.1115,7.6029,256147.5865,12.4356,416963.701,13.0021,367540.4073,9.2829,422418.7687
140,002411.SZ,20200608,7.18,7.25,7.06,7.09,7.11,-0.020000000000000462,-0.2813,162387.78,115685.594,7.16,228692.514,7.0738,268366.2,7.6547,265185.2485,12.4986,416237.4735,13.0614,367555.847,9.3585,427679.4877
141,002411.SZ,20200605,7.1,7.14,7.03,7.11,7.07,0.040000000000000036,0.5658,150469.91,106548.49,7.17,257692.828,7.1069,269185.2477,7.7085,275361.8803,12.5608,415283.4751,13.1188,367544.1773,9.4397,433391.2833
142,002411.SZ,20200604,7.23,7.28,7.07,7.07,7.22,-0.14999999999999947,-2.0776,208161.79,148390.166,7.124,260974.66,7.1431,268206.2115,7.7668,294137.7324,12.6229,414532.5382,13.1772,367299.805,9.5169,438778.0408
143,002411.SZ,20200603,7.33,7.46,7.21,7.22,7.31,-0.08999999999999986,-1.2312,302826.62,222062.637,7.092,271495.268,7.1823,266729.8346,7.8147,297864.4056,12.6851,413496.5397,13.2375,366867.4925,9.5925,443527.9285
144,002411.SZ,20200602,7.15,7.38,7.08,7.31,7.14,0.16999999999999993,2.381,319616.47,230890.576,7.014,284649.474,7.2162,257355.1846,7.8582,301116.1438,12.7462,411668.2849,13.2982,365681.4422,9.6708,449506.9081
145,002411.SZ,20200601,6.88,7.15,6.88,7.14,6.88,0.2599999999999998,3.7791,307389.35,217264.411,6.98,307177.71,7.2508,248175.3346,7.8953,304954.4541,12.807,409952.8719,13.3589,365735.634,9.7561,453234.1056
146,002411.SZ,20200529,6.77,6.96,6.74,6.88,6.91,-0.03000000000000025,-0.4342,166879.07,114572.42,6.872,315869.61,7.3131,238613.8223,7.9462,309753.275,12.8705,408374.3904,13.4222,365735.7805,9.8413,460471.2025
147,002411.SZ,20200528,6.85,7.15,6.84,6.91,6.83,0.08000000000000007,1.1713,260764.83,181726.445,6.922,340229.802,7.4023,243591.6062,8.0059,323266.3259,12.934,407469.8726,13.4836,365768.3383,9.9408,470023.1345
148,002411.SZ,20200527,7.08,7.1,6.8,6.83,7.14,-0.3099999999999996,-4.3417,368597.65,254303.225,7.046,322052.956,7.4838,238911.2023,8.07,350342.8341,12.9972,405936.0266,13.5438,365247.8698,10.0611,487066.2744
149,002411.SZ,20200526,6.67,7.2,6.62,7.14,6.6,0.54,8.1818,432257.65,302361.63,7.184,282940.506,7.5685,230582.6877,8.1259,365861.2147,13.0608,403784.8901,13.608,364341.2374,10.1792,503264.618
150,002411.SZ,20200525,6.88,6.88,6.52,6.6,7.13,-0.5300000000000002,-7.4334,350848.85,235224.622,7.272,224037.464,7.6338,232612.8808,8.1494,365745.9979,13.1234,401384.8163,13.6717,363851.1525,10.2741,512620.7384
151,002411.SZ,20200522,7.54,7.54,7.06,7.13,7.53,-0.40000000000000036,-5.3121,288680.03,209367.234,7.468,191661.472,7.7269,225835.1138,8.1838,370073.1235,13.1892,399373.4228,13.7389,364058.654,10.3589,519797.5329
152,002411.SZ,20200521,7.55,7.68,7.48,7.53,7.52,0.010000000000000675,0.133,169880.6,128722.16,7.574,170116.7,7.7723,222603.7015,8.2012,380586.0465,13.2515,397807.3956,13.7966,363498.9481,10.4348,529247.0012
153,002411.SZ,20200520,7.59,7.62,7.47,7.52,7.58,-0.0600000000000005,-0.7916,173035.4,130382.569,7.62,176196.264,7.7746,223137.4162,8.2206,390691.7279,13.3108,396984.9248,13.8503,363272.2304,10.4996,538593.764
154,002411.SZ,20200519,7.64,7.73,7.56,7.58,7.58,0.0,0.0,137742.44,104844.732,7.706,178207.122,7.7792,234436.6238,8.2465,408718.5185,13.3708,396291.9845,13.9037,362593.6505,10.5756,549977.3915
155,002411.SZ,20200518,7.68,7.74,7.48,7.58,7.66,-0.08000000000000007,-1.0444,188968.89,143667.752,7.798,196976.686,7.8062,241222.5423,8.2835,425011.5571,13.4306,396025.96,13.9572,362190.139,10.6564,573112.9116
156,002411.SZ,20200515,7.81,7.85,7.65,7.66,7.76,-0.09999999999999964,-1.2887,180956.17,140045.589,7.876,199166.824,7.85,255497.4077,8.3494,430232.5994,13.4919,395337.9245,14.0106,361593.6663,10.7564,583031.3339
157,002411.SZ,20200514,7.9,7.9,7.76,7.76,7.95,-0.1900000000000004,-2.3899,200278.42,156748.572,7.93,215040.982,7.9246,269197.6469,8.4038,436573.9582,13.5527,394644.9719,14.0639,361201.186,10.8777,607733.9427
158,002411.SZ,20200513,7.97,7.97,7.84,7.95,8.04,-0.08999999999999897,-1.1194,183089.69,144994.412,7.976,266715.33,7.9854,279071.0662,8.4606,440053.7029,13.6138,394419.78,14.1177,360678.1238,11.0225,620677.2037
159,002411.SZ,20200512,8.0,8.17,7.92,8.04,7.97,0.0699999999999994,0.8783,231590.26,186193.977,7.948,282644.968,8.0469,284671.1062,8.5259,444604.1497,13.6746,393998.1882,14.1717,360763.8949,11.1924,628494.4805
160,002411.SZ,20200511,7.97,8.08,7.91,7.97,7.93,0.040000000000000036,0.5044,199919.58,159321.79,7.884,285661.25,8.11,290380.3554,8.5824,450477.0035,13.7354,393681.7696,14.2244,360388.906,11.3917,632616.3736
161,002411.SZ,20200508,8.0,8.05,7.88,7.93,7.99,-0.0600000000000005,-0.7509,260326.96,207042.196,7.802,281041.112,8.1723,310150.5385,8.6529,454056.2124,13.7944,392941.951,14.279,360526.2018,11.5641,638173.3811
162,002411.SZ,20200507,7.95,8.43,7.9,7.99,7.81,0.1800000000000006,2.3047,458650.16,372298.324,7.732,292960.74,8.2485,329232.5615,8.7356,457457.0632,13.8546,391721.7776,14.3302,359481.7703,11.7117,640313.6421
163,002411.SZ,20200506,7.62,7.83,7.58,7.81,7.72,0.08999999999999986,1.1658,262737.88,202474.66,7.72,246422.584,8.3331,354632.4631,8.8285,455631.7047,13.9142,389791.2557,14.3826,357377.8758,11.8565,640697.8352
164,002411.SZ,20200430,7.54,7.77,7.54,7.72,7.56,0.16000000000000014,2.1164,246671.67,189079.47,7.788,268783.436,8.4015,360180.9862,8.9318,463141.0168,13.9762,388879.3121,14.4379,356516.0587,11.9879,641716.1108
165,002411.SZ,20200429,7.55,7.7,7.53,7.56,7.58,-0.020000000000000462,-0.2639,176818.89,134163.397,7.97,291260.958,8.4769,373005.1438,9.0618,469763.8059,14.041,388223.6807,14.4954,355866.9792,12.1163,646587.5037
166,002411.SZ,20200428,7.87,8.06,7.48,7.58,7.93,-0.34999999999999964,-4.4136,319925.1,247120.071,8.168,321623.754,8.5546,394028.2308,9.2118,476490.3435,14.1051,388109.769,14.5531,355292.603,12.2311,647809.7669
167,002411.SZ,20200427,8.07,8.13,7.89,7.93,8.15,-0.22000000000000064,-2.6994,225959.38,180649.88,8.402,308816.776,8.6538,405614.7046,9.3659,484860.5929,14.1704,386646.1988,14.6107,353914.0099,12.3415,645528.8323
168,002411.SZ,20200424,8.51,8.56,8.1,8.15,8.63,-0.4800000000000004,-5.562,374542.14,310806.337,8.588,324787.0,8.7292,436411.8908,9.5235,500339.9632,14.2351,386015.2376,14.6675,353533.6686,12.4473,645512.7655
169,002411.SZ,20200423,8.65,8.92,8.58,8.63,8.55,0.08000000000000007,0.9357,359059.28,313306.745,8.714,341264.964,8.8015,498475.2731,9.6697,507916.5432,14.2999,384125.2514,14.7199,351582.3482,12.5471,641956.6424
170,002411.SZ,20200422,8.62,8.63,8.44,8.55,8.75,-0.1999999999999993,-2.2857,328632.87,280369.241,8.772,371131.76,8.8092,539795.5277,9.7938,509553.2653,14.3621,383914.9431,14.7706,349815.5495,12.6401,638271.7787
171,002411.SZ,20200421,8.81,8.91,8.72,8.75,8.86,-0.10999999999999943,-1.2415,255890.21,224767.798,8.88,463174.962,8.7623,547465.3285,9.9203,513729.7432,14.4265,383767.5906,14.8224,348456.3491,12.7348,635333.3925
172,002411.SZ,20200420,8.8,8.92,8.65,8.86,8.78,0.08000000000000007,0.9112,305810.5,268458.505,8.87,478970.656,8.6869,566086.9369,10.0503,523946.4474,14.4856,383187.6678,14.8742,347536.7621,12.8268,633006.2657
173,002411.SZ,20200417,8.84,9.04,8.66,8.78,8.92,-0.14000000000000057,-1.5695,456931.96,403020.652,8.838,500485.7,8.5992,592264.5454,10.1791,532443.9429,14.5428,382264.0231,14.9244,346409.6941,12.9183,630440.262
174,002411.SZ,20200416,9.23,9.28,8.87,8.92,9.09,-0.16999999999999993,-1.8702,508393.26,456884.834,8.796,499123.112,8.5538,596613.9154,10.3053,539838.9594,14.6045,380586.5565,14.9746,344455.5725,13.0119,627596.7048
175,002411.SZ,20200415,8.76,9.33,8.72,9.09,8.7,0.39000000000000057,4.4828,788848.88,719359.305,8.786,491554.312,8.5138,617964.1477,10.4241,538817.7421,14.6669,379482.668,15.0234,341821.5077,13.1012,622881.5787
176,002411.SZ,20200414,8.73,8.78,8.52,8.7,8.7,0.0,0.0,334868.68,289633.378,8.75,459049.096,8.4946,610491.5992,10.5479,538283.1241,14.7285,376684.5271,15.072,337821.4674,13.1928,615205.1471
177,002411.SZ,20200413,8.64,8.88,8.4,8.7,8.57,0.129999999999999,1.5169,413385.72,359234.866,8.828,628348.582,8.5808,612923.5723,10.7032,559318.6794,14.7853,375706.8956,15.123,336432.0788,13.2909,613791.4272
178,002411.SZ,20200410,8.85,8.94,8.47,8.57,8.87,-0.29999999999999893,-3.3822,450119.02,391895.97,8.834,724915.956,8.6431,611629.4685,10.8315,565254.7312,14.8402,373749.8094,15.1779,334294.9384,13.3907,613246.718
179,002411.SZ,20200409,8.9,9.02,8.77,8.87,8.91,-0.040000000000000924,-0.4489,470549.26,417922.089,8.708,720560.208,8.7292,601511.8315,10.9547,570301.4709,14.8956,371029.2286,15.2345,332180.404,13.4893,610168.6295
180,002411.SZ,20200408,9.0,9.06,8.84,8.91,9.09,-0.17999999999999972,-1.9802,626322.8,559799.868,8.488,726044.58,8.8292,591300.7254,11.0615,574979.2038,14.9494,368244.5046,15.2888,329840.1324,13.5844,607037.8247
181,002411.SZ,20200407,8.9,9.34,8.73,9.09,8.73,0.35999999999999943,4.1237,1181366.11,1063738.062,8.25,730003.902,8.91,576296.4554,11.1726,572563.9856,15.0028,364507.2976,15.3436,326513.2205,13.6777,601494.7976
182,002411.SZ,20200403,7.92,8.73,7.9,8.73,7.94,0.79,9.9496,896222.59,762673.949,8.07,596425.434,9.0085,510161.5762,11.2929,555193.5838,15.0555,357099.3872,15.3991,320034.2702,13.768,588392.3907
183,002411.SZ,20200402,7.72,7.95,7.64,7.94,7.77,0.17000000000000082,2.1879,428340.28,334760.472,8.004,574370.172,9.1631,470141.0608,11.4156,545142.2347,15.1119,351652.57,15.4566,315397.9413,13.8631,577502.3161
184,002411.SZ,20200401,7.76,8.02,7.69,7.77,7.72,0.04999999999999982,0.6477,497971.12,389969.582,8.184,627043.266,9.41,467698.5754,11.5568,549144.0903,15.1753,350050.1028,15.5191,313514.6651,13.9692,572721.8701
185,002411.SZ,20200331,8.27,8.27,7.72,7.72,8.19,-0.46999999999999975,-5.7387,646119.41,512327.925,8.594,600745.908,9.6831,469243.45,11.7132,556593.4718,15.239,347760.1446,15.5844,311624.3508,14.0769,566859.2952
186,002411.SZ,20200330,8.3,8.64,8.15,8.19,8.4,-0.21000000000000085,-2.5,513473.77,427320.68,8.952,550834.5,10.0231,455837.8415,11.8894,555212.2032,15.3049,344822.6665,15.6547,308508.7311,14.1873,558764.6175
187,002411.SZ,20200327,8.1,8.76,8.1,8.4,8.84,-0.4399999999999995,-4.9774,785946.28,661338.685,9.252,511857.694,10.3669,447533.7954,12.0465,565115.0812,15.3631,341838.9461,15.724,306826.5763,14.2915,552774.4656
188,002411.SZ,20200326,9.19,9.48,8.84,8.84,9.82,-0.9800000000000004,-9.9796,691705.75,625087.801,9.606,422229.414,10.7069,433577.4338,12.2212,567977.6603,15.4218,337096.9024,15.7926,303396.19,14.3955,543041.3285
189,002411.SZ,20200325,9.66,9.87,9.54,9.82,9.51,0.3100000000000005,3.2597,366484.33,355209.017,9.83,370141.722,11.0492,438235.2969,12.4297,592898.0888,15.4795,333106.5208,15.8597,300810.1924,14.4953,534657.6905
190,002411.SZ,20200324,9.83,9.88,9.21,9.51,9.69,-0.17999999999999972,-1.8576,396562.37,378129.482,9.94,361167.392,11.3031,458670.7992,12.6024,628691.8856,15.5324,331512.7215,15.9189,299903.2951,14.5817,530581.3261
191,002411.SZ,20200323,9.92,10.19,9.65,9.69,10.17,-0.4800000000000004,-4.7198,318589.74,315914.443,10.186,357046.096,11.56,460066.6038,12.7421,650380.2476,15.5867,329312.6308,15.9785,299119.7525,14.674,526212.2812
192,002411.SZ,20200320,10.1,10.28,9.89,10.17,9.96,0.20999999999999908,2.1084,337804.88,340674.242,10.478,372645.742,11.8031,471762.2485,12.8382,667160.2094,15.6395,327703.9719,16.0308,298054.9469,14.7661,522896.538
193,002411.SZ,20200319,10.31,10.31,9.8,9.96,10.37,-0.40999999999999837,-3.9537,431267.29,430309.611,10.708,408695.664,12.0338,492181.7308,12.9162,686559.7762,15.6907,326480.8943,16.0798,297037.0878,14.8539,519463.5471
194,002411.SZ,20200318,10.86,10.93,10.35,10.37,10.74,-0.370000000000001,-3.4451,321612.68,343561.535,11.144,416811.506,12.2862,504755.4277,12.9876,699489.7915,15.7396,323796.8784,16.1309,295736.3761,14.9449,514810.6953
195,002411.SZ,20200317,11.28,11.53,10.39,10.74,11.15,-0.41000000000000014,-3.6771,375955.89,407444.204,11.602,433593.204,12.4938,534505.4154,13.0715,720230.8144,15.787,321983.3897,16.1766,294853.0205,15.032,512347.3977
196,002411.SZ,20200316,11.5,11.8,11.13,11.15,11.32,-0.16999999999999993,-1.5018,396587.97,456069.633,12.018,479304.742,12.6646,542022.0292,13.1568,764258.7721,15.8326,320059.5849,16.221,293800.4473,15.1128,509737.2361
197,002411.SZ,20200313,11.48,11.6,11.04,11.32,12.14,-0.8200000000000003,-6.7545,518054.49,587899.93,12.446,550438.742,12.83,570797.7138,13.2724,780031.2012,15.8767,318003.2795,16.2627,292770.6503,15.1824,506601.0737
198,002411.SZ,20200312,12.48,12.65,12.02,12.14,12.66,-0.5199999999999996,-4.1074,471846.5,581055.006,12.806,573257.016,13.0346,611722.5654,13.4324,824607.5935,15.9186,315206.6235,16.3041,290946.4235,15.2413,500515.5579
199,002411.SZ,20200311,12.73,12.98,12.63,12.66,12.82,-0.16000000000000014,-1.248,405521.17,517145.373,12.948,561829.282,13.1054,622750.6408,13.6229,845171.6082,15.9541,312809.6715,16.3395,289170.7379,15.2895,495346.7779
200,002411.SZ,20200310,12.89,13.05,12.1,12.82,13.29,-0.46999999999999886,-3.5365,604513.58,766162.274,12.986,574851.672,13.1131,639380.41,13.8591,855873.4988,15.9855,310432.6932,16.3728,288208.7015,15.3315,491251.3173
201,002411.SZ,20200309,13.0,13.43,12.73,13.29,13.12,0.16999999999999993,1.2957,752257.97,984127.127,13.056,574600.586,13.0885,641309.5331,14.1582,853997.5771,16.0165,307018.3077,16.3999,285773.2408,15.3713,483942.5948
202,002411.SZ,20200306,12.73,13.33,12.7,13.12,12.85,0.2699999999999996,2.1012,632145.86,826550.43,13.046,543094.062,13.0423,625305.4877,14.3821,850010.435,16.0445,302489.169,16.4224,282291.3144,15.4056,474618.1552
203,002411.SZ,20200305,12.9,12.98,12.73,12.85,12.85,0.0,0.0,414707.83,532818.783,13.036,558337.394,13.0469,622122.9177,14.555,843795.7491,16.0783,298461.8297,16.444,279172.1004,15.4423,466712.7717
204,002411.SZ,20200304,13.07,13.16,12.7,12.85,13.17,-0.3200000000000003,-2.4298,470633.12,607483.733,13.058,570130.202,13.0508,632874.3708,14.7315,845935.6553,16.115,296226.0997,16.4673,277074.721,15.4831,461811.1156
205,002411.SZ,20200303,13.14,13.45,13.02,13.17,13.24,-0.07000000000000028,-0.5287,603258.15,796186.891,13.148,630137.952,13.0423,640087.4669,14.8729,842067.2856,16.1511,293478.9485,16.4911,274809.4036,15.5247,456743.7673
206,002411.SZ,20200302,13.2,13.35,12.83,13.24,13.07,0.16999999999999993,1.3007,594725.35,782824.637,13.31,719501.834,13.0362,651471.4623,14.9959,842325.1676,16.1858,289734.619,16.514,271775.5636,15.5641,449393.5387
207,002411.SZ,20200228,12.67,13.56,12.56,13.07,12.96,0.10999999999999943,0.8488,708362.52,926436.35,13.274,723599.06,13.0723,651812.3031,15.0821,832729.97,16.2221,286204.7451,16.537,268878.5083,15.6013,442373.3207
208,002411.SZ,20200227,13.32,13.43,12.81,12.96,13.3,-0.33999999999999986,-2.5564,473671.87,617287.782,13.212,706268.19,13.1077,662720.6954,15.1641,816273.8665,16.2595,282068.0818,16.5617,265347.4065,15.6408,433630.6457
209,002411.SZ,20200226,13.75,14.1,13.23,13.3,13.98,-0.6799999999999997,-4.8641,770671.87,1048097.895,13.12,737452.252,13.2138,694228.5492,15.2497,808952.7635,16.298,279543.0452,16.5855,263050.76,15.6827,427916.0167
210,002411.SZ,20200225,12.79,14.28,12.7,13.98,13.06,0.9199999999999999,7.0444,1050077.56,1401972.62,12.998,692158.954,13.4162,753330.7377,15.3182,789457.5,16.3362,275430.7961,16.6089,258921.5558,15.7193,417973.8851
211,002411.SZ,20200224,12.9,13.29,12.83,13.06,12.76,0.3000000000000007,2.3511,615211.48,804415.029,12.838,600297.932,13.5477,794361.1885,15.3662,761005.0571,16.3752,268969.0053,16.6283,253226.7403,15.7469,404537.3176
212,002411.SZ,20200221,12.5,12.98,12.38,12.76,12.5,0.2599999999999998,2.08,621708.17,790763.572,12.806,588150.98,13.64,834265.4346,15.4424,746094.5403,16.4227,266288.2978,16.654,250376.2937,15.7865,397120.8712
213,002411.SZ,20200220,12.53,12.61,12.17,12.5,12.69,-0.1899999999999995,-1.4972,629592.18,778652.108,12.802,576690.02,13.6554,854834.6862,15.5274,730201.8206,16.473,263402.9008,16.6806,247393.4691,15.8299,389358.8681
214,002411.SZ,20200219,13.06,13.15,12.68,12.69,13.18,-0.4900000000000002,-3.7178,544205.38,697787.681,12.92,601021.602,13.68,883126.8377,15.6221,715018.5276,16.5263,260799.2896,16.7104,244624.2943,15.8775,381932.2657
215,002411.SZ,20200218,13.1,13.45,13.06,13.18,12.9,0.27999999999999936,2.1705,590772.45,780930.847,13.124,612011.782,13.6569,908256.2554,15.7135,706179.1097,16.5758,258500.7708,16.7385,242220.7033,15.9253,375744.0341
216,002411.SZ,20200217,12.54,12.94,12.48,12.9,12.74,0.16000000000000014,1.2559,554476.72,707249.099,13.194,663891.616,13.66,941797.41,15.7853,693355.1788,16.6203,256232.5155,16.7632,239334.6237,15.9632,368355.4483
217,002411.SZ,20200214,13.05,13.25,12.62,12.74,13.09,-0.34999999999999964,-2.6738,564403.37,726604.342,13.482,729651.066,13.7169,1043215.0815,15.8753,683315.1726,16.6594,253344.7437,16.7911,237191.6738,16.0047,361494.3053
218,002411.SZ,20200213,13.72,13.73,12.81,13.09,13.71,-0.620000000000001,-4.5222,751250.09,989665.073,14.12,924570.456,13.8969,1071557.1731,15.9729,673445.6526,16.699,250576.5724,16.8186,235190.2554,16.0481,354753.3804
219,002411.SZ,20200212,13.59,13.93,13.41,13.71,13.53,0.1800000000000015,1.3304,599156.28,819521.49,14.64,1091015.122,14.1792,1170203.4608,16.0638,662306.9009,16.7374,246827.9399,16.847,231296.9433,16.0889,345892.0061
220,002411.SZ,20200211,13.78,14.21,13.12,13.53,14.34,-0.8100000000000005,-5.6485,850171.62,1154490.038,14.75,1197977.202,14.5569,1214193.2085,16.1303,651133.5509,16.7677,243863.8378,16.8742,228413.3238,16.1205,338719.3649
221,002411.SZ,20200210,15.55,15.55,14.34,14.34,15.93,-1.5899999999999999,-9.9812,883273.97,1288894.419,14.636,1205764.566,15.1077,1207978.8877,16.2029,633062.0003,16.8005,239335.3614,16.9042,223819.6327,16.1548,328226.0381
222,002411.SZ,20200207,16.0,17.2,15.36,15.93,15.69,0.2400000000000002,1.5296,1539000.32,2524125.355,14.332,1228587.802,15.7731,1181629.5238,16.2491,613277.3474,16.8273,234747.0163,16.9312,218896.9469,16.1779,317134.9825
223,002411.SZ,20200206,14.67,15.69,14.33,15.69,14.26,1.4299999999999997,10.0281,1583473.42,2427042.981,13.624,1094965.3,16.1554,1110682.9715,16.2471,573856.3259,16.8438,225516.1819,16.9493,210324.8969,16.1808,297591.6716
224,002411.SZ,20200205,13.44,14.26,13.23,14.26,12.96,1.299999999999999,10.0309,1133966.68,1561906.953,13.13,983632.108,16.41,1021250.1346,16.2521,529620.8429,16.8608,215712.5861,16.9691,201443.1117,16.1876,277804.4915
225,002411.SZ,20200204,12.45,13.17,12.27,12.96,12.82,0.14000000000000057,1.092,889108.44,1137947.854,13.006,1131420.062,16.7631,971519.2085,16.3003,498322.0238,16.8887,209524.8801,16.9976,195225.7804,16.2161,263883.4928
226,002411.SZ,20200203,12.88,13.12,11.41,12.82,12.39,0.4299999999999997,3.4705,997390.15,1258241.463,13.43,1140168.486,17.1246,929211.5246,16.3853,473885.8344,16.9195,204690.2433,17.0343,190438.3054,16.2623,253110.9936
227,002411.SZ,20200123,13.18,13.45,12.18,12.39,13.22,-0.8300000000000001,-6.2784,870887.81,1121307.944,14.218,1347420.822,17.4731,899568.1392,16.4788,445698.4353,16.9492,198901.5089,17.0721,185371.3859,16.3121,242050.4687
228,002411.SZ,20200122,13.59,13.8,13.11,13.22,13.64,-0.41999999999999993,-3.0792,1026807.46,1379257.153,15.464,1407447.86,17.7638,853229.7408,16.585,421972.6874,16.9797,193582.8344,17.1132,181013.8382,16.3696,232070.3708
229,002411.SZ,20200121,14.66,14.8,13.57,13.64,15.08,-1.4399999999999995,-9.5491,1872906.45,2595694.689,16.958,1355963.458,17.9669,785694.9362,16.6726,393418.3797,17.0044,186870.6349,17.1485,175843.811,16.4173,220859.9511
230,002411.SZ,20200120,15.08,15.32,15.08,15.08,16.76,-1.6800000000000015,-10.0239,932850.56,1407296.894,18.828,1089528.616,18.1385,658914.0069,16.7518,340183.8635,17.0268,174474.024,17.1853,165853.172,16.4551,197133.0077
231,002411.SZ,20200117,16.76,17.82,16.76,16.76,18.62,-1.8599999999999994,-9.9893,2033651.83,3418903.412,19.992,1026297.532,18.1808,595451.1108,16.7876,314534.0529,17.0405,168624.6394,17.2154,161715.594,16.4752,185823.2936
232,002411.SZ,20200116,18.62,19.31,18.62,18.62,20.69,-2.0700000000000003,-10.0048,1171023.0,2181880.015,20.44,703736.474,18.0923,445377.47,16.7779,256746.7638,17.043,155232.0781,17.2347,151174.0174,16.4727,161116.6692
233,002411.SZ,20200115,23.39,24.8,20.69,20.69,22.99,-2.299999999999997,-10.0043,769385.45,1715947.753,20.486,567024.802,17.8638,363626.0015,16.7185,224361.0579,17.0334,147875.0178,17.2405,145063.912,16.4477,147255.2692
234,002411.SZ,20200114,21.0,22.99,20.76,22.99,20.9,2.09,10.0,540732.24,1196086.695,19.88,480969.422,17.4762,310700.6362,16.6026,204094.7376,17.0077,143126.0815,17.2349,141440.1282,16.3992,139026.9399
235,002411.SZ,20200113,19.16,20.9,19.16,20.9,19.0,1.8999999999999986,10.0,616695.14,1228574.742,18.752,495228.202,16.9169,277825.8654,16.4203,190611.5368,16.9679,139876.8045,17.2166,139657.6344,16.3165,133956.0513
236,002411.SZ,20200110,18.8,19.6,18.28,19.0,18.85,0.14999999999999858,0.7958,420846.54,791407.936,17.806,425586.9,16.5246,249131.2523,16.3026,176498.8962,16.9426,136202.9059,17.2089,136793.2304,16.2643,127189.0628
237,002411.SZ,20200109,17.66,19.02,17.66,18.85,17.66,1.1900000000000013,6.7384,487464.64,899705.188,17.178,371188.592,16.2646,228662.9646,16.2379,169420.8735,16.9315,134207.3466,17.2156,135494.9144,16.2409,123379.1219
238,002411.SZ,20200108,17.34,17.75,17.32,17.66,17.35,0.3099999999999987,1.7867,339108.55,595724.48,16.582,318646.538,16.0423,207559.2623,16.165,159830.025,16.9204,131638.9172,17.2236,133681.6976,16.2227,118244.7149
239,002411.SZ,20200107,16.17,17.79,16.16,17.35,16.17,1.1799999999999997,7.2975,612026.14,1032446.024,16.176,272391.41,15.9192,199077.0423,16.1085,151669.2088,16.9195,130406.2304,17.2375,133063.8304,16.2216,118106.9328
240,002411.SZ,20200106,15.86,16.33,15.84,16.17,15.86,0.3100000000000023,1.9546,268488.63,432029.715,15.828,166525.082,15.8292,180654.4569,16.0615,136144.5576,16.9201,127114.3717,17.255,131213.5098,16.228,114045.4389
241,002411.SZ,20200103,15.8,15.96,15.8,15.86,15.87,-0.009999999999999787,-0.063,148855.0,236167.869,15.724,134478.138,15.8138,176867.8223,16.0509,131140.8224,16.9284,125965.3188,17.2833,132286.901,16.2424,112764.0084
242,002411.SZ,20200102,15.63,15.9,15.61,15.87,15.63,0.23999999999999844,1.5355,224754.37,354070.628,15.682,120978.278,15.8246,183551.1992,16.0494,128420.3632,16.9406,126267.1465,17.3095,133308.0787,16.2589,113083.3505
243,002411.SZ,20191231,15.6,15.68,15.58,15.63,15.61,0.02000000000000135,0.1281,107832.91,168313.069,15.652,98699.448,15.8277,182462.0762,16.0491,123366.5582,16.9512,126276.9333,17.328,132646.2017,16.2829,112958.3159
244,002411.SZ,20191230,15.65,15.68,15.55,15.61,15.65,-0.040000000000000924,-0.2556,82694.5,129135.332,15.686,125865.9,15.8454,189450.7438,16.0562,121349.1815,16.9669,126175.8738,17.3501,132689.9596,16.3133,116179.6545
245,002411.SZ,20191227,15.65,15.72,15.61,15.65,15.65,0.0,0.0,108253.91,169527.989,15.688,140278.76,15.8646,189202.4746,16.065,120301.8026,16.9856,126378.166,17.3724,132838.5266,16.3445,120222.6157
246,002411.SZ,20191226,15.7,15.74,15.6,15.65,15.72,-0.07000000000000028,-0.4453,81355.7,127376.005,15.75,161251.28,15.8838,186245.0069,16.0744,119782.0406,17.006,126139.1654,17.3945,132682.2644,16.3611,121367.0935
247,002411.SZ,20191225,15.74,15.93,15.65,15.72,15.8,-0.08000000000000007,-0.5063,113360.22,178511.28,15.832,190748.078,15.8992,184469.7992,16.0885,118918.3729,17.0286,125930.7235,17.4167,133057.7202,16.3737,122036.5549
248,002411.SZ,20191224,15.61,16.16,15.6,15.8,15.62,0.1800000000000015,1.1524,243665.17,384594.894,15.924,242582.54,15.9208,178751.2115,16.0976,117590.3959,17.0514,125770.7488,17.4391,133397.2438,16.3848,121303.1572
249,002411.SZ,20191223,15.95,15.99,15.57,15.62,15.96,-0.34000000000000163,-2.1303,154758.8,244154.895,15.958,237701.982,15.9362,164947.1508,16.1044,111972.6526,17.0737,124651.211,17.4627,132794.5624,16.3957,118981.6083
250,002411.SZ,20191220,16.03,16.3,15.96,15.96,16.06,-0.09999999999999787,-0.6227,213116.51,342183.257,16.034,253898.002,15.9808,157347.32,16.1185,108746.6494,17.0978,124154.5366,17.4862,132633.7431,16.4088,118093.6909
251,002411.SZ,20191219,16.18,16.18,16.05,16.06,16.18,-0.120000000000001,-0.7417,228839.69,368214.47,16.024,253393.854,16.0092,145794.7346,16.1212,103214.1638,17.1201,123230.2913,17.5069,131778.6415,16.4183,116780.4975
252,002411.SZ,20191218,15.95,16.54,15.91,16.18,15.97,0.20999999999999908,1.315,372532.53,600655.316,15.984,247363.034,16.0277,132865.2969,16.1209,97728.7318,17.1419,122620.8542,17.5272,130704.1795,16.4288,115221.0472
253,002411.SZ,20191217,16.07,16.09,15.9,15.97,16.0,-0.02999999999999936,-0.1875,219262.38,349908.397,15.92,188749.928,16.0469,109507.7177,16.1165,88506.5397,17.1638,120967.5883,17.546,128898.5637,16.4407,112888.4135
254,002411.SZ,20191216,15.9,16.15,15.88,16.0,15.91,0.08999999999999986,0.5657,235738.9,376512.786,15.906,158858.818,16.0954,98018.9962,16.1176,83221.115,17.1861,120507.9389,17.568,128051.7436,16.4537,112207.8103
255,002411.SZ,20191213,15.87,15.98,15.83,15.91,15.86,0.05000000000000071,0.3153,210595.77,334656.273,15.876,123366.638,16.1531,86064.5085,16.1197,78422.8238,17.2129,120152.0331,17.5875,127116.6496,16.4697,112039.5924
256,002411.SZ,20191212,15.83,16.03,15.81,15.86,15.86,0.0,0.0,198685.59,315479.962,15.894,89051.2,16.2208,76195.8654,16.1306,74584.3603,17.2426,120311.7838,17.6091,126346.4334,16.4787,110349.2227
257,002411.SZ,20191211,15.88,15.92,15.81,15.86,15.9,-0.040000000000000924,-0.2516,79467.0,126065.18,15.922,62156.558,16.3008,71440.4631,16.1353,69817.9756,17.2714,120682.8935,17.6326,125842.936,16.4919,109074.6413
258,002411.SZ,20191210,15.85,15.95,15.82,15.9,15.85,0.05000000000000071,0.3155,69806.83,110843.875,15.99,57455.358,16.3731,79188.6762,16.1397,68653.9756,17.2974,121092.2558,17.6554,126175.2491,16.5091,109576.2919
259,002411.SZ,20191209,16.05,16.07,15.82,15.85,16.0,-0.15000000000000036,-0.9375,58278.0,92523.778,16.076,56080.572,16.4092,86232.4423,16.1426,68331.2453,17.324,121697.5278,17.6802,126584.404,16.5296,110471.8972
260,002411.SZ,20191206,16.0,16.25,15.98,16.0,16.0,0.0,0.0,39018.58,62649.143,16.166,56576.372,16.4008,86491.1192,16.1515,69165.6282,17.3522,122955.95,17.708,127311.8574,16.5492,110758.1815
261,002411.SZ,20191205,16.2,16.24,15.99,16.0,16.2,-0.1999999999999993,-1.2346,64212.38,103139.488,16.252,62549.456,16.3815,89965.69,16.1538,69818.2638,17.3772,123605.8964,17.7336,127932.9998,16.5665,111397.1719
262,002411.SZ,20191204,16.3,16.35,16.12,16.2,16.33,-0.129999999999999,-0.7961,55961.0,90725.79,16.372,63688.78,16.3669,92592.5554,16.1568,69787.6676,17.4059,124558.8044,17.759,128529.8053,16.5871,112696.7628
263,002411.SZ,20191203,16.27,16.4,16.12,16.33,16.3,0.029999999999997584,0.184,62932.9,102300.106,16.482,68562.692,16.3369,92623.2008,16.1529,69654.8382,17.4337,125427.346,17.7866,129533.0856,16.5977,112547.5361
264,002411.SZ,20191202,16.39,16.6,16.2,16.3,16.43,-0.129999999999999,-0.7912,60757.0,99299.652,16.574,72436.794,16.3008,91853.3623,16.1476,69958.3412,17.4592,126620.0967,17.8085,129835.2809,16.6093,112514.7015
265,002411.SZ,20191129,16.6,16.9,16.37,16.43,16.6,-0.1700000000000017,-1.0241,68884.0,113774.552,16.694,87658.466,16.2677,90198.37,16.1447,71095.9268,17.487,128276.7978,17.8303,130374.6951,16.6228,113023.6481
266,002411.SZ,20191128,16.74,16.85,16.51,16.6,16.75,-0.14999999999999858,-0.8955,69909.0,116158.612,16.768,109920.42,16.2277,88521.4177,16.1438,71713.8026,17.5184,130922.6849,17.8486,130327.8038,16.6371,113444.9281
267,002411.SZ,20191127,16.83,17.15,16.74,16.75,16.79,-0.03999999999999915,-0.2382,80330.56,135491.835,16.722,128213.778,16.1792,90111.6485,16.1385,72045.0379,17.5441,132669.3865,17.8673,130473.3904,16.6471,114050.6217
268,002411.SZ,20191126,16.95,17.0,16.75,16.79,16.9,-0.10999999999999943,-0.6509,82303.41,138614.66,16.52,124475.826,16.1315,87931.6823,16.1329,74619.1621,17.5597,132895.5434,17.8863,130780.8546,16.6537,114668.6864
269,002411.SZ,20191125,16.81,17.14,16.6,16.9,16.8,0.09999999999999787,0.5952,136865.36,230376.268,16.312,124852.744,16.0731,86847.4969,16.1303,75797.8991,17.5775,133124.1864,17.9088,130739.1363,16.6589,114414.4583
270,002411.SZ,20191122,16.42,16.96,16.35,16.8,16.37,0.4299999999999997,2.6268,180193.77,300959.225,16.094,117151.998,16.0062,80370.3077,16.1274,77243.7997,17.5947,132922.3597,17.9314,130658.1031,16.6641,114094.1477
271,002411.SZ,20191121,15.73,16.7,15.7,16.37,15.74,0.6300000000000008,4.0025,161375.79,264057.587,15.896,92385.122,15.9523,69976.5323,16.1176,74690.6212,17.6127,132239.3863,17.9533,130453.9357,16.6711,113025.7241
272,002411.SZ,20191120,15.76,15.76,15.6,15.74,15.75,-0.009999999999999787,-0.0635,61640.8,96598.598,15.794,70694.964,15.9277,59487.01,16.1241,72433.1568,17.6338,132124.3304,17.9801,130099.8568,16.6927,111570.1669
273,002411.SZ,20191119,15.8,15.83,15.6,15.75,15.81,-0.0600000000000005,-0.3795,84188.0,132062.24,15.82,66215.224,15.9515,58001.9485,16.1485,75933.5744,17.6599,132881.9617,18.0171,130616.2701,16.7245,111985.1256
274,002411.SZ,20191118,15.81,15.93,15.76,15.81,15.81,0.0,0.0,98361.63,155603.888,15.852,58794.348,15.9731,56062.7177,16.1779,77322.6921,17.6879,133282.1284,18.0576,131342.2642,16.7552,111863.1971
275,002411.SZ,20191115,15.87,15.89,15.76,15.81,15.86,-0.049999999999998934,-0.3153,56359.39,89077.11,15.884,57238.422,15.9885,51539.3569,16.2144,78907.9603,17.7142,133485.0362,18.0989,131616.2213,16.7867,111406.038
276,002411.SZ,20191114,15.86,15.92,15.83,15.86,15.87,-0.009999999999999787,-0.063,52925.0,83960.464,15.948,56364.744,16.0085,52788.4038,16.2432,81968.4371,17.7395,133570.0705,18.1385,132287.5398,16.822,111806.8929
277,002411.SZ,20191113,15.92,15.94,15.78,15.87,15.91,-0.040000000000000924,-0.2514,39242.1,62203.895,15.982,59421.544,16.0408,54877.8662,16.2762,83622.7312,17.7648,133530.6998,18.1816,133468.0605,16.8567,112603.6663
278,002411.SZ,20191112,15.96,16.0,15.8,15.91,15.97,-0.0600000000000005,-0.3757,47083.62,74722.68,16.014,62105.504,16.0523,54676.8208,16.3168,86442.1097,17.789,133726.1259,18.2244,134854.3676,16.8917,113547.9929
279,002411.SZ,20191111,16.13,16.19,15.76,15.97,16.13,-0.15999999999999837,-0.9919,90582.0,144269.465,16.052,61703.718,16.06,54123.5423,16.3629,88068.595,17.8152,133927.9742,18.264,136487.4283,16.9303,115300.318
280,002411.SZ,20191108,16.07,16.39,16.02,16.13,16.03,0.09999999999999787,0.6238,51991.0,83785.687,16.068,48589.718,16.0623,51681.3885,16.4103,95074.2682,17.8383,133838.5715,18.3012,138050.9799,16.9787,115686.9537
281,002411.SZ,20191107,16.04,16.15,15.95,16.03,16.03,0.0,0.0,68209.0,109180.885,16.052,46658.518,16.0638,54347.2362,16.4603,102586.7124,17.8621,134036.0593,18.3292,138932.9196,17.0289,118049.6019
282,002411.SZ,20191106,16.1,16.15,16.0,16.03,16.1,-0.07000000000000028,-0.4348,52661.9,84562.311,16.052,44812.318,16.0677,53808.7123,16.4962,105650.6047,17.8885,134351.2365,18.3532,139135.6514,17.0819,119889.6285
283,002411.SZ,20191105,16.07,16.2,15.99,16.1,16.05,0.05000000000000071,0.3115,45074.69,72432.489,16.048,42191.526,16.0731,54617.19,16.5276,109184.2447,17.9141,134927.3894,18.3789,139626.1112,17.1372,122583.0987
284,002411.SZ,20191104,16.08,16.14,16.02,16.05,16.05,0.0,0.0,25012.0,40164.992,16.042,47695.988,16.0708,55107.1985,16.5738,114193.1294,17.9419,135579.3291,18.4063,140362.3323,17.1868,124825.0185
285,002411.SZ,20191101,16.04,16.1,16.0,16.05,16.03,0.019999999999999574,0.1248,42335.0,67891.993,16.088,58711.19,16.0785,58817.9677,16.6285,123734.9326,17.9731,136664.0904,18.4341,141250.7514,17.2339,128013.4409
286,002411.SZ,20191031,16.01,16.13,15.93,16.03,16.01,0.019999999999999574,0.1249,58978.0,94386.182,16.082,57569.892,16.09,63210.2685,16.6844,133840.2735,18.0027,137370.0394,18.4566,141395.9612,17.2671,129297.4753
287,002411.SZ,20191030,16.06,16.15,15.99,16.01,16.07,-0.05999999999999872,-0.3734,39557.94,63441.635,16.078,53752.492,16.1185,65588.2515,16.7097,137814.1482,18.0324,138106.8068,18.4795,141521.9144,17.2992,130721.5913
288,002411.SZ,20191029,16.25,16.37,16.03,16.07,16.28,-0.21000000000000085,-1.2899,72597.0,117417.085,16.076,57607.704,16.15,68789.2562,16.7271,140520.2474,18.066,139398.1778,18.5044,141726.7753,17.3339,133013.4456
289,002411.SZ,20191028,16.04,16.41,16.03,16.28,16.02,0.26000000000000156,1.623,80088.01,129880.012,16.092,60417.708,16.1877,76116.47,16.7412,140101.3765,18.0935,139685.7258,18.5309,141917.8404,17.3607,134343.1601
290,002411.SZ,20191025,16.01,16.05,15.99,16.02,16.01,0.00999999999999801,0.0625,36628.51,58644.657,16.052,56641.744,16.22,79369.7362,16.7512,139791.4056,18.1193,140184.5452,18.5583,142220.3943,17.3869,135916.2668
291,002411.SZ,20191024,16.03,16.1,15.95,16.01,16.0,0.010000000000001563,0.0625,39891.0,63930.614,16.068,61950.464,16.28,90861.8492,16.7682,141307.1847,18.1436,140353.5094,18.5818,142483.8343,17.416,138395.2504
292,002411.SZ,20191023,16.14,16.19,15.99,16.0,16.15,-0.14999999999999858,-0.9288,58834.0,94425.823,16.08,64261.224,16.3154,94976.8262,16.7876,143505.3024,18.1697,140732.8299,18.6054,142779.076,17.4467,140660.1725
293,002411.SZ,20191022,16.09,16.32,16.05,16.15,16.08,0.07000000000000028,0.4353,86647.02,139914.692,16.11,67144.824,16.3608,96960.5185,16.8126,145065.5059,18.1972,141242.9549,18.6313,143076.0698,17.4751,142165.7943
294,002411.SZ,20191021,16.09,16.14,16.0,16.08,16.1,-0.020000000000003126,-0.1242,61208.19,98209.065,16.12,69702.402,16.3931,104191.9015,16.8397,148328.3876,18.2281,141163.8299,18.6507,142775.6201,17.5035,144249.6609
295,002411.SZ,20191018,16.07,16.16,16.07,16.1,16.07,0.030000000000001137,0.1867,63172.11,101771.934,16.184,75439.12,16.4446,109592.6562,16.8653,151475.7097,18.2602,141594.1255,18.6702,142637.2267,17.5211,146005.8281
296,002411.SZ,20191017,16.2,16.2,16.07,16.07,16.15,-0.0799999999999983,-0.4954,51444.8,82873.026,16.248,79038.898,16.5177,116445.6285,16.8976,156180.1347,18.2908,142167.1628,18.6886,142456.1136,17.5343,147347.6987
297,002411.SZ,20191016,16.2,16.29,16.14,16.15,16.2,-0.05000000000000071,-0.3086,73252.0,118567.563,16.346,102320.094,16.5731,124827.9977,16.9126,157132.2888,18.3243,142515.0215,18.7069,142420.1061,17.5437,148061.7505
298,002411.SZ,20191015,16.4,16.48,16.15,16.2,16.4,-0.1999999999999993,-1.2195,99434.91,161738.063,16.456,112145.788,16.6369,127590.9977,16.9332,158009.9356,18.3649,143040.4565,18.7248,142227.5115,17.5521,147888.4001
299,002411.SZ,20191014,16.46,16.55,16.34,16.4,16.42,-0.020000000000003126,-0.1218,89891.78,147567.503,16.576,129464.002,16.7177,130334.5408,16.9612,158529.2262,18.4094,143786.6099,18.7424,141862.441,17.5611,147733.1944
300,002411.SZ,20191011,16.57,16.62,16.42,16.42,16.56,-0.13999999999999702,-0.8454,81171.0,133861.338,16.59,130162.786,16.8008,131295.49,16.9918,159914.0924,18.4537,144166.9474,18.7589,141665.1089,17.5697,147741.8264
301,002411.SZ,20191010,16.7,16.74,16.48,16.56,16.7,-0.14000000000000057,-0.8383,167850.78,278024.169,16.624,130852.986,16.89,150341.9431,17.0182,159872.2782,18.4959,144782.5115,18.7759,141410.3356,17.5791,148061.1865
302,002411.SZ,20191009,16.7,16.84,16.6,16.7,16.8,-0.10000000000000142,-0.5952,122380.47,204426.637,16.626,133413.83,16.9877,161077.5831,17.04,157492.6335,18.5417,145369.8879,18.7922,140651.0292,17.5881,147311.2604
303,002411.SZ,20191008,16.5,17.6,16.46,16.8,16.47,0.33000000000000185,2.0036,186025.98,313274.477,16.636,135221.336,17.03,164923.8038,17.0647,158648.5521,18.5862,146419.5235,18.8079,140186.9436,17.592,146820.0356
304,002411.SZ,20190930,16.6,16.74,16.46,16.47,16.59,-0.120000000000001,-0.7233,93385.7,154724.414,16.686,128468.29,17.0531,163906.8562,17.0706,154493.935,18.6264,147371.2242,18.824,139424.0088,17.5981,145310.8407
305,002411.SZ,20190927,16.6,16.8,16.53,16.59,16.57,0.019999999999999574,0.1207,84622.0,140715.966,16.75,141874.27,17.1454,173290.7846,17.0921,153525.835,18.6667,149186.7556,18.8418,139074.462,17.6087,145234.4145
306,002411.SZ,20190926,16.76,16.98,16.48,16.57,16.75,-0.17999999999999972,-1.0746,180655.0,300713.38,16.828,146784.07,17.2469,193660.8854,17.1132,153946.5997,18.6962,149995.2057,18.8595,138850.0182,17.6193,145885.9345
307,002411.SZ,20190925,17.0,17.14,16.66,16.75,17.05,-0.3000000000000007,-1.7595,131418.0,220775.26,16.964,137673.264,17.3531,209450.2385,17.1406,151588.5115,18.7207,149452.259,18.8792,138187.2786,17.6285,145045.3453
308,002411.SZ,20190924,16.86,17.24,16.72,17.05,16.79,0.26000000000000156,1.5485,152260.75,258831.637,17.11,131866.488,17.3638,214271.1415,17.1582,151115.5121,18.7459,149480.9507,18.8977,138027.3649,17.6389,145447.794
309,002411.SZ,20190923,17.03,17.16,16.56,16.79,16.98,-0.19000000000000128,-1.119,160415.6,269426.896,17.216,167169.316,17.3292,212679.1846,17.1641,150363.2962,18.7715,149600.6403,18.9099,137487.9534,17.6441,145257.6305
310,002411.SZ,20190920,17.28,17.33,16.98,16.98,17.25,-0.2699999999999996,-1.5652,109171.0,186577.501,17.424,196569.016,17.3108,204828.3992,17.1756,147505.0815,18.799,149702.996,18.9249,136752.1865,17.6517,144492.4225
311,002411.SZ,20190919,17.48,17.65,17.15,17.25,17.48,-0.23000000000000043,-1.3158,135100.97,233456.988,17.478,209211.084,17.2831,201780.5531,17.1847,147613.0541,18.8189,149409.277,18.9386,136390.0285,17.6601,145601.0519
312,002411.SZ,20190918,17.58,17.7,17.47,17.48,17.58,-0.09999999999999787,-0.5688,102384.12,179724.605,17.448,216752.022,17.2331,198170.0938,17.1868,146582.4962,18.8372,149028.4653,18.9499,135865.5843,17.6621,146815.2211
313,002411.SZ,20190917,17.72,18.0,17.5,17.58,17.83,-0.25,-1.4021,328774.89,581738.013,17.486,239350.552,17.1708,199111.8538,17.2018,145106.7574,18.8562,148832.5994,18.961,135503.209,17.6676,146693.8373
314,002411.SZ,20190916,17.31,18.11,17.25,17.83,17.25,0.5799999999999983,3.3623,307414.1,542799.593,17.552,243482.236,17.1146,182427.7023,17.2179,138165.2224,18.8769,147277.8224,18.9727,133924.2893,17.6772,143801.1667
315,002411.SZ,20190912,17.01,17.62,17.0,17.25,17.1,0.14999999999999858,0.8772,172381.34,298273.562,17.576,259182.734,17.0562,173979.31,17.2244,131330.7888,18.8983,146054.2497,18.9827,132455.968,17.6875,140686.8163
316,002411.SZ,20190911,17.71,17.85,17.1,17.1,17.67,-0.5700000000000003,-3.2258,172805.66,299658.64,17.504,263524.414,17.0331,173658.9869,17.2515,128145.2994,18.9174,145420.6978,18.9956,131882.8219,17.7095,139072.9327
317,002411.SZ,20190910,17.9,18.06,17.61,17.67,17.91,-0.23999999999999844,-1.34,215376.77,382554.896,17.404,255276.344,17.0408,177529.5177,17.2915,125604.6479,18.9374,144844.1783,19.0083,131466.5555,17.7348,137973.1753
318,002411.SZ,20190909,17.78,18.5,17.6,17.91,17.95,-0.03999999999999915,-0.2228,349433.31,624821.09,17.18,223872.068,16.9569,167409.6154,17.3147,122584.2429,18.9562,144105.6309,19.0198,131054.0375,17.7528,136200.8415
319,002411.SZ,20190906,16.89,18.16,16.82,17.95,16.89,1.0599999999999987,6.2759,385916.59,673326.106,16.922,167895.206,16.8754,148460.2831,17.3321,115544.0456,18.9668,141928.115,19.0386,129523.704,17.7684,132651.5664
320,002411.SZ,20190905,16.64,17.05,16.58,16.89,16.6,0.28999999999999915,1.747,194089.74,325190.342,16.652,108344.888,16.8138,127781.3754,17.3571,109443.7929,18.9767,139510.7756,19.0566,128564.7612,17.7847,128573.0143
321,002411.SZ,20190904,16.59,16.69,16.5,16.6,16.55,0.05000000000000071,0.3021,131565.31,217880.815,16.608,92452.34,16.8562,123388.1054,17.4368,107252.3206,18.9928,138389.069,19.0883,127780.7864,17.8155,127866.2277
322,002411.SZ,20190903,16.61,16.65,16.51,16.55,16.62,-0.07000000000000028,-0.4212,58355.39,96579.236,16.658,88515.462,16.9115,119402.26,17.5338,110123.6235,19.0106,137790.4178,19.1222,127359.41,17.852,127904.8535
323,002411.SZ,20190902,16.69,16.74,16.56,16.62,16.6,0.019999999999999574,0.1205,69549.0,115536.524,16.762,116361.384,16.9692,121601.2962,17.6353,114472.3179,19.0288,137667.8353,19.1583,127423.7731,17.8871,129167.7532
324,002411.SZ,20190830,16.75,16.89,16.5,16.6,16.67,-0.07000000000000028,-0.4199,88165.0,146501.812,16.828,136095.012,17.04,128688.4269,17.74,119917.1168,19.0465,137446.9256,19.1913,127463.9151,17.9303,130700.2793
325,002411.SZ,20190829,16.85,17.04,16.6,16.67,16.85,-0.17999999999999972,-1.0682,114627.0,191454.786,16.948,163086.524,17.0708,125350.2731,17.8347,123595.1662,19.0646,137227.326,19.2256,127433.8282,17.978,132639.4109
326,002411.SZ,20190828,17.0,17.3,16.74,16.85,17.07,-0.21999999999999886,-1.2888,111880.92,189302.579,16.93,156924.732,17.1115,121184.3731,17.9203,127992.7156,19.0828,136695.9878,19.2614,127358.5158,18.0225,134472.7228
327,002411.SZ,20190827,16.99,17.5,16.97,17.07,16.95,0.120000000000001,0.708,197585.0,338468.811,16.93,155166.946,17.1469,120187.9946,17.97,128779.6762,19.0999,136193.537,19.2966,127631.2498,18.0592,134826.5129
328,002411.SZ,20190826,17.05,17.3,16.89,16.95,17.2,-0.25,-1.4535,168217.14,286268.189,16.946,139068.104,17.18,112718.3792,18.0103,127844.4321,19.1157,135126.6273,19.3388,127557.486,18.0948,134284.9263
329,002411.SZ,20190823,16.61,17.44,16.58,17.2,16.58,0.620000000000001,3.7394,223122.56,380799.754,17.044,132820.122,17.2108,108650.6008,18.0591,129115.8988,19.1335,134354.911,19.3686,127067.1427,18.1343,135235.2416
330,002411.SZ,20190822,16.9,17.03,16.57,16.58,16.85,-0.2700000000000031,-1.6024,83818.04,140023.572,17.068,104145.474,17.2146,101232.3585,18.085,127621.8703,19.1494,133043.7286,19.4007,126270.0032,18.1661,134028.4189
331,002411.SZ,20190821,17.19,17.25,16.82,16.85,17.15,-0.29999999999999716,-1.7493,103091.99,175157.758,17.212,104770.438,17.2608,99649.1477,18.1341,130982.2518,19.1702,132785.9019,19.4366,126321.1518,18.2136,135596.5935
332,002411.SZ,20190820,17.49,17.62,17.15,17.15,17.44,-0.2900000000000027,-1.6628,117090.79,202825.892,17.35,116488.38,17.2946,100399.1538,18.1738,134495.7897,19.1914,132546.7353,19.4707,126371.6129,18.2583,136635.7803
333,002411.SZ,20190819,17.33,17.8,17.27,17.44,17.32,0.120000000000001,0.6928,136977.23,238012.996,17.32,102024.022,17.3077,99089.2469,18.2079,137221.3594,19.2103,132458.5533,19.5109,126204.9676,18.2963,138203.7564
334,002411.SZ,20190816,17.3,17.55,17.24,17.32,17.3,0.019999999999999574,0.1156,79749.32,138314.203,17.272,86722.636,17.35,92568.6138,18.2282,138244.2535,19.2219,131931.6296,19.5528,126175.5038,18.3345,140368.3528
335,002411.SZ,20190815,17.29,17.65,17.2,17.3,17.54,-0.23999999999999844,-1.3683,86942.86,150941.32,17.27,90558.372,17.4123,93569.6431,18.2565,143043.8918,19.2359,131628.3079,19.6006,127076.1968,18.3829,145303.5851
336,002411.SZ,20190814,17.04,18.7,16.97,17.54,17.0,0.5399999999999991,3.1765,161681.7,285417.709,17.31,93265.8,17.47,92654.2969,18.2594,146160.8879,19.2498,131357.6374,19.6428,128248.6596,18.4229,148430.134
337,002411.SZ,20190813,17.13,17.17,16.97,17.0,17.2,-0.1999999999999993,-1.1628,44769.0,76275.76,17.272,83996.664,17.5185,85146.0662,18.2462,146223.5556,19.261,130557.5554,19.6704,128202.5791,18.4424,147779.6733
338,002411.SZ,20190812,17.33,17.55,17.06,17.2,17.31,-0.10999999999999943,-0.6355,60470.3,104285.565,17.322,100379.946,17.6308,88350.2592,18.2397,147995.0171,19.2774,130532.3727,19.6893,129702.786,18.4737,148719.1267
339,002411.SZ,20190809,17.55,17.65,17.31,17.31,17.5,-0.19000000000000128,-1.0857,98928.0,172626.508,17.318,100933.146,17.7277,92366.6208,18.2274,147988.5588,19.2937,130542.5614,19.6961,132253.8486,18.5028,149350.2203
340,002411.SZ,20190808,17.39,17.6,17.31,17.5,17.35,0.14999999999999858,0.8646,100480.0,174979.851,17.314,103715.96,17.8192,93223.4362,18.2144,147661.1024,19.309,130267.1433,19.6924,137056.462,18.5305,149122.4549
341,002411.SZ,20190807,17.3,17.58,17.11,17.35,17.25,0.10000000000000142,0.5797,115336.02,200012.099,17.278,103632.36,17.9192,99225.59,18.2012,147368.7253,19.3225,130093.8075,19.6985,136489.5507,18.556,149713.4915
342,002411.SZ,20190806,17.1,17.45,16.81,17.25,17.18,0.07000000000000028,0.4075,126685.41,216812.8,17.406,91006.956,18.0923,99552.0254,18.1944,147068.3426,19.3356,130004.3674,19.7176,135831.953,18.5847,150452.2073
343,002411.SZ,20190805,17.33,17.46,17.14,17.18,17.29,-0.10999999999999943,-0.6362,63236.3,108923.682,17.582,84222.414,18.2962,107436.9638,18.1941,146624.84,19.3521,130136.1438,19.7509,135386.2878,18.6184,150653.8952
344,002411.SZ,20190802,17.18,17.51,16.93,17.29,17.32,-0.030000000000001137,-0.1732,112842.07,194564.854,17.756,86583.826,18.5131,118435.0177,18.1885,147280.7903,19.3792,130327.6067,19.7997,135036.3275,18.6505,151511.8159
345,002411.SZ,20190801,18.0,18.08,17.32,17.32,17.99,-0.6699999999999982,-3.7243,100062.0,177138.536,17.932,76830.352,18.7354,129345.0246,18.1876,146104.1518,19.4049,131098.5316,19.8645,134419.5874,18.6795,150921.9793
346,002411.SZ,20190731,18.1,18.29,17.93,17.99,18.13,-0.14000000000000057,-0.7722,52209.0,94132.815,18.16,74102.654,18.9277,138049.3846,18.1859,145739.2029,19.4391,130831.4205,19.9477,134291.1461,18.7085,150217.8943
347,002411.SZ,20190730,18.13,18.45,18.05,18.13,18.05,0.0799999999999983,0.4432,92762.7,168560.618,18.254,86197.454,19.05,154352.0523,18.1682,148129.7029,19.4692,130887.974,20.028,134262.3029,18.7268,150420.2204
348,002411.SZ,20190729,18.01,18.29,17.99,18.05,18.17,-0.120000000000001,-0.6604,75043.36,135979.014,18.328,89658.234,19.0815,157880.8892,18.1426,148860.5297,19.5006,130724.5715,20.1114,133977.964,18.7475,150198.7148
349,002411.SZ,20190726,18.48,18.48,18.14,18.17,18.46,-0.28999999999999915,-1.571,64074.7,116924.933,18.478,110351.162,19.1115,164861.1462,18.1274,151406.3618,19.5294,130733.5274,20.1952,133614.6588,18.7641,150234.2435
350,002411.SZ,20190725,18.45,18.51,18.15,18.46,18.46,0.0,0.0,86423.51,158284.745,18.764,121452.158,19.1454,176197.4777,18.1059,153580.5909,19.5588,130865.5108,20.2811,133384.607,18.7825,150452.304
351,002411.SZ,20190724,18.55,18.76,18.34,18.46,18.5,-0.03999999999999915,-0.2162,112683.0,208234.873,19.052,150005.378,19.1162,182805.33,18.0735,154068.87,19.5884,130972.9809,20.3657,132981.1839,18.8009,150814.5841
352,002411.SZ,20190723,18.8,18.98,18.34,18.5,18.8,-0.3000000000000007,-1.5957,110066.6,204610.885,19.36,168710.978,19.1,189373.6385,18.0485,156411.0818,19.6185,131287.4946,20.451,132502.4692,18.8176,151120.5163
353,002411.SZ,20190722,19.55,19.59,18.19,18.8,19.6,-0.8000000000000007,-4.0816,178508.0,336329.138,19.696,197632.09,19.0769,198026.3831,18.0162,159825.7012,19.6581,131808.6913,20.5351,131982.2903,18.8389,151505.6817
354,002411.SZ,20190719,19.9,20.09,19.35,19.6,19.9,-0.29999999999999716,-1.5075,119579.68,235366.659,19.9,204574.226,19.0392,200430.3954,17.9894,157319.0053,19.6803,131161.7546,20.6184,131156.0477,18.8623,151541.8101
355,002411.SZ,20190718,20.03,20.62,19.9,19.9,20.0,-0.10000000000000142,-0.5,229189.61,463221.985,19.896,233487.026,18.9262,204443.93,17.9512,157090.9144,19.7012,130945.2706,20.7021,130615.635,18.8717,151867.3031
356,002411.SZ,20190717,20.08,20.5,19.75,20.0,20.18,-0.17999999999999972,-0.892,206211.0,412769.622,19.624,215376.62,18.8015,205501.4231,17.9129,152521.7441,19.7203,129995.7744,20.7854,129595.5547,18.8771,151012.4084
357,002411.SZ,20190716,20.0,20.5,19.85,20.18,19.82,0.35999999999999943,1.8163,254672.16,511163.1,19.312,207291.76,18.6015,204479.0946,17.8806,147966.7168,19.7384,129338.8918,20.8656,128631.9427,18.8885,151269.8
358,002411.SZ,20190715,19.59,20.11,19.32,19.82,19.58,0.240000000000002,1.2257,213218.68,421306.28,18.998,198646.73,18.3638,197489.8823,17.8459,143132.9432,19.7646,128187.8889,20.9447,127491.7723,18.8865,149394.2232
359,002411.SZ,20190712,18.52,20.38,18.38,19.58,18.54,1.0399999999999991,5.6095,264143.68,501932.016,18.65,190468.112,18.13,189165.2677,17.8224,139286.8565,19.7972,127623.8553,21.0185,126435.8809,18.8888,148576.8809
360,002411.SZ,20190711,18.5,18.81,18.32,18.54,18.44,0.09999999999999787,0.5423,138637.58,257486.05,18.384,177253.578,17.9146,173481.1938,17.8076,133966.0918,19.8376,127400.4022,21.0922,124990.155,18.888,145867.7567
361,002411.SZ,20190710,18.59,19.1,18.35,18.44,18.61,-0.16999999999999815,-0.9135,165786.7,308746.331,18.316,194036.518,17.7862,169570.1862,17.8262,132242.1976,19.8785,128417.4265,21.1729,124343.2746,18.9044,145279.4308
362,002411.SZ,20190709,18.14,18.8,18.02,18.61,18.08,0.5300000000000011,2.9314,211447.01,388287.08,18.29,202831.21,17.6792,163781.9154,17.8485,131515.5521,19.9047,128334.839,21.2551,123594.3871,18.9245,144832.8349
363,002411.SZ,20190708,18.25,18.33,18.0,18.08,18.25,-0.1700000000000017,-0.9315,172325.59,312497.355,18.194,194892.934,17.5646,155603.1462,17.87,129251.2941,19.9157,128938.0123,21.3337,122484.7894,18.9511,143016.9149
364,002411.SZ,20190705,18.2,18.5,18.02,18.25,18.2,0.05000000000000071,0.2747,198071.01,360878.325,18.234,209015.22,17.5,150932.4331,17.9024,128685.0376,19.9176,131155.1948,21.4154,121689.5201,18.9861,142361.5172
365,002411.SZ,20190704,18.39,19.0,18.2,18.2,18.31,-0.10999999999999943,-0.6008,222552.28,412043.227,18.064,207985.164,17.4031,142276.0946,17.9497,128285.5509,19.9067,136103.1021,21.4957,120755.2351,19.0161,141663.0968
366,002411.SZ,20190703,18.19,18.51,17.88,18.31,18.13,0.17999999999999972,0.9928,209760.16,381124.439,17.842,196237.188,17.3308,130759.4854,18.0079,128610.48,19.909,134590.0446,21.5793,119588.5641,19.0521,140049.5524
367,002411.SZ,20190702,18.32,18.58,18.04,18.13,18.28,-0.15000000000000213,-0.8206,171755.63,312274.116,17.536,175284.894,17.25,121366.6838,18.0579,129856.5162,19.9248,133162.5574,21.6614,118491.3901,19.1013,139238.2789
368,002411.SZ,20190701,17.52,18.5,17.44,18.28,17.4,0.8800000000000026,5.0575,242937.02,438263.213,17.266,152983.912,17.1931,118422.8662,18.1012,128875.9147,19.9578,132326.5322,21.7465,117705.746,19.1609,139706.6172
369,002411.SZ,20190628,17.1,17.43,17.0,17.4,17.09,0.3099999999999987,1.8139,192920.73,332138.539,16.984,121955.404,17.1146,108782.3885,18.1441,126347.3553,20.0074,130667.8931,21.8308,116428.8562,19.2209,138396.262
370,002411.SZ,20190627,16.77,17.3,16.7,17.09,16.78,0.3099999999999987,1.8474,163812.4,277170.35,16.914,101479.094,17.1246,106373.2285,18.2179,127717.0629,20.0826,129387.9783,21.9218,115570.3392,19.2889,138088.1485
371,002411.SZ,20190626,16.78,16.83,16.65,16.78,16.78,0.0,0.0,104998.69,175800.71,16.92,89741.216,17.1515,104387.5431,18.2915,126799.3706,20.1818,128794.5271,22.0104,114877.2424,19.3697,139269.7564
372,002411.SZ,20190625,16.85,16.95,16.67,16.78,16.87,-0.08999999999999986,-0.5335,60250.72,100947.0,17.012,91062.742,17.1962,104235.7208,18.3903,129635.6188,20.2845,128394.0813,22.1015,114496.8864,19.4541,141516.8139
373,002411.SZ,20190624,17.04,17.08,16.64,16.87,17.05,-0.17999999999999972,-1.0557,87794.48,147813.932,17.054,96120.32,17.26,114394.7577,18.4909,133187.98,20.3918,128286.1557,22.1873,114334.622,19.5316,145021.0827
374,002411.SZ,20190621,17.12,17.23,17.0,17.05,17.12,-0.07000000000000028,-0.4089,90539.18,154494.334,17.132,93128.696,17.3008,125038.5408,18.5829,137508.4071,20.4983,127771.2272,22.2647,114182.5463,19.6036,148581.4525
375,002411.SZ,20190620,17.27,17.45,17.03,17.12,17.24,-0.11999999999999744,-0.6961,105123.01,180055.843,17.174,92551.608,17.3654,125249.3992,18.6788,143649.0771,20.6069,127317.4548,22.335,114006.9599,19.6543,150054.7809
376,002411.SZ,20190619,17.03,17.8,16.99,17.24,16.99,0.25,1.4715,111606.32,191733.231,17.228,98224.206,17.4562,125764.9054,18.7915,153789.3338,20.7155,126714.1353,22.3984,113660.683,19.6939,150019.4165
377,002411.SZ,20190618,17.24,17.31,16.77,16.99,17.26,-0.2700000000000031,-1.5643,85538.61,146017.627,17.232,99425.104,17.5608,122859.6362,18.8815,159960.7371,20.8241,126159.7873,22.458,113290.6729,19.7357,150338.6603
378,002411.SZ,20190617,17.24,17.37,17.14,17.26,17.26,0.0,0.0,72836.36,125395.005,17.34,114637.712,17.7077,120228.9792,18.9406,160765.4,20.9332,125719.6328,22.5183,113032.7348,19.7856,151458.0929
379,002411.SZ,20190614,17.34,17.34,17.18,17.26,17.39,-0.129999999999999,-0.7476,87653.74,151269.701,17.376,127670.138,17.8415,121574.1715,19.0021,162012.2129,21.0417,125483.7762,22.5715,112788.0454,19.8321,152822.3391
380,002411.SZ,20190613,17.32,17.48,17.1,17.39,17.26,0.129999999999999,0.7532,133486.0,230288.459,17.396,130744.39,17.9769,121174.0169,19.0644,162604.8182,21.1562,125071.2497,22.6251,112448.2209,19.8667,152545.2953
381,002411.SZ,20190612,17.44,17.53,17.24,17.26,17.53,-0.2699999999999996,-1.5402,117610.81,203954.534,17.44,142510.83,18.1069,117308.7615,19.1232,161085.9829,21.2714,124538.6806,22.6777,112072.8707,19.9,151835.6699
382,002411.SZ,20190611,17.44,17.66,17.24,17.53,17.44,0.08999999999999986,0.5161,161601.65,282036.399,17.468,164221.4,18.2538,114417.5592,19.1865,161885.8926,21.3845,124023.0539,22.73,111567.1949,19.9395,151256.5848
383,002411.SZ,20190610,17.26,17.66,17.19,17.44,17.36,0.08000000000000185,0.4608,137998.49,239651.943,17.54,150557.138,18.3823,112839.0285,19.2444,162154.6591,21.4958,123331.2603,22.7817,110808.3014,19.9799,150500.3895
384,002411.SZ,20190606,17.63,17.7,17.23,17.36,17.61,-0.25,-1.4196,103025.0,179372.308,17.712,145322.358,18.5285,112567.0092,19.3132,162266.8212,21.5989,122614.4168,22.8325,110146.2399,20.026,150410.0047
385,002411.SZ,20190605,17.49,17.75,17.11,17.61,17.4,0.21000000000000085,1.2069,192318.2,334181.014,17.96,139484.922,18.6685,116416.8454,19.3788,162989.0374,21.7008,122036.5765,22.8836,109789.3189,20.0612,150118.3361
386,002411.SZ,20190604,17.89,17.9,16.4,17.4,17.89,-0.490000000000002,-2.739,226163.66,387097.774,18.218,111289.296,18.8415,115814.5577,19.4332,159350.3941,21.802,120904.6084,22.9308,108704.0959,20.0929,148751.2516
387,002411.SZ,20190603,18.3,18.4,17.85,17.89,18.3,-0.41000000000000014,-2.2404,93280.34,168469.122,18.538,84121.336,19.0554,116386.5738,19.495,154088.3929,21.9057,119606.4213,22.9812,107410.8786,20.1327,147189.4153
388,002411.SZ,20190531,18.5,18.7,18.27,18.3,18.6,-0.3000000000000007,-1.6129,111824.59,206740.19,18.764,81955.614,19.2185,128605.4238,19.5382,153326.72,22.0029,119124.787,23.029,106940.6317,20.1532,146423.9577
389,002411.SZ,20190530,18.82,18.92,18.5,18.6,18.9,-0.29999999999999716,-1.5873,73837.82,137872.131,18.92,76238.232,19.3185,130650.8538,19.5788,152277.4609,22.0973,118611.5959,23.074,106343.3264,20.1675,145437.226
390,002411.SZ,20190529,18.94,18.98,18.82,18.9,19.0,-0.10000000000000142,-0.5263,51340.07,96950.471,19.034,77475.704,19.4062,137045.3292,19.5994,152391.29,22.1891,118377.8392,23.1173,106064.7383,20.1757,144886.9084
391,002411.SZ,20190528,18.95,19.07,18.85,19.0,19.02,-0.019999999999999574,-0.1052,90323.86,171081.432,19.094,95423.84,19.4838,151518.4615,19.6185,153246.8538,22.2824,118197.5948,23.1589,105925.5736,20.1791,144807.1679
392,002411.SZ,20190527,19.06,19.1,18.71,19.02,19.08,-0.05999999999999872,-0.3145,82451.73,155982.999,19.162,104251.516,19.5292,154771.3077,19.6432,153931.285,22.374,117739.358,23.1998,105666.8427,20.1815,144145.5632
393,002411.SZ,20190524,19.05,19.15,18.8,19.08,19.17,-0.09000000000000341,-0.4695,83237.68,157747.747,19.194,118375.744,19.6154,163923.5692,19.6635,155495.2903,22.4676,117437.4833,23.2396,105277.4064,20.1835,143549.3801
394,002411.SZ,20190523,19.1,19.23,18.98,19.17,19.2,-0.029999999999997584,-0.1562,80025.18,152366.973,19.35,138625.9,19.7015,171446.1323,19.6935,157134.0059,22.561,117047.9344,23.2785,104823.7793,20.1851,143193.4465
395,002411.SZ,20190522,19.14,19.43,19.0,19.2,19.34,-0.14000000000000057,-0.7239,141080.75,270616.954,19.552,169340.838,19.7654,183343.3492,19.7341,160110.2544,22.6555,116824.3662,23.3166,104445.5986,20.1867,142634.6349
396,002411.SZ,20190521,19.23,19.48,18.99,19.34,19.18,0.16000000000000014,0.8342,134462.24,258482.766,19.714,191549.766,19.8508,195515.75,19.7668,160195.8691,22.7448,116168.7988,23.3558,103668.9649,20.1881,141280.5983
397,002411.SZ,20190520,19.48,19.98,19.15,19.18,19.86,-0.6799999999999997,-3.424,153072.87,298202.475,19.766,192340.354,19.9746,219779.5577,19.795,161096.1712,22.8339,115517.8008,23.3956,102966.7889,20.1883,140073.7684
398,002411.SZ,20190517,20.17,20.47,19.67,19.86,20.18,-0.3200000000000003,-1.5857,184488.46,369776.158,19.878,193118.98,20.0608,232730.4162,19.8444,163226.8329,22.918,114682.7672,23.4358,102181.8654,20.1928,138793.9967
399,002411.SZ,20190516,20.0,20.51,19.8,20.18,20.01,0.16999999999999815,0.8496,233599.87,469275.633,19.888,204119.446,19.9946,227223.3923,19.8494,161153.7576,22.988,113832.8035,23.4729,101481.9544,20.1879,136791.6479
400,002411.SZ,20190515,19.5,20.08,19.5,20.01,19.6,0.41000000000000014,2.0918,252125.39,498763.69,19.77,183921.644,19.9308,218117.8638,19.8438,158751.35,23.0489,112633.2564,23.5062,100639.4563,20.1797,134299.5296
401,002411.SZ,20190514,19.54,19.77,19.42,19.6,19.74,-0.13999999999999702,-0.7092,138415.18,271427.614,19.796,173782.792,19.8823,207016.0892,19.8294,153128.8197,23.1032,111206.012,23.5431,100013.3339,20.1783,131853.2177
402,002411.SZ,20190513,19.74,19.94,19.51,19.74,19.91,-0.1700000000000017,-0.8538,156966.0,310427.396,19.916,182305.956,19.8662,202664.5831,19.8344,151837.5832,23.1568,110585.5915,23.5787,99329.2619,20.182,131399.5831
403,002411.SZ,20190510,19.6,20.0,19.27,19.91,19.59,0.3200000000000003,1.6335,239490.79,472586.966,19.968,197850.556,19.8408,201729.3323,19.8406,151111.8776,23.2084,109786.8489,23.614,98798.9714,20.1736,130121.3725
404,002411.SZ,20190509,19.9,20.26,19.5,19.59,20.14,-0.5500000000000007,-2.7309,132610.86,263736.75,20.048,209816.79,19.8092,196440.7877,19.8609,146281.3547,23.2525,108342.3563,23.6469,97497.6805,20.1659,127409.1087
405,002411.SZ,20190508,19.91,20.48,19.83,20.14,20.2,-0.05999999999999872,-0.297,201431.13,405124.492,20.32,273272.966,19.8238,197148.5677,19.8938,146003.7047,23.2991,107631.3323,23.6852,97064.2238,20.162,126280.5145
406,002411.SZ,20190507,20.0,20.38,19.81,20.2,20.0,0.1999999999999993,1.0,181031.0,362745.935,20.352,297273.546,19.7815,191467.7385,19.9044,144364.2444,23.3418,106718.9759,23.7224,96080.7598,20.1488,124214.3648
407,002411.SZ,20190506,19.84,21.02,19.3,20.0,20.31,-0.3099999999999987,-1.5263,234689.0,470040.447,20.112,283646.776,19.7246,182819.5331,19.925,142026.1694,23.3827,105685.0912,23.7599,95368.7984,20.1376,122349.1873
408,002411.SZ,20190430,20.77,22.02,20.03,20.31,20.95,-0.6400000000000006,-3.0549,299321.96,625928.834,19.982,259754.576,19.6862,168401.5808,19.9838,139503.3944,23.4263,104286.8942,23.7938,94002.4434,20.1316,120045.8336
409,002411.SZ,20190429,20.12,21.9,19.75,20.95,20.3,0.6499999999999986,3.202,449891.74,931878.619,19.796,221450.648,19.6131,150560.1577,20.0512,136784.5426,23.4659,102389.5897,23.8275,92306.6146,20.1211,116845.1115
410,002411.SZ,20190426,18.94,20.9,18.9,20.3,19.0,1.3000000000000007,6.8421,321434.03,631924.025,19.484,147841.42,19.5154,121810.7762,20.105,127807.1497,23.501,99561.9065,23.8579,89864.9502,20.1009,111853.4835
411,002411.SZ,20190425,19.33,19.49,18.85,19.0,19.35,-0.3500000000000014,-1.8088,112897.15,217089.163,19.306,112516.162,19.4385,103062.6208,20.1697,123347.6847,23.5377,97391.6389,23.8925,88215.637,20.0868,108933.7849
412,002411.SZ,20190424,19.38,19.54,19.22,19.35,19.38,-0.029999999999997584,-0.1548,115228.0,222756.318,19.406,124084.674,19.4808,100565.0892,20.2918,127451.68,23.5858,96660.4778,23.9323,87653.7486,20.0951,109370.6392
413,002411.SZ,20190423,19.4,19.65,19.19,19.38,19.39,-0.010000000000001563,-0.0516,107802.32,208490.701,19.492,129401.474,19.5185,100439.4369,20.4024,132107.5624,23.6317,95956.1765,23.9698,87063.909,20.1181,109045.0252
414,002411.SZ,20190422,19.39,19.59,19.22,19.39,19.41,-0.019999999999999574,-0.103,81845.6,158353.757,19.534,133357.08,19.5438,102579.8669,20.4968,138438.9906,23.677,95283.1048,24.007,86746.0615,20.1396,110592.3977
415,002411.SZ,20190419,19.37,19.6,19.2,19.41,19.5,-0.08999999999999986,-0.4615,144807.74,280595.326,19.548,130708.826,19.5985,106972.8215,20.5815,146467.7147,23.7224,94900.5411,24.0442,86308.555,20.1777,110322.4297
416,002411.SZ,20190418,19.68,19.72,19.34,19.5,19.78,-0.28000000000000114,-1.4156,170739.71,332970.381,19.566,111198.402,19.6862,109773.5823,20.6238,148121.5697,23.7677,94088.1347,24.0832,85486.8228,20.2167,109196.3625
417,002411.SZ,20190417,19.5,19.85,19.46,19.78,19.59,0.19000000000000128,0.9699,141812.0,279347.293,19.538,90527.152,19.7485,107716.0392,20.6412,146113.6571,23.8122,93226.0419,24.1223,84553.7608,20.2587,107842.9364
418,002411.SZ,20190416,19.4,19.67,19.27,19.59,19.46,0.129999999999999,0.668,127580.35,248127.238,19.518,77394.708,19.7885,109505.3092,20.6588,145929.4688,23.8536,92356.7711,24.1589,83853.7046,20.2909,106969.8831
419,002411.SZ,20190415,19.68,20.0,19.44,19.46,19.5,-0.03999999999999915,-0.2051,68604.33,134979.13,19.46,67420.24,19.8862,117038.7723,20.6924,147162.2838,23.8958,91516.454,24.1915,83158.0644,20.3284,106376.5492
420,002411.SZ,20190412,19.35,19.63,19.23,19.5,19.36,0.14000000000000057,0.7231,47255.62,91722.793,19.478,69785.222,19.93,120531.0469,20.7303,150296.1218,23.9385,91151.9285,24.2249,83015.426,20.3719,106820.4809
421,002411.SZ,20190411,19.69,19.82,19.3,19.36,19.68,-0.3200000000000003,-1.626,67383.46,131562.079,19.546,83053.002,19.9677,128582.0,20.7406,150873.1759,23.9824,90892.0259,24.254,83030.2238,20.4157,108296.7123
422,002411.SZ,20190410,19.26,19.73,19.19,19.68,19.3,0.379999999999999,1.9689,76149.78,148785.113,19.616,96701.892,19.98,128087.8385,20.7562,151252.0179,24.0289,90533.7692,24.2814,82810.1797,20.4803,109866.5184
423,002411.SZ,20190409,19.4,19.6,19.24,19.3,19.55,-0.25,-1.2788,77708.01,150463.662,19.7,109262.738,19.9869,129500.4046,20.7721,151194.0665,24.0727,90146.7624,24.3122,82547.1547,20.5112,109989.1763
424,002411.SZ,20190408,19.77,19.97,19.5,19.55,19.84,-0.28999999999999915,-1.4617,80429.24,158364.738,19.95,129964.662,20.0369,133699.1738,20.8091,151993.4485,24.12,90066.87,24.3466,82270.1487,20.5555,110131.8159
425,002411.SZ,20190404,19.74,20.07,19.54,19.84,19.71,0.129999999999999,0.6596,113594.52,225193.654,20.102,142677.144,20.1177,133301.0023,20.8488,153487.2835,24.1635,90141.7898,24.3807,81854.931,20.5968,110292.2548
426,002411.SZ,20190403,19.9,19.9,19.41,19.71,20.1,-0.39000000000000057,-1.9403,135627.91,266202.19,20.194,152972.742,20.1846,134037.6362,20.8535,152533.0288,24.208,90368.9855,24.413,81304.101,20.6336,110265.9267
427,002411.SZ,20190402,20.5,20.74,20.0,20.1,20.55,-0.4499999999999993,-2.1898,138954.01,281760.374,20.424,170950.234,20.2454,134811.6031,20.8618,151184.7626,24.249,89585.507,24.4478,80582.008,20.6901,109643.2577
428,002411.SZ,20190401,20.31,20.81,20.06,20.55,20.31,0.240000000000002,1.1817,181217.63,369892.465,20.41,165960.212,20.3069,131933.3292,20.87,150304.5253,24.2879,89088.2354,24.4806,79857.0494,20.7491,109550.5088
429,002411.SZ,20190329,20.4,20.58,19.7,20.31,20.3,0.00999999999999801,0.0493,143991.65,290089.016,20.298,160100.288,20.4185,129448.4846,20.8371,146029.625,24.3221,87965.7008,24.5115,78961.3593,20.8137,110227.1596
430,002411.SZ,20190328,20.87,21.1,20.26,20.3,20.86,-0.5599999999999987,-2.6846,165072.51,340783.917,20.14,143493.83,20.5946,134286.1269,20.8094,142906.9209,24.362,87377.9579,24.5465,78360.0538,20.8687,112108.4587
431,002411.SZ,20190327,20.2,20.86,19.95,20.86,20.03,0.8299999999999983,4.1438,225515.37,460936.104,20.034,129381.956,20.7854,132715.9631,20.7776,139009.6118,24.4046,86476.244,24.5814,77769.5775,20.8941,111959.4131
432,002411.SZ,20190326,19.6,20.3,19.59,20.03,19.99,0.0400000000000027,0.2001,114003.9,227806.542,19.852,110737.284,20.9115,128431.1054,20.7274,133710.9106,24.444,85331.759,24.6122,76642.8204,20.8852,112929.9277
433,002411.SZ,20190325,19.45,20.4,19.01,19.99,19.52,0.46999999999999886,2.4078,151918.01,302032.573,19.966,102987.106,21.1515,139079.4969,20.7024,131555.0168,24.4836,84566.2805,24.6493,76046.4482,20.8628,117964.5407
434,002411.SZ,20190322,19.89,19.94,19.41,19.52,19.77,-0.25,-1.2645,60959.36,119307.692,20.11,97237.656,21.3915,148434.1115,20.6782,128196.7812,24.5254,83599.6756,24.6869,75192.655,20.8187,128079.896
435,002411.SZ,20190321,19.78,20.0,19.58,19.77,19.95,-0.17999999999999972,-0.9023,94513.14,186660.011,20.306,114183.68,21.6277,168596.5362,20.6688,128066.8782,24.571,83435.0303,24.7281,74867.7331,20.8055,127329.3979
436,002411.SZ,20190320,20.52,20.52,19.65,19.95,20.6,-0.6500000000000021,-3.1553,132292.01,263173.767,20.532,115588.342,21.82,188620.3115,20.6547,126408.0891,24.6153,83075.2176,24.768,74451.0825,20.8164,126125.2493
437,002411.SZ,20190319,20.72,20.89,20.5,20.6,20.71,-0.10999999999999943,-0.5311,75253.01,155269.491,20.942,118912.87,21.8892,193908.5269,20.6359,123679.7359,24.6554,82281.0926,24.8067,73737.0588,20.8555,125046.2625
438,002411.SZ,20190318,20.42,21.03,20.11,20.71,20.5,0.21000000000000085,1.0244,123170.76,254696.879,21.342,145238.468,21.85,196002.1938,20.5991,122759.0591,24.6907,81866.4544,24.8416,73336.8938,20.9197,124097.4624
439,002411.SZ,20190315,20.8,21.52,20.0,20.5,20.9,-0.3999999999999986,-1.9139,145689.48,299128.669,21.756,149536.392,21.8246,196954.4123,20.5641,120815.5071,24.7252,81386.6997,24.8758,72674.4599,21.0201,122570.0256
440,002411.SZ,20190314,21.77,21.95,20.61,20.9,22.0,-1.1000000000000014,-5.0,101536.45,213888.291,22.156,154360.94,21.8423,198785.6877,20.5344,117539.7076,24.7611,80429.8769,24.9109,71855.4757,21.1651,121672.2381
441,002411.SZ,20190313,22.58,22.98,21.73,22.0,22.6,-0.6000000000000014,-2.6549,148914.65,331526.495,22.606,184540.248,21.8308,204448.6392,20.4953,115926.6062,24.7965,79765.978,24.9436,71326.9815,21.3073,120949.5455
442,002411.SZ,20190312,22.8,23.29,22.53,22.6,22.78,-0.17999999999999972,-0.7902,206881.0,473873.986,22.828,209462.918,21.6654,198137.9323,20.4335,113565.94,24.8251,78822.489,24.9692,70514.2421,21.4437,119560.1425
443,002411.SZ,20190311,22.3,22.88,22.21,22.78,22.5,0.28000000000000114,1.2444,144660.38,327950.122,22.826,232700.894,21.4569,188398.17,20.3535,110551.5747,24.8484,77549.0272,24.991,69396.597,21.5718,116983.6596
444,002411.SZ,20190308,22.72,22.98,22.0,22.5,23.15,-0.6499999999999986,-2.8078,169812.22,382994.258,22.724,274733.262,21.26,182976.5585,20.2456,108093.9226,24.8645,76614.0048,25.0111,68611.7028,21.7039,115390.8005
445,002411.SZ,20190307,22.88,23.52,22.6,23.15,23.11,0.03999999999999915,0.1731,252432.99,579042.44,22.394,280978.58,21.1108,177982.3108,20.1524,104160.3574,24.8827,75743.7703,25.0332,67680.4177,21.8407,113369.9043
446,002411.SZ,20190306,22.59,23.26,22.36,23.11,22.59,0.5199999999999996,2.3019,273528.0,624033.283,21.782,250986.118,20.9377,168658.2062,20.0391,98146.6312,24.8914,74336.2943,25.053,66259.3748,21.9704,110427.8672
447,002411.SZ,20190305,21.99,23.29,21.59,22.59,22.27,0.3200000000000003,1.4369,323070.88,722747.399,21.236,223390.438,20.6985,153859.8877,19.9226,91468.4518,24.8976,72646.4888,25.0739,64743.7616,22.0983,107076.2455
448,002411.SZ,20190304,20.88,22.94,20.57,22.27,20.85,1.4199999999999982,6.8106,354822.22,776963.781,20.864,192675.474,20.4985,135914.9631,19.8276,83176.4462,24.9135,70623.0698,25.098,62963.8788,22.2355,103286.9404
449,002411.SZ,20190301,20.14,21.07,19.95,20.85,20.09,0.7600000000000016,3.783,201038.81,411774.869,20.56,156741.994,20.3531,117007.5569,19.7476,74562.1888,24.9332,68373.5683,25.1241,60973.1467,22.3886,98932.6432
450,002411.SZ,20190228,20.35,20.74,20.0,20.09,20.38,-0.28999999999999915,-1.423,102470.68,207402.373,20.36,129909.324,20.2438,104302.3423,19.7085,70392.4532,24.9642,67048.6977,25.1576,59861.0588,22.5636,97009.4063
451,002411.SZ,20190227,20.51,20.98,20.2,20.38,20.73,-0.3500000000000014,-1.6884,135549.6,278771.548,20.32,125468.006,20.1885,99329.1908,19.6894,69599.7756,25.0004,66479.4864,25.1954,59324.0475,22.7431,96221.2715
452,002411.SZ,20190226,20.6,21.05,20.2,20.73,20.75,-0.019999999999999574,-0.0964,169496.06,350813.69,20.288,113193.972,20.0992,91407.2215,19.6559,68626.4532,25.0366,65632.5739,25.2313,58638.5177,22.9188,95240.3884
453,002411.SZ,20190225,19.85,21.3,19.75,20.75,19.85,0.8999999999999986,4.534,175154.82,356606.137,20.254,100272.16,19.9777,81858.2577,19.6232,67925.4285,25.0708,64569.6568,25.2654,57751.5989,23.0728,93444.0813
454,002411.SZ,20190222,19.79,19.9,19.47,19.85,19.89,-0.03999999999999915,-0.2011,66875.46,131208.232,20.284,91485.122,19.8569,71515.8492,19.6329,65444.6088,25.1056,63560.5678,25.299,56828.2472,23.2233,91372.8971
455,002411.SZ,20190221,20.11,20.66,19.67,19.89,20.22,-0.3299999999999983,-1.632,80264.09,160182.137,20.314,94340.002,19.8046,69274.5062,19.6665,70061.6618,25.1498,63390.3981,,,23.3877,90872.0881
456,002411.SZ,20190220,20.44,20.89,20.06,20.22,20.56,-0.33999999999999986,-1.6537,74179.43,151410.099,20.334,96244.556,19.7515,67449.7808,19.7359,69512.6591,25.1937,63286.3558,,,23.5536,90324.8965
457,002411.SZ,20190219,20.49,21.0,20.4,20.56,20.9,-0.33999999999999986,-1.6268,104887.0,216451.939,20.366,103213.858,19.68,64675.5408,19.7979,69105.9906,25.2342,63014.9252,,,23.7092,89654.8375
458,002411.SZ,20190218,19.97,21.1,19.75,20.9,20.0,0.8999999999999986,4.5,131219.63,266918.237,20.14,89410.662,19.5838,59647.9254,19.8594,68057.3362,25.2741,62378.328,,,23.8603,88762.0117
459,002411.SZ,20190215,20.01,20.23,19.55,20.0,19.99,0.010000000000001563,0.05,81149.86,160890.633,19.834,70730.678,19.4646,52934.8769,19.8976,66443.0235,25.312,61520.0456,,,24.006,87548.1081
460,002411.SZ,20190214,20.22,20.68,19.99,19.99,20.38,-0.39000000000000057,-1.9136,89786.86,181476.654,19.678,61013.506,19.4277,51084.1177,19.9682,66499.8015,25.357,60998.5018,,,24.1703,86804.5749
461,002411.SZ,20190213,19.25,20.65,19.25,20.38,19.43,0.9499999999999993,4.8893,109025.94,216549.343,19.51,52128.04,19.3892,46816.8438,20.0485,66856.0471,25.4022,60542.3374,,,24.333,85931.9203
462,002411.SZ,20190212,19.44,19.45,19.11,19.43,19.37,0.05999999999999872,0.3098,35871.02,69387.333,19.27,38463.554,19.3269,42021.8485,20.1194,68295.6656,25.4447,59865.9212,,,24.4946,84997.998
463,002411.SZ,20190211,19.3,19.64,19.19,19.37,19.22,0.15000000000000213,0.7804,37819.71,73100.408,19.218,38836.95,19.3631,44543.4623,20.2597,72685.3097,25.4938,59669.7692,,,24.6692,84881.6197
464,002411.SZ,20190201,19.2,19.45,19.12,19.22,19.15,0.07000000000000028,0.3655,32564.0,62613.724,19.184,42581.54,19.4023,49664.4523,20.3371,74083.2335,25.5431,59485.045,,,24.848,85015.1083
465,002411.SZ,20190131,19.01,19.25,18.75,19.15,19.18,-0.030000000000001137,-0.1564,45359.53,86477.304,19.198,43691.602,19.3938,51859.5454,20.4371,75725.6447,25.5933,59309.4697,,,25.0193,85203.3089
466,002411.SZ,20190130,19.1,19.29,19.04,19.18,19.17,0.00999999999999801,0.0522,40703.51,78018.035,19.23,42525.296,19.4077,51145.0431,20.54,77111.0162,25.6438,59079.3405,,,25.1929,85141.4288
467,002411.SZ,20190129,19.18,19.52,19.0,19.17,19.2,-0.029999999999997584,-0.1562,37738.0,72583.82,19.264,43174.594,19.4169,51703.7192,20.6406,79196.7926,25.6934,58876.9668,,,25.3543,85036.4225
468,002411.SZ,20190128,19.05,19.47,19.02,19.2,19.29,-0.08999999999999986,-0.4666,56542.66,108804.247,19.334,47044.992,19.4154,52375.4038,20.7812,80702.3732,25.7429,58739.8902,,,25.498,85361.1651
469,002411.SZ,20190125,19.21,19.35,18.56,19.29,19.31,-0.019999999999999574,-0.1036,38114.31,72741.448,19.392,42598.92,19.4277,51190.7908,20.9376,82921.6432,25.7913,58430.6583,,,25.6279,85418.7973
470,002411.SZ,20190124,19.35,19.48,19.0,19.31,19.35,-0.0400000000000027,-0.2067,39528.0,76025.828,19.448,44314.258,19.4477,53023.3415,21.1174,88623.1765,25.8395,58252.2606,,,25.7418,85531.9692
471,002411.SZ,20190123,19.33,19.67,19.28,19.35,19.52,-0.16999999999999815,-0.8709,43950.0,85620.256,19.566,50139.058,19.4638,54541.7877,21.2679,95845.5612,25.8894,58063.0157,,,25.8484,85659.2575
472,002411.SZ,20190122,19.47,19.83,19.4,19.52,19.49,0.030000000000001137,0.1539,57089.99,111792.547,19.672,62227.574,19.4708,56970.2215,21.3521,99079.2109,25.9401,57878.5669,,,25.9529,85632.5517
473,002411.SZ,20190121,19.5,19.85,19.31,19.49,19.57,-0.08000000000000185,-0.4088,34312.3,67011.252,19.59,63029.618,19.4492,60459.9638,21.3718,106173.7397,25.9896,57636.7662,,,26.0427,85291.1367
474,002411.SZ,20190118,19.62,20.36,19.5,19.57,19.9,-0.3299999999999983,-1.6583,46691.0,92088.38,19.558,63381.358,19.4592,69025.2654,21.3382,119623.3741,26.0396,57526.1842,,,26.1335,85236.618
475,002411.SZ,20190117,19.58,20.45,19.58,19.9,19.88,0.019999999999999574,0.1006,68652.0,137860.1,19.504,63636.418,19.5754,72418.8,21.2532,145031.57,26.0878,57292.8853,,,26.2231,85548.0955
476,002411.SZ,20190116,19.11,20.72,19.05,19.88,19.11,0.7699999999999996,4.0293,104392.58,208967.149,19.354,59199.998,19.6592,84357.5123,21.2129,143149.8053,26.1335,56897.4947,,,26.3057,85061.4235
477,002411.SZ,20190115,19.32,19.5,19.04,19.11,19.33,-0.21999999999999886,-1.1381,61100.21,117192.981,19.25,46550.02,19.8415,81065.6215,21.2338,140203.0235,26.1791,56309.3176,,,26.3908,84114.1709
478,002411.SZ,20190114,19.36,19.65,19.2,19.33,19.3,0.029999999999997584,0.1554,36071.0,69854.944,19.338,46717.472,20.0892,81008.1208,21.3447,139916.7821,26.2304,56021.1688,,,26.483,83647.6363
479,002411.SZ,20190111,19.26,19.36,19.03,19.3,19.15,0.15000000000000213,0.7833,47966.3,91959.547,19.376,51356.832,20.3446,83559.0246,21.5238,138976.2526,26.2796,55903.3728,,,26.5719,83736.0943
480,002411.SZ,20190110,19.22,19.56,19.0,19.15,19.36,-0.21000000000000085,-1.0847,46469.9,89455.765,19.404,56867.5,20.5677,85741.0785,21.7867,137818.8026,,,,,26.6557,83215.4169
481,002411.SZ,20190109,19.55,19.84,19.25,19.36,19.55,-0.19000000000000128,-0.9719,41142.69,80406.589,19.422,68064.848,20.8177,88557.2638,22.1463,138756.6121,,,,,26.7461,82697.2843
482,002411.SZ,20190108,19.47,20.05,19.4,19.55,19.52,0.030000000000001137,0.1537,61937.47,121631.852,19.474,88968.554,21.0762,93230.8423,22.5053,138938.7241,,,,,26.834,82332.8299
483,002411.SZ,20190107,19.45,19.78,19.2,19.52,19.44,0.0799999999999983,0.4115,59267.8,115436.284,19.78,94742.45,21.3254,100618.1885,22.8781,138432.0171,,,,,26.9188,81652.0636
484,002411.SZ,20190104,19.35,19.58,19.0,19.44,19.24,0.20000000000000284,1.0395,75519.64,146334.435,20.074,127659.942,21.6854,110299.0438,23.2514,137090.1635,,,,,27.0042,81218.5787
485,002411.SZ,20190103,19.13,19.85,18.7,19.24,19.62,-0.38000000000000256,-1.9368,102456.64,197010.906,20.636,124875.614,21.8823,111055.1577,23.6409,135610.055,,,,,27.0908,80582.5997
486,002411.SZ,20190102,20.87,21.0,18.97,19.62,21.08,-1.4599999999999973,-6.926,145661.22,283987.437,21.254,116454.826,22.1423,109974.3377,24.0386,133133.2421,,,,,27.1797,79837.8225
487,002411.SZ,20181228,20.0,21.66,20.0,21.08,20.99,0.08999999999999986,0.4288,90806.95,190850.791,21.86,101169.132,22.3754,105882.1023,24.4286,129783.8006,,,,,27.2614,78117.4996
488,002411.SZ,20181227,22.4,22.52,20.03,20.99,22.25,-1.2600000000000016,-5.6629,223855.26,466805.158,22.084,98274.342,22.4923,107483.0992,24.7704,127764.6659,,,,,27.3224,76994.4028
489,002411.SZ,20181226,22.12,22.51,22.12,22.25,22.33,-0.0799999999999983,-0.3583,61598.0,137237.283,22.366,70119.352,22.72,97104.0592,25.1202,122324.0112,,,,,27.384,74224.5013
490,002411.SZ,20181225,22.64,22.64,22.1,22.33,22.65,-0.3200000000000003,-1.4128,60352.7,134597.981,22.46,78179.594,22.8946,102519.4315,25.4583,121343.1856,,,,,27.4317,73534.2567
491,002411.SZ,20181224,22.25,22.9,22.08,22.65,22.2,0.4499999999999993,2.027,69232.75,156298.129,22.552,97703.648,23.1308,115720.4885,25.8009,121238.5779,,,,,27.4814,72940.1472
492,002411.SZ,20181221,22.31,22.7,22.06,22.2,22.4,-0.1999999999999993,-0.8929,76333.0,170790.557,22.862,120880.882,23.2677,132324.8215,26.1215,120477.6315,,,,,27.5258,72289.3213
493,002411.SZ,20181220,22.9,23.0,22.0,22.4,22.72,-0.3200000000000003,-1.4085,83080.31,186893.787,22.822,122684.106,23.2685,138291.0592,26.4555,120055.5835,,,,,27.5781,72154.2613
494,002411.SZ,20181219,22.93,23.43,22.1,22.72,22.79,-0.07000000000000028,-0.3072,101899.21,233058.807,22.866,123749.24,23.0985,154846.7254,26.7462,118634.7812,,,,,27.6235,72262.7597
495,002411.SZ,20181218,24.2,24.66,22.79,22.79,24.2,-1.4100000000000001,-5.8264,157972.97,375059.068,22.852,121861.83,22.7623,184823.6992,27.0202,116220.5691,,,,,27.6705,72854.9129
496,002411.SZ,20181217,22.06,24.2,22.0,24.2,22.0,2.1999999999999993,10.0,185118.92,434164.649,22.814,112591.218,22.2923,242715.7523,27.2965,112436.505,,,,,27.7082,71052.7001
497,002411.SZ,20181214,22.69,22.99,21.88,22.0,22.62,-0.620000000000001,-2.7409,85349.12,191070.68,22.764,93352.982,21.8562,228835.22,27.5357,108145.4991,,,,,27.7283,69482.4065
498,002411.SZ,20181213,22.59,23.35,22.53,22.62,22.65,-0.029999999999997584,-0.1325,88405.98,201946.231,23.268,102682.726,21.7477,222593.1338,27.8264,106338.9074,,,,,27.7745,68605.3868
499,002411.SZ,20181212,22.8,23.31,21.72,22.65,22.6,0.04999999999999716,0.2212,92462.16,210229.625,23.824,131394.818,21.7677,219744.0585,28.0992,104854.1747,,,,,27.8205,68218.0628
500,002411.SZ,20181211,24.02,24.28,22.5,22.6,23.95,-1.3499999999999979,-5.6367,111619.91,257215.988,24.18,169920.202,21.9808,212946.4308,28.369,103316.3718,,,,,27.8708,67454.91
501,002411.SZ,20181210,24.57,24.82,23.2,23.95,24.52,-0.5700000000000003,-2.3246,88927.74,213489.088,24.102,178375.038,22.4145,205022.8223,28.655,100780.0471,,,,,27.9234,66776.1049
502,002411.SZ,20181207,24.3,25.41,24.3,24.52,25.4,-0.879999999999999,-3.4646,131997.84,329043.696,23.35,220250.284,22.9857,204209.5669,28.8975,98880.3418,,,,,27.9471,65640.7351
503,002411.SZ,20181206,24.9,25.62,21.99,25.4,24.43,0.9699999999999989,3.9705,231966.44,558125.518,22.116,292170.69,23.5277,197697.0023,29.1322,96144.575,,,,,27.9669,64050.4559
504,002411.SZ,20181205,23.0,24.43,22.68,24.43,22.21,2.219999999999999,9.9955,285089.08,680015.466,20.372,427891.334,24.0526,183292.6169,29.3417,90120.3459,,,,,27.976,61454.2427
505,002411.SZ,20181204,20.5,22.21,20.22,22.21,20.19,2.0199999999999996,10.005,153894.09,334916.55,19.192,371807.918,24.6514,162412.2862,29.5874,83142.1774,,,,,27.999,58222.3897
506,002411.SZ,20181203,18.27,20.19,17.88,20.19,18.35,1.8399999999999999,10.0272,298303.97,585981.415,18.868,341869.5,25.4569,152512.4292,29.8772,79988.7938,,,,,28.0459,56409.6419
507,002411.SZ,20181130,15.19,18.35,15.19,18.35,16.68,1.6700000000000017,10.012,491599.87,850576.413,19.406,292482.306,26.4239,130969.4315,30.2297,72412.7512,,,,,28.1191,52639.5237
508,002411.SZ,20181129,16.68,17.07,16.68,16.68,18.53,-1.8500000000000014,-9.9838,910569.66,1519283.102,20.82,194980.932,27.5417,95598.6885,30.6102,58919.4621,,,,,28.2168,46806.0067
509,002411.SZ,20181128,18.53,18.53,18.53,18.53,20.59,-2.0599999999999987,-10.0049,4672.0,8657.216,23.1316,14589.6,28.7742,27259.2046,31.0002,33964.2865,,,,,28.3366,34770.5045
510,002411.SZ,20180921,20.59,20.59,20.59,20.59,22.88,-2.289999999999999,-10.0087,4202.0,8651.918,25.7009,29326.284,29.8781,29890.0508,31.3065,35617.0241,,,,,28.4363,34787.3445
511,002411.SZ,20180920,22.88,22.88,22.88,22.88,25.42,-2.5400000000000027,-9.9921,51368.0,117529.984,27.8961,37952.784,30.8903,31739.8915,31.5195,36864.0888,,,,,28.5098,34905.3476
512,002411.SZ,20180919,25.42,25.42,25.42,25.42,28.24,-2.8199999999999967,-9.9858,4093.0,10404.406,29.7648,36621.07,31.7439,32157.4331,31.6498,36796.6365,,,,,28.551,34533.8077
513,002411.SZ,20180615,28.238,28.238,28.238,28.238,31.3766,-3.1386000000000003,-10.003,8613.0,24409.242,31.1235,38531.426,32.3692,35178.0154,31.7016,37909.9915,,,,,28.5467,34612.7964
514,002411.SZ,20180614,31.4663,31.7951,28.4073,31.3766,31.5659,-0.18929999999999936,-0.5997,78355.42,233563.477,32.0123,41848.016,32.7785,39283.4285,31.6433,38582.6638,,,,,28.505,35091.2691
515,002411.SZ,20180613,32.0741,32.4428,31.0877,31.5659,32.2236,-0.6576999999999984,-2.0411,47334.5,149954.605,32.2893,29825.932,32.8482,35930.9369,31.4941,37167.0162,,,,,28.4121,34709.9495
516,002411.SZ,20180612,32.1239,32.5324,30.6991,32.2236,32.2136,0.00999999999999801,0.031,44709.43,141955.674,32.5524,26715.074,32.8842,33814.1292,31.3388,37835.1724,,,,,28.3112,34481.4361
517,002411.SZ,20180611,32.7815,32.7815,32.2036,32.2136,32.6819,-0.4682999999999993,-1.4329,13644.78,44283.779,32.648,22204.462,32.8812,32629.9262,31.1586,37465.8244,,,,,28.2134,34307.9577
518,002411.SZ,20180608,32.6819,33.7779,32.0342,32.6819,32.7616,-0.07970000000000255,-0.2433,25195.95,82282.988,32.7815,27250.106,32.8904,34597.6138,30.9836,38045.3497,,,,,28.1187,34537.9473
519,002411.SZ,20180607,32.9609,32.9609,32.4627,32.7616,32.8812,-0.11959999999999837,-0.3637,18245.0,59833.528,32.9948,27860.902,32.8291,34499.8485,30.7879,38072.2368,,,,,28.0203,34338.7673
520,002411.SZ,20180606,32.7218,32.8812,32.2036,32.8812,32.7018,0.17940000000000111,0.5486,31780.21,104009.742,33.2379,35571.11,32.7624,36013.7,30.5889,38791.6588,,,,,27.921,34368.8907
521,002411.SZ,20180605,32.5025,32.8314,32.4029,32.7018,32.8812,-0.17940000000000111,-0.5456,22156.37,72431.878,33.3714,37887.182,32.6811,36659.5962,30.3743,38119.1674,,,,,27.8237,34126.4105
522,002411.SZ,20180604,33.7381,33.8776,32.5823,32.8812,33.748,-0.8667999999999978,-2.5684,38873.0,129407.347,33.5428,45852.582,32.652,36907.9423,30.1751,37691.3315,,,,,27.7297,34050.1389
523,002411.SZ,20180601,33.9573,34.2761,33.6584,33.748,33.9772,-0.22920000000000584,-0.6746,28249.93,95965.526,33.4232,45032.588,32.5991,35789.8469,29.9714,36954.1435,,,,,27.6348,33929.7789
524,002411.SZ,20180531,33.3595,34.6946,33.0306,33.9772,33.5488,0.42840000000000344,1.2769,56796.04,192246.056,33.0804,43345.802,32.5033,36615.3731,29.7408,36443.2632,,,,,27.5344,34118.0603
525,002411.SZ,20180530,33.8278,33.9075,32.7417,33.5488,33.5587,-0.009900000000001796,-0.0295,43360.57,146043.691,32.7217,37849.552,32.3914,34334.3431,29.504,35559.7453,,,,,27.4307,34231.2064
526,002411.SZ,20180529,32.383,33.7779,32.2933,33.5587,32.2833,1.2754000000000048,3.9506,61983.37,206700.204,32.4786,37022.382,32.3324,34678.2492,29.2801,35102.7056,,,,,27.331,34120.9777
527,002411.SZ,20180528,32.0841,32.6221,31.6955,32.2833,32.0342,0.24909999999999854,0.7776,34773.03,112697.495,32.1438,29410.708,32.2174,33500.9938,29.055,34650.205,,,,,27.2341,33470.7595
528,002411.SZ,20180525,32.2833,32.383,31.6257,32.0342,32.1837,-0.1495000000000033,-0.4645,19816.0,63391.959,32.0661,30041.116,32.209,33958.3392,28.8628,34116.7924,,,,,27.1551,33108.812
529,002411.SZ,20180524,32.2933,32.4727,31.546,32.1837,32.3332,-0.1494999999999962,-0.4624,29314.79,93678.169,32.0243,34113.288,32.1515,34959.2654,28.6752,33727.3421,,,,,27.0811,32925.2327
530,002411.SZ,20180523,32.2634,32.7616,31.9545,32.3332,31.8848,0.44839999999999947,1.4063,39224.72,127459.352,32.0522,33327.304,31.979,37480.7192,28.4818,33339.0438,,,,,27.0053,32855.6913
531,002411.SZ,20180522,32.3631,32.4328,31.5759,31.8848,31.8947,-0.009900000000001796,-0.031,23925.0,76801.027,32.0243,30349.912,31.7184,39145.3623,28.2904,32474.4829,,,,,26.9275,32487.6551
532,002411.SZ,20180521,32.0841,32.4727,31.6855,31.8947,31.825,0.06970000000000098,0.219,37925.07,122103.284,32.1478,33361.266,31.4065,40889.7623,28.119,32235.3503,,,,,26.8558,32270.3235
533,002411.SZ,20180518,32.3332,32.5623,31.556,31.825,32.3232,-0.49820000000000064,-1.5413,40176.86,128230.435,32.2734,31204.782,31.0539,41747.42,27.9452,31720.5191,,,,,26.7835,31914.2483
534,002411.SZ,20180517,32.7018,32.7317,31.9346,32.3232,32.1937,0.12950000000000017,0.4023,25384.87,82357.305,32.4647,32735.68,30.6968,41883.59,27.7773,32486.0085,,,,,26.7117,31475.6388
535,002411.SZ,20180516,32.3431,32.7616,32.1638,32.1937,32.5025,-0.30879999999999797,-0.9501,24337.76,79237.112,32.4129,36994.516,30.23,42352.7431,27.5856,34422.2679,,,,,26.6331,31300.1196
536,002411.SZ,20180515,32.0841,32.7317,31.4663,32.5025,32.5225,-0.020000000000003126,-0.0615,38981.77,126144.262,32.4089,40270.668,29.777,42805.4846,27.4107,38009.7074,,,,,26.5547,31129.7721
537,002411.SZ,20180514,32.4926,32.7417,32.2335,32.5225,32.7815,-0.25900000000000034,-0.7901,27142.65,88297.817,32.1657,39039.922,29.2987,45195.4877,27.2081,37533.9791,,,,,26.4719,30850.0015
538,002411.SZ,20180511,31.9844,32.8812,31.546,32.7815,32.0641,0.7173999999999978,2.2374,47831.35,154127.283,31.6496,46030.13,28.8044,45580.7915,27.0077,38716.4571,,,,,26.3873,30648.2764
539,002411.SZ,20180510,32.1837,32.7716,31.277,32.0641,32.1737,-0.10959999999999326,-0.3407,46679.05,149164.25,30.8824,48636.876,28.3031,44466.7369,26.7926,37885.3185,,,,,26.3,30176.1921
540,002411.SZ,20180509,31.3368,32.4727,30.709,32.1737,31.2869,0.8867999999999974,2.8344,40718.52,130853.403,30.0354,48621.506,27.8386,42884.5108,26.6162,38258.19,,,,,26.2258,29717.4947
541,002411.SZ,20180508,29.9119,31.4464,29.6927,31.2869,29.9418,1.3450999999999986,4.4924,32828.04,100182.635,29.063,50292.726,27.3634,43037.3438,26.4471,38096.6365,,,,,26.152,29406.4393
542,002411.SZ,20180507,28.9454,30.151,28.7461,29.9418,28.9454,0.9964000000000013,3.4423,62093.69,182188.109,28.2419,52116.532,26.925,41197.9177,26.3076,38916.6803,,,,,26.0903,29265.6747
543,002411.SZ,20180504,27.8195,29.1447,27.66,28.9454,27.8294,1.1159999999999997,4.0101,60865.08,174533.438,27.5046,45994.566,26.6161,37006.8608,26.1836,37201.4247,,,,,26.0469,28682.9388
544,002411.SZ,20180503,27.1618,27.8394,26.9028,27.8294,27.3113,0.5181000000000004,1.897,46602.2,128391.587,26.9765,39866.23,26.3862,33387.1323,26.0972,35785.5959,,,,,26.0144,28046.0171
545,002411.SZ,20180502,27.2017,27.3412,26.8031,27.3113,27.1818,0.12950000000000017,0.4764,49074.62,133341.333,26.6676,44556.152,26.2383,30639.2708,26.0459,35510.5444,,,,,25.9965,27580.8645
546,002411.SZ,20180427,26.1953,27.2316,26.0459,27.1818,26.2551,0.9267000000000003,3.5296,41947.07,112237.772,26.4245,41171.548,26.1317,28922.4869,26.0119,35323.0588,,,,,25.9849,27189.1372
547,002411.SZ,20180426,26.026,26.2751,26.016,26.2551,26.3049,-0.04980000000000118,-0.1893,31483.86,82427.231,26.2412,39451.862,26.0359,27835.8831,25.9691,34616.9097,,,,,25.9757,26891.2668
548,002411.SZ,20180425,26.285,26.3049,25.9861,26.3049,26.285,0.019899999999999807,0.0757,30223.4,79122.431,26.1953,38377.112,26.0091,28998.5362,25.9521,34148.1229,,,,,25.978,26726.2603
549,002411.SZ,20180424,26.1057,26.3946,25.9662,26.285,26.0957,0.18929999999999936,0.7254,70051.81,183588.626,26.1336,40873.502,25.9662,27953.4285,25.9336,34849.9668,,,,,,
550,002411.SZ,20180423,26.3448,26.3448,26.026,26.0957,26.2651,-0.16939999999999955,-0.645,32151.6,84150.028,25.9941,28646.24,25.9179,23070.5731,25.9155,33022.1782,,,,,,
551,002411.SZ,20180420,26.026,26.3647,25.8566,26.2651,26.026,0.23910000000000053,0.9187,33348.64,87248.458,25.9602,23737.91,25.8803,21836.8077,25.9128,32251.1018,,,,,,
552,002411.SZ,20180419,26.0658,26.0658,25.8267,26.026,25.9961,0.02990000000000137,0.115,26110.11,67943.963,25.8984,19829.904,25.8466,20027.6546,25.9081,31654.1485,,,,,,
553,002411.SZ,20180418,25.6772,26.0957,25.5576,25.9961,25.5875,0.40859999999999985,1.5969,42705.35,110506.061,25.8745,16783.882,25.8489,19234.1454,25.9064,31577.4544,,,,,,
554,002411.SZ,20180417,25.7769,25.8865,25.5078,25.5875,25.9263,-0.33880000000000265,-1.3068,8915.5,22975.045,25.8605,13594.098,25.8481,17519.95,25.88,30616.0368,,,,,,
555,002411.SZ,20180416,25.7669,25.9562,25.727,25.9263,25.9562,-0.029899999999997817,-0.1152,7609.95,19722.903,25.9303,17375.242,25.8888,21926.7192,25.8659,31662.5941,,,,,,
556,002411.SZ,20180413,25.9064,26.0658,25.7171,25.9562,25.9064,0.049799999999997624,0.1922,13808.61,35989.671,25.9263,25172.922,25.8796,28358.0838,25.8214,32902.1971,,,,,,
557,002411.SZ,20180412,25.8167,26.006,25.747,25.9064,25.9263,-0.019899999999999807,-0.0768,10880.0,28300.499,25.8845,25738.6,25.9018,38550.5523,25.7637,33384.1791,,,,,,
558,002411.SZ,20180411,25.8566,25.9961,25.8067,25.9263,25.9363,-0.00999999999999801,-0.0386,26756.43,69441.252,25.8347,24877.538,25.8796,39468.0146,25.7338,33996.4894,,,,,,
559,002411.SZ,20180410,25.8466,26.0758,25.7071,25.9363,25.9064,0.029899999999997817,0.1154,27821.22,72234.44,25.7709,22748.782,25.8627,42590.3585,25.7097,34118.1826,,,,,,
560,002411.SZ,20180409,25.5278,25.9761,25.4082,25.9064,25.747,0.15940000000000154,0.6191,46598.35,120162.029,25.749,19150.468,25.8267,41955.8523,25.6913,33601.6012,,,,,,
561,002411.SZ,20180404,25.737,25.747,25.468,25.747,25.6573,0.08970000000000056,0.3496,16637.0,42783.168,25.7789,12989.696,25.8389,42937.2623,25.6737,32834.1276,,,,,,
562,002411.SZ,20180403,25.4082,25.7071,25.3384,25.6573,25.6075,0.049799999999997624,0.1945,6574.69,16876.412,25.8267,13746.458,25.8911,44367.1623,25.669,32744.6335,,,,,,
563,002411.SZ,20180402,25.7968,25.8665,25.5078,25.6075,25.8267,-0.21919999999999717,-0.8487,16112.65,41616.928,25.9183,25672.22,25.9593,48531.3808,25.6687,33034.6721,,,,,,
564,002411.SZ,20180330,25.5078,26.1754,25.5078,25.8267,26.0558,-0.22910000000000252,-0.8793,9829.65,25547.318,25.9582,40693.228,25.9685,47582.3308,25.6734,33438.5941,,,,,,
565,002411.SZ,20180329,27.2017,27.2017,25.8167,26.0558,25.9861,0.06970000000000098,0.2682,15794.49,41503.656,26.0419,67989.438,25.9823,47805.1962,25.6848,34395.6935,,,,,,
566,002411.SZ,20180328,25.8067,26.1057,25.6075,25.9861,26.1156,-0.12950000000000017,-0.4959,20420.81,53177.168,25.9542,69391.942,25.9846,49455.6546,25.6892,35851.2085,,,,,,
567,002411.SZ,20180327,25.7868,26.1455,25.4082,26.1156,25.8067,0.3089000000000013,1.197,66203.5,172175.556,25.8984,78777.16,25.9976,51169.4469,25.6916,36282.7559,,,,,,
568,002411.SZ,20180326,24.4317,26.1555,23.9236,25.8067,26.2452,-0.4385000000000012,-1.6708,91217.69,232173.62,25.7689,69450.988,25.9677,47456.7162,25.6968,34724.3294,,,,,,
569,002411.SZ,20180323,25.2986,26.2452,23.0567,26.2452,25.6174,0.6278000000000006,2.4507,146310.7,348755.511,25.8207,63078.786,25.9577,41635.7485,25.713,32265.7788,,,,,,
570,002411.SZ,20180322,25.4181,25.9861,25.2189,25.6174,25.7071,-0.08970000000000056,-0.3489,22807.01,58652.487,25.8566,40861.786,25.914,34541.5477,25.72,28140.3921,,,,,,
571,002411.SZ,20180321,25.189,25.7071,24.91,25.7071,25.468,0.23910000000000053,0.9388,67346.9,170304.919,26.0419,48442.29,25.9179,33395.3931,25.7461,28178.3974,,,,,,
572,002411.SZ,20180320,25.8466,25.8466,25.2089,25.468,26.0658,-0.5977999999999994,-2.2934,19572.64,49922.15,26.0459,35727.91,25.9409,28671.4008,25.7692,26539.4297,,,,,,
573,002411.SZ,20180319,26.4843,26.4843,25.5875,26.0658,26.4245,-0.3586999999999989,-1.3575,59356.68,154487.116,26.1535,34358.762,25.9899,28169.8308,25.7997,26188.0324,,,,,,
574,002411.SZ,20180316,26.5441,26.574,26.2053,26.4245,26.5441,-0.11960000000000193,-0.4506,35225.7,93331.544,26.1575,29937.516,25.9823,25411.8177,25.8117,24772.2309,,,,,,
575,002411.SZ,20180315,25.8267,26.564,25.5178,26.5441,25.727,0.8170999999999999,3.176,60709.53,160215.031,26.1037,31432.398,25.8803,23472.6985,25.8123,23950.3324,,,,,,
576,002411.SZ,20180314,25.8067,25.9861,25.727,25.727,26.006,-0.2789999999999999,-1.0728,3775.0,9772.835,25.9402,22878.092,25.7699,22225.6923,25.8088,22524.1971,,,,,,
577,002411.SZ,20180313,26.026,26.1057,25.737,26.006,26.0857,-0.079699999999999,-0.3055,12726.9,33178.24,25.9303,25232.114,25.6688,25762.7269,25.8261,22753.2176,,,,,,
578,002411.SZ,20180312,26.2352,26.2352,26.006,26.0857,26.1555,-0.06980000000000075,-0.2669,37250.45,97700.24,25.8645,33503.952,25.514,27106.5038,25.8346,22908.2785,,,,,,
579,002411.SZ,20180309,25.6473,26.6039,25.5078,26.1555,25.727,0.42849999999999966,1.6656,42700.11,112117.152,25.7808,27635.262,25.422,26679.4346,25.8372,22166.0085,,,,,,
580,002411.SZ,20180308,25.5078,25.8964,25.3883,25.727,25.6772,0.04980000000000118,0.1939,17938.0,46265.165,25.7509,20282.24,25.3415,25771.2723,25.8396,21275.565,,,,,,
581,002411.SZ,20180307,25.2886,25.6772,25.2687,25.6772,25.6772,0.0,0.0,15545.11,39902.403,25.8267,19305.086,25.3093,25180.4608,25.8621,21109.0574,,,,,,
582,002411.SZ,20180306,25.5875,26.016,25.0993,25.6772,25.6672,0.00999999999999801,0.039,54086.09,138439.104,25.8845,20896.566,25.281,25561.9331,25.8906,21163.3003,,,,,,
583,002411.SZ,20180305,26.0558,26.0558,25.5875,25.6672,26.006,-0.3387999999999991,-1.3028,7907.0,20428.32,25.7689,12082.778,25.2741,22447.1723,25.9193,20227.5532,,,,,,
584,002411.SZ,20180302,25.9064,26.0558,25.7569,26.006,26.1057,-0.09969999999999857,-0.3819,5935.0,15429.136,25.6573,19401.068,25.2725,23103.2492,25.9495,20535.8326,,,,,,
585,002411.SZ,20180301,26.026,26.1854,25.6672,26.1057,25.9662,0.13949999999999818,0.5372,13052.23,33922.57,25.3385,28165.358,25.2541,24942.5569,25.9641,20746.4488,,,,,,
586,002411.SZ,20180228,24.8801,26.4544,24.8203,25.9662,25.0993,0.8669000000000011,3.4539,23502.51,60652.504,24.916,31594.112,25.2626,27197.8492,25.9753,20707.1409,,,,,,
587,002411.SZ,20180227,25.3683,25.4082,24.8103,25.0993,25.1093,-0.010000000000001563,-0.0398,10017.15,25217.786,24.7008,33233.32,25.281,30411.6562,25.9893,20595.1574,,,,,,
588,002411.SZ,20180226,24.5114,25.3484,24.1129,25.1093,24.4118,0.6975000000000016,2.8572,44498.45,110813.997,24.7028,37408.69,25.3553,32340.6,26.0303,20877.2056,,,,,,
589,002411.SZ,20180223,23.5848,24.4118,23.2161,24.4118,23.9933,0.4184999999999981,1.7442,49756.45,119644.517,24.7426,30560.49,25.4465,29934.3346,26.069,20130.4385,,,,,,
590,002411.SZ,20180222,24.5911,24.5911,23.1763,23.9933,24.8901,-0.8967999999999989,-3.603,30196.0,72163.202,24.9219,24710.05,25.596,26693.6054,,,,,,,,
591,002411.SZ,20180214,24.4118,24.8901,23.525,24.8901,25.1093,-0.21920000000000073,-0.873,31698.55,76969.129,25.2408,21389.69,25.7876,24836.0323,,,,,,,,
592,002411.SZ,20180213,25.2787,25.2886,24.1727,25.1093,25.3085,-0.1991999999999976,-0.7871,30894.0,76630.491,25.3922,18337.18,25.9117,24251.4662,,,,,,,,
593,002411.SZ,20180212,25.3085,25.3783,24.9698,25.3085,25.3085,0.0,0.0,10257.45,25920.891,25.5237,18127.58,26.0183,22769.0046,,,,,,,,
594,002411.SZ,20180209,25.4779,25.6174,24.9797,25.3085,25.5875,-0.2789999999999999,-1.0904,20504.25,51874.555,25.7051,24550.296,26.1103,22566.5185,,,,,,,,
595,002411.SZ,20180208,25.5676,25.7868,25.3584,25.5875,25.6473,-0.05980000000000274,-0.2332,13594.2,34915.773,25.8845,33505.846,26.1999,21852.3015,,,,,,,,
596,002411.SZ,20180207,25.7769,25.8566,25.3185,25.6473,25.7669,-0.11959999999999837,-0.4642,16436.0,42192.965,25.9801,37805.69,26.2659,21366.6823,,,,,,,,
597,002411.SZ,20180206,25.9562,25.9562,25.2388,25.7669,26.2153,-0.44839999999999947,-1.7105,29846.0,76802.799,26.1097,37161.89,26.3256,21042.4462,,,,,,,,
598,002411.SZ,20180205,26.1057,26.2352,25.3384,26.2153,26.2053,0.00999999999999801,0.0382,42371.03,109700.242,26.2272,32718.084,26.3678,19635.9615,,,,,,,,
599,002411.SZ,20180202,26.0957,26.2651,23.6147,26.2053,26.0658,0.13950000000000173,0.5352,65282.0,165133.946,26.281,25453.388,26.3739,17761.1877,,,,,,,,
600,002411.SZ,20180201,26.3249,26.3548,25.3883,26.0658,26.295,-0.2292000000000023,-0.8716,35093.42,92128.292,26.3408,17216.826,26.3716,13663.5931,,,,,,,,
601,002411.SZ,20180131,26.3548,26.4444,26.1555,26.295,26.3548,-0.05979999999999919,-0.2269,13217.0,34855.501,26.4265,12522.542,26.3847,11919.8708,,,,,,,,
602,002411.SZ,20180130,26.4644,26.5242,26.295,26.3548,26.4843,-0.12950000000000017,-0.489,7626.97,20215.65,26.4684,11404.168,26.4,11847.5431,,,,,,,,
603,002411.SZ,20180129,26.4444,26.4843,26.2551,26.4843,26.5042,-0.019899999999999807,-0.0751,6047.55,16013.316,26.4923,12122.66,26.4222,12598.4969,,,,,,,,
604,002411.SZ,20180126,26.5042,26.5042,26.2352,26.5042,26.4943,0.009900000000001796,0.0374,24099.19,63743.732,26.4843,12369.38,26.4352,13846.4308,,,,,,,,
605,002411.SZ,20180125,26.4444,26.5441,26.2751,26.4943,26.5042,-0.009900000000001796,-0.0374,11622.0,30820.788,26.4683,9993.728,26.4498,13407.1469,,,,,,,,
606,002411.SZ,20180124,26.4743,26.564,26.3847,26.5042,26.4743,0.02990000000000137,0.1129,7625.13,20239.117,26.4325,9981.668,26.4506,13520.5277,,,,,,,,
607,002411.SZ,20180123,26.4444,26.7035,26.3847,26.4743,26.4444,0.029899999999997817,0.1131,11219.43,29854.495,26.3906,12056.436,26.449,13835.1915,,,,,,,,
608,002411.SZ,20180122,26.4444,26.574,26.3348,26.4444,26.4245,0.01990000000000336,0.0753,7281.15,19328.635,26.3308,12215.204,26.4467,14487.1638,,,,,,,,
609,002411.SZ,20180119,26.3647,26.5242,26.0857,26.4245,26.3149,0.10959999999999681,0.4165,12220.93,32335.132,26.289,13243.98,26.4506,15435.29,,,,,,,,
610,002411.SZ,20180118,26.3049,26.4644,26.2551,26.3149,26.295,0.019899999999999807,0.0757,11561.7,30569.185,26.303,13255.142,26.4506,15965.0931,,,,,,,,
611,002411.SZ,20180117,26.2053,26.3049,25.8765,26.295,26.1754,0.11960000000000193,0.4569,17998.97,47193.029,26.3687,14420.676,,,,,,,,,,
612,002411.SZ,20180116,26.2053,26.3946,26.0957,26.1754,26.2352,-0.05979999999999919,-0.2279,12013.27,31596.031,26.4405,15275.02,,,,,,,,,,
613,002411.SZ,20180115,26.4345,26.6338,26.1854,26.2352,26.4943,-0.2591000000000001,-0.9779,12425.03,32857.103,26.5441,16550.066,,,,,,,,,,
614,002411.SZ,20180112,26.6338,26.7733,26.4245,26.4943,26.6437,-0.14939999999999998,-0.5607,12276.74,32712.567,26.5979,16684.25,,,,,,,,,,
615,002411.SZ,20180111,26.6836,26.853,26.4743,26.6437,26.6537,-0.010000000000001563,-0.0375,17389.37,46472.013,26.5959,16572.054,,,,,,,,,,
616,002411.SZ,20180110,26.853,26.8829,26.5341,26.6537,26.6935,-0.03979999999999961,-0.1491,22270.69,59551.782,26.556,17033.194,,,,,,,,,,
617,002411.SZ,20180109,26.5242,26.8928,26.3548,26.6935,26.5042,0.18929999999999936,0.7142,18388.5,49273.183,26.5241,16500.414,,,,,,,,,,
618,002411.SZ,20180108,26.5042,26.564,26.3249,26.5042,26.4843,0.019899999999999807,0.0751,13095.95,34769.824,26.4703,16644.388,,,,,,,,,,
619,002411.SZ,20180105,26.4544,26.5042,26.3049,26.4843,26.4444,0.03989999999999938,0.1509,11715.76,31096.006,,,,,,,,,,,,
620,002411.SZ,20180104,26.5341,26.6138,26.4145,26.4444,26.4943,-0.04989999999999739,-0.1883,19695.07,52486.349,,,,,,,,,,,,
621,002411.SZ,20180103,26.4245,26.6039,26.2551,26.4943,26.4245,0.06980000000000075,0.2641,19606.79,52063.589,,,,,,,,,,,,
622,002411.SZ,20180102,26.5839,26.5839,26.2651,26.4245,26.574,-0.1495000000000033,-0.5626,19108.37,50643.156,,,,,,,,,,,,
