,ts_code,trade_date,open,high,low,close,pre_close,change,pct_chg,vol,amount,ma5,ma_v_5,ma13,ma_v_13,ma34,ma_v_34,ma144,ma_v_144,ma169,ma_v_169,ma75,ma_v_75
0,600228.SH,20201231,10.96,11.18,10.96,11.03,11.17,-0.14000000000000057,-1.2534,22562.05,24883.853,11.194,33112.272,11.8331,31557.6577,11.33,21280.1512,11.3001,20000.243,11.3301,22306.474,11.4803,20586.6581
1,600228.SH,20201230,11.66,11.66,11.07,11.17,11.11,0.0600000000000005,0.5401,21962.13,24774.896,11.36,37563.664,11.8962,31537.3085,11.3212,20816.2971,11.3008,19965.0972,11.3358,22381.1625,11.4983,20455.0787
2,600228.SH,20201229,10.95,11.4,10.52,11.11,11.04,0.07000000000000028,0.6341,39431.15,42790.771,11.564,41992.246,11.9515,32927.1315,11.3076,20508.9403,11.2986,19909.8881,11.3373,22498.9975,11.5148,20513.3036
3,600228.SH,20201228,11.34,11.4,11.04,11.04,11.62,-0.5800000000000001,-4.9914,39576.02,44002.124,11.908,40950.056,11.9677,32258.5815,11.2921,19673.0829,11.2968,19726.6093,11.336,22601.2315,11.5291,20268.1029
4,600228.SH,20201225,12.0,12.08,11.29,11.62,11.86,-0.2400000000000002,-2.0236,42030.01,49376.515,12.192,39952.77,11.9931,30831.5038,11.2809,19151.995,11.2956,19618.7586,11.337,22728.5377,11.5395,19952.5253
5,600228.SH,20201223,12.01,12.33,11.66,11.86,12.19,-0.33000000000000007,-2.7071,44819.01,53899.556,12.292,35626.226,11.9446,28341.5654,11.2541,18605.0297,11.2919,19703.936,11.3364,23053.488,11.5379,19531.7585
6,600228.SH,20201222,12.88,12.88,12.19,12.19,12.83,-0.6400000000000006,-4.9883,44105.04,55213.289,12.372,32835.83,11.8808,25819.3738,11.2053,17749.4068,11.2849,19614.9082,11.3328,23045.7088,11.5325,19101.2184
7,600228.SH,20201221,12.57,12.93,12.57,12.83,12.46,0.3699999999999992,2.9695,34220.2,43840.675,12.364,27415.226,11.7508,23242.1015,11.1444,16946.8476,11.2719,19795.0129,11.324,23234.7567,11.5275,18647.3588
8,600228.SH,20201218,12.62,12.68,12.36,12.46,12.12,0.34000000000000163,2.8053,34589.59,43325.965,12.196,24308.788,11.5762,21303.6246,11.0715,16190.9479,11.2583,19597.4421,11.3083,23566.2083,11.5108,18434.4659
9,600228.SH,20201217,12.4,12.48,11.81,12.12,12.26,-0.14000000000000057,-1.1419,20397.29,24723.055,12.074,21850.372,11.4346,19266.1562,11.0035,15605.5188,11.2511,19437.4937,11.2921,23655.1444,11.5031,18490.4359
10,600228.SH,20201216,12.18,12.75,12.15,12.26,12.15,0.10999999999999943,0.9053,30867.03,38489.69,12.028,25776.88,11.3138,18304.9038,10.9538,15313.1576,11.2505,19601.3673,11.2796,23612.1841,11.5081,18348.8056
11,600228.SH,20201215,11.9,12.19,11.9,12.15,11.99,0.16000000000000014,1.3344,17002.02,20580.981,11.84,25751.474,11.1785,16468.2092,10.9079,15060.9812,11.2474,19588.2612,11.2634,23591.1337,11.5033,18084.3293
12,600228.SH,20201214,11.65,12.13,11.6,11.99,11.85,0.14000000000000057,1.1814,18688.01,22237.635,11.684,26555.872,11.0585,15875.7462,10.8635,15012.0709,11.2413,19582.5597,11.2453,23891.5237,11.5003,18020.5545
13,600228.SH,20201211,11.89,12.08,11.6,11.85,11.89,-0.040000000000000924,-0.3364,22297.51,26269.088,11.484,24750.432,10.96,15488.5623,10.8282,15126.3385,11.2344,19575.6568,11.2283,24268.4956,11.4947,17924.4971
14,600228.SH,20201210,11.47,11.89,11.47,11.89,11.32,0.5700000000000003,5.0353,40029.83,47176.488,11.32,22697.034,10.8892,14537.7769,10.7871,15055.0,11.2306,19585.3623,11.2124,24667.1426,11.4908,17837.0769
15,600228.SH,20201209,11.32,11.82,11.31,11.32,11.37,-0.049999999999998934,-0.4398,30740.0,35618.165,11.042,16811.168,10.8085,13028.7208,10.7562,14420.28,11.2237,19567.1353,11.1936,24646.8063,11.4891,17846.1553
16,600228.SH,20201208,11.1,11.53,10.95,11.37,10.99,0.379999999999999,3.4577,21024.01,23787.643,10.89,12467.168,10.8092,12068.0162,10.7559,14076.9565,11.2247,19628.6876,11.1809,25641.7043,11.488,17828.178
17,600228.SH,20201207,10.9,11.07,10.84,10.99,11.03,-0.03999999999999915,-0.3626,9660.81,10572.634,10.74,9882.866,10.8362,12161.8623,10.7621,13697.1915,11.2277,19748.7026,11.1673,26055.4405,11.4791,17756.952
18,600228.SH,20201204,10.57,11.03,10.4,11.03,10.5,0.5299999999999994,5.0476,12030.52,12893.057,10.652,9530.906,10.8677,12292.2615,10.7821,13764.1676,11.2342,19870.6533,11.1533,26001.0925,11.4737,17858.0145
19,600228.SH,20201203,10.5,10.6,10.3,10.5,10.56,-0.0600000000000005,-0.5682,10600.5,11081.01,10.546,8522.802,10.8615,12207.9154,10.8018,13663.3876,11.2364,20079.6853,11.1367,25936.494,11.4652,18034.4372
20,600228.SH,20201202,10.58,10.65,10.55,10.56,10.62,-0.05999999999999872,-0.565,9020.0,9558.821,10.564,8262.702,10.8962,12220.8777,10.8424,13608.2259,11.2437,20184.3697,11.1209,25875.1005,11.4687,18092.764
21,600228.SH,20201201,10.5,10.66,10.44,10.62,10.55,0.06999999999999851,0.6635,8102.5,8588.181,10.594,9189.626,10.9138,12144.0315,10.88,13644.1376,11.2548,20549.0565,11.1025,25824.065,11.4708,18083.5908
22,600228.SH,20201130,10.41,10.64,10.41,10.55,10.5,0.05000000000000071,0.4762,7901.01,8325.843,10.656,9556.586,10.9223,12043.1477,10.9153,13798.0059,11.2699,20804.7693,11.0817,25777.2278,11.4739,18069.8243
23,600228.SH,20201127,10.6,10.68,10.48,10.5,10.59,-0.08999999999999986,-0.8499,6990.0,7374.532,10.714,12058.804,10.9346,12320.9162,10.9579,14122.9771,11.2856,21165.5749,11.0593,25731.2043,11.4772,18112.5732
24,600228.SH,20201126,10.75,10.76,10.58,10.59,10.71,-0.120000000000001,-1.1204,9300.0,9890.391,10.88,14310.972,10.9408,12630.3008,11.0038,14502.5959,11.3021,21638.361,11.0353,25691.0682,11.4816,18196.8133
25,600228.SH,20201125,10.95,11.02,10.6,10.71,10.93,-0.21999999999999886,-2.0128,13654.62,14692.689,11.106,16899.774,10.9462,13596.38,11.0471,14632.3318,11.3138,22026.7213,11.0089,25800.7417,11.4879,18236.5333
26,600228.SH,20201124,10.75,11.1,10.71,10.93,10.84,0.08999999999999986,0.8303,9937.3,10893.691,11.244,16440.05,10.9462,14348.5777,11.0762,14723.4612,11.3227,22176.2338,10.9801,25923.3778,11.4935,18246.3837
27,600228.SH,20201123,11.31,11.33,10.76,10.84,11.33,-0.4900000000000002,-4.3248,20412.1,22222.397,11.248,16639.394,10.89,14794.0031,11.1047,14824.4524,11.3262,22398.0319,10.9483,25956.0278,11.4947,18716.4108
28,600228.SH,20201120,11.52,11.57,11.31,11.33,11.72,-0.39000000000000057,-3.3276,18250.84,20834.944,11.27,14710.776,10.8346,14517.5362,11.1406,14660.1262,11.3265,22650.0917,10.9168,25964.3409,11.4991,18631.5625
29,600228.SH,20201119,11.33,11.8,11.29,11.72,11.4,0.3200000000000003,2.807,22244.01,25871.65,11.162,12664.808,10.7592,13768.98,11.1524,14663.4844,11.3256,22947.5911,10.8841,25949.5382,11.4967,18603.3648
30,600228.SH,20201118,10.93,11.5,10.92,11.4,10.95,0.45000000000000107,4.1096,11356.0,12599.155,10.964,9574.208,10.6385,13187.5177,11.1453,14861.9479,11.3243,23466.3592,10.8492,25930.593,11.49,18505.5388
31,600228.SH,20201117,10.88,11.06,10.84,10.95,10.95,0.0,0.0,10934.02,11977.266,10.826,9605.408,10.5638,13118.3646,11.1579,16216.8591,11.3232,23689.6114,10.8167,25990.9533,11.4852,18554.8723
32,600228.SH,20201116,10.71,11.02,10.71,10.95,10.79,0.16000000000000014,1.4829,10769.01,11748.91,10.752,9621.004,10.5446,13992.1346,11.1847,16520.6821,11.3215,24141.8345,10.7875,26037.8484,11.4843,18566.5041
33,600228.SH,20201113,10.78,10.98,10.66,10.79,10.73,0.05999999999999872,0.5592,8021.0,8690.873,10.694,11839.008,10.5208,14343.6777,11.2297,16541.7112,11.3162,24693.6852,10.7584,26145.6351,11.4864,18712.7441
34,600228.SH,20201112,10.84,10.84,10.62,10.73,10.71,0.019999999999999574,0.1867,6791.01,7273.726,10.678,14921.446,10.5208,15463.0708,11.2988,18032.6526,11.3087,24982.5657,10.729,26187.1367,11.4976,18820.6245
35,600228.SH,20201111,10.52,10.85,10.52,10.71,10.58,0.13000000000000078,1.2287,11512.0,12345.237,10.572,16708.81,10.4992,16469.3008,11.39,18566.935,11.3037,25026.6351,10.6995,26215.036,11.5124,18969.9421
36,600228.SH,20201110,10.66,10.73,10.5,10.58,10.66,-0.08000000000000007,-0.7505,11012.0,11663.005,10.454,17770.016,10.5092,17002.9431,11.4803,18956.4974,11.2955,25136.3401,10.6702,26228.8824,11.528,19012.6808
37,600228.SH,20201109,10.85,10.89,10.58,10.66,10.71,-0.05000000000000071,-0.4669,21859.03,23329.991,10.408,17271.538,10.5654,17622.5585,11.5582,19688.88,11.2851,25530.4785,10.6414,26249.2674,11.544,19221.0157
38,600228.SH,20201106,10.2,10.71,10.15,10.71,10.2,0.5100000000000016,5.0,23433.19,24549.831,10.306,15836.732,10.6362,16565.0946,11.6329,20019.9085,11.2744,25950.8759,10.6115,26216.8234,11.5609,19437.6833
39,600228.SH,20201105,10.28,10.3,10.12,10.2,10.12,0.08000000000000007,0.7905,15727.83,16065.713,10.25,13241.496,10.71,15680.8492,11.6876,20308.6118,11.2636,26410.8458,10.5822,26196.7158,11.58,19945.3753
40,600228.SH,20201104,10.33,10.36,10.08,10.12,10.35,-0.23000000000000043,-2.2222,16818.03,17177.013,10.35,14554.536,10.8254,15132.8623,11.7647,21084.9288,11.2533,26555.7428,10.5556,26181.8476,11.606,21248.8985
41,600228.SH,20201103,10.24,10.36,10.18,10.35,10.15,0.1999999999999993,1.9704,8519.61,8768.604,10.454,14258.744,10.9608,14510.3215,11.8262,20980.0332,11.2468,27820.0464,10.5292,26176.7948,11.6393,21069.2895
42,600228.SH,20201102,10.41,10.45,10.08,10.15,10.43,-0.27999999999999936,-2.6846,14685.0,15105.433,10.542,17069.444,11.0754,14642.7362,11.8859,21102.7974,11.2378,28392.4479,10.5014,26244.3651,11.6616,20975.3881
43,600228.SH,20201030,10.7,10.79,10.43,10.43,10.7,-0.2699999999999996,-2.5234,10457.01,11113.103,10.602,18106.844,11.2038,14538.8146,11.9524,21445.2679,11.2273,28293.7743,10.4741,26255.7234,11.6789,20792.9217
44,600228.SH,20201029,11.01,11.06,10.59,10.7,10.64,0.05999999999999872,0.5639,22293.03,24092.281,10.684,19705.312,11.3246,15192.1238,12.0038,21756.5647,11.2119,28228.8879,10.4453,26332.6938,11.6852,20713.596
45,600228.SH,20201028,10.69,10.92,10.4,10.64,10.79,-0.14999999999999858,-1.3902,15339.07,16200.96,10.806,19060.106,11.4292,15007.8169,12.0368,21568.7609,11.192,28075.6378,10.415,26346.7159,11.6809,20763.3023
46,600228.SH,20201027,10.49,10.97,10.43,10.79,10.45,0.33999999999999986,3.2536,22573.11,24347.706,10.994,17614.692,11.5385,14882.5823,12.0621,21425.6265,11.1699,27971.8595,10.3847,26395.3909,11.68,20866.5149
47,600228.SH,20201026,10.79,10.93,10.36,10.45,10.84,-0.39000000000000057,-3.5978,19872.0,21118.977,11.17,15487.67,11.6085,14434.8831,12.0818,21130.1968,11.1443,27816.4005,10.3551,26266.8695,11.6764,20914.1608
48,600228.SH,20201023,11.12,11.33,10.75,10.84,11.31,-0.47000000000000064,-4.1556,18449.35,20249.436,11.42,13234.07,11.72,13934.8062,12.1218,20841.7724,11.1187,27679.2549,10.3295,26248.3075,11.6771,20834.0796
49,600228.SH,20201022,11.58,11.58,11.0,11.31,11.58,-0.2699999999999996,-2.3316,19067.0,21300.259,11.628,11289.2,11.8138,13656.0108,12.1435,20836.0041,11.0881,27552.5719,10.3024,26231.2876,11.6752,20780.6265
50,600228.SH,20201021,11.67,11.68,11.49,11.58,11.67,-0.08999999999999986,-0.7712,8112.0,9383.751,11.734,9524.0,11.8462,13602.0123,12.1603,21416.0141,11.0522,27613.4596,10.273,26190.7995,11.67,20715.9735
51,600228.SH,20201020,11.7,11.79,11.38,11.67,11.7,-0.02999999999999936,-0.2564,11938.0,13863.621,11.782,10568.404,11.8385,15208.1485,12.1874,21464.9265,11.0123,27795.877,10.2424,26246.8234,11.6595,20918.0527
52,600228.SH,20201019,11.75,11.95,11.67,11.7,11.88,-0.1800000000000015,-1.5152,8604.0,10091.447,11.848,11970.81,11.8508,18706.9931,12.1941,21438.2591,10.9699,27820.3017,10.2121,26233.1844,11.6483,21137.9348
53,600228.SH,20201016,11.86,11.88,11.72,11.88,11.84,0.040000000000000924,0.3378,8725.0,10308.283,11.92,14229.418,11.8631,19680.8392,12.2006,21544.58,10.9269,27912.0588,10.1817,26275.3438,11.6317,21464.6065
54,600228.SH,20201015,11.87,12.02,11.77,11.84,11.82,0.019999999999999574,0.1692,10241.0,12173.401,11.956,15226.622,11.9092,19893.07,12.1915,21625.7182,10.8847,27960.8378,10.1514,26289.0835,11.6068,21531.9913
55,600228.SH,20201014,11.9,12.03,11.8,11.82,12.0,-0.17999999999999972,-1.5,13334.02,15892.339,11.928,16529.026,12.0092,23621.6862,12.1832,21787.4829,10.8429,28021.9577,10.1217,26319.267,11.5836,21580.5648
56,600228.SH,20201013,11.85,12.13,11.85,12.0,12.06,-0.0600000000000005,-0.4975,18950.03,22810.1,11.944,16536.422,12.1638,24515.7315,12.1815,22592.6797,10.8019,28079.061,10.0929,26400.475,11.5629,21594.3805
57,600228.SH,20201012,12.05,12.26,11.95,12.06,12.06,0.0,0.0,19897.04,24016.519,11.956,15711.418,12.3008,24962.4308,12.1591,22899.7876,10.7603,28078.4309,10.0628,26484.0322,11.5403,21492.9781
58,600228.SH,20201009,11.88,12.2,11.88,12.06,11.7,0.3600000000000012,3.0769,13711.02,16504.928,11.89,15405.014,12.3908,26194.4285,12.1191,22775.8176,10.7185,28141.5415,10.0315,26478.6948,11.5145,21381.882
59,600228.SH,20200930,11.97,12.15,11.55,11.7,11.9,-0.20000000000000107,-1.6807,16753.02,19649.318,11.774,18461.164,12.4785,27686.9654,12.0759,22879.6259,10.6751,28150.7342,9.9982,26527.4528,11.4909,21440.0533
60,600228.SH,20200929,12.11,12.19,11.88,11.9,12.06,-0.16000000000000014,-1.3267,13371.0,16031.365,11.8,26595.156,12.5454,28955.8946,12.0374,23129.8965,10.6338,28114.2965,9.968,26639.3883,11.4759,21540.8344
61,600228.SH,20200928,11.74,12.1,11.74,12.06,11.73,0.33000000000000007,2.8133,14825.01,17758.218,11.792,28173.756,12.6162,31167.5569,12.0038,23177.0732,10.5912,28117.6371,9.9347,26637.531,11.4515,21534.0728
62,600228.SH,20200925,11.45,11.94,11.45,11.73,11.48,0.25,2.1777,18365.02,21625.159,11.876,27505.554,12.6277,31046.5238,11.9644,22986.1026,10.5471,28115.0819,9.9008,26647.1396,11.4237,21530.1408
63,600228.SH,20200924,11.69,11.77,11.44,11.48,11.83,-0.34999999999999964,-2.9586,28991.77,33563.59,12.158,35575.152,12.6777,30610.26,11.9385,22653.8965,10.5046,28101.2692,9.8685,26681.1969,11.4027,21479.5019
64,600228.SH,20200923,11.33,12.05,11.33,11.83,11.86,-0.02999999999999936,-0.253,57422.98,66622.138,12.628,34768.12,12.7492,30405.4315,11.9185,22127.8791,10.4649,28039.0694,9.8376,26551.0444,11.3832,21492.2099
65,600228.SH,20200922,11.86,11.86,11.86,11.86,12.48,-0.620000000000001,-4.9679,21264.0,25219.104,13.018,28234.948,12.7762,27606.8254,11.8891,20830.38,10.4222,27732.0703,9.8045,26296.6283,11.3656,20956.3437
66,600228.SH,20200921,12.5,12.96,12.48,12.48,13.14,-0.6600000000000001,-5.0228,11484.0,14347.021,13.292,31164.75,12.7731,27194.8023,11.8656,20566.1153,10.3792,27695.2655,9.7722,26260.495,11.3505,20835.8456
67,600228.SH,20200918,13.6,14.0,13.14,13.14,13.83,-0.6899999999999995,-4.9892,58713.01,78326.853,13.436,35490.75,12.6977,27116.9946,11.8259,20651.6859,10.3317,27753.9808,9.7362,26242.4902,11.3271,20898.6675
68,600228.SH,20200917,13.88,14.09,13.68,13.83,13.78,0.05000000000000071,0.3628,24956.61,34588.679,13.322,30397.968,12.5685,23564.34,11.7635,20253.9306,10.279,27461.5609,9.696,25970.573,11.2931,20330.0211
69,600228.SH,20200916,13.21,13.78,13.04,13.78,13.23,0.5499999999999989,4.1572,24757.12,33485.261,13.12,33831.168,12.4131,22418.8754,11.6853,19933.1032,10.2215,27451.2025,9.6519,25894.1789,11.2535,20245.9073
70,600228.SH,20200915,13.5,13.84,13.19,13.23,13.2,0.030000000000001137,0.2273,35913.01,48525.871,12.806,31530.06,12.2438,21918.5762,11.6079,19679.5412,10.1647,27450.5473,9.6075,25842.7582,11.2181,20149.1597
71,600228.SH,20200914,12.69,13.2,12.45,13.2,12.57,0.629999999999999,5.0119,33114.0,43081.249,12.636,26886.176,12.14,22139.6785,11.5488,19061.7191,10.111,27364.7982,9.5675,25688.7522,11.1864,19857.1465
72,600228.SH,20200911,12.83,13.26,12.54,12.57,12.82,-0.25,-1.9501,33249.1,42696.104,12.478,25529.176,12.0862,20344.3723,11.4853,18530.6018,10.0597,27140.7635,9.5276,25554.1435,11.1551,19589.48
73,600228.SH,20200910,12.22,12.82,12.22,12.82,12.21,0.6099999999999994,4.9959,42122.61,53478.678,12.4,23087.576,12.0346,18635.3115,11.4356,17899.9344,10.0148,27026.0823,9.4911,25433.6834,11.1324,19466.7656
74,600228.SH,20200909,12.29,12.49,12.13,12.21,12.38,-0.16999999999999993,-1.3732,13251.58,16250.171,12.2,17844.594,11.9654,16335.0269,11.3853,17300.3579,9.9692,26841.71,9.4524,25233.9585,11.1092,19629.0715
75,600228.SH,20200908,12.55,12.55,12.14,12.38,12.41,-0.02999999999999936,-0.2417,12693.59,15660.747,12.058,17288.778,11.9162,16199.0362,11.3682,17384.4888,9.9285,26834.5776,9.4171,25224.1747,11.0911,19879.0372
76,600228.SH,20200907,12.0,12.56,12.0,12.41,12.18,0.23000000000000043,1.8883,26329.0,32505.248,11.874,17255.76,11.8531,16433.4523,11.3524,17540.2606,9.887,26868.5113,9.3805,25193.905,11.0637,20643.6576
77,600228.SH,20200904,11.77,12.22,11.61,12.18,11.82,0.35999999999999943,3.0457,21041.1,25177.535,11.754,14003.074,11.8031,17539.7377,11.3368,17198.7429,9.8464,26752.5668,9.3438,25058.4493,11.0431,20369.5376
78,600228.SH,20200903,11.43,11.97,11.43,11.82,11.5,0.3200000000000003,2.7826,15907.7,18625.277,11.634,13445.5,11.7308,18182.0915,11.325,17363.3318,9.8074,26715.6769,9.308,24968.0996,11.0331,20243.0832
79,600228.SH,20200902,11.38,11.63,11.38,11.5,11.46,0.03999999999999915,0.349,10472.5,12078.893,11.646,18021.428,11.6446,18164.7346,11.3282,18016.3141,9.7722,26681.922,9.2751,24922.4624,11.0359,20617.5817
80,600228.SH,20200901,11.87,11.88,11.41,11.46,11.81,-0.34999999999999964,-2.9636,12528.5,14488.515,11.846,17881.932,11.5746,18685.35,11.3471,19517.4197,9.7397,26715.7381,9.2437,24892.3483,11.0401,20864.3451
81,600228.SH,20200831,11.68,11.99,11.57,11.81,11.58,0.23000000000000043,1.9862,10065.57,11856.753,11.934,17582.494,11.4923,19664.8669,11.3674,22486.9365,9.7084,26816.6386,9.2127,24873.1267,11.0375,20913.0451
82,600228.SH,20200828,11.8,11.87,11.4,11.58,11.88,-0.3000000000000007,-2.5253,18253.23,21034.419,11.956,18013.162,11.4115,20042.5162,11.3912,22289.3418,9.6744,26976.3999,9.1786,24895.5494,11.0268,21014.7575
83,600228.SH,20200827,12.51,12.88,11.88,11.88,12.5,-0.6199999999999992,-4.96,38787.34,47908.731,11.954,16659.256,11.3454,19279.3454,11.4041,21795.9235,9.641,26981.5512,9.1468,24819.8794,11.0231,21087.3157
84,600228.SH,20200826,12.41,12.5,12.31,12.5,11.9,0.5999999999999996,5.042,9775.02,12195.035,11.89,12049.988,11.2662,16839.5508,11.3915,20684.5318,9.6032,26864.633,9.1134,24615.7709,11.0099,21068.8865
85,600228.SH,20200825,12.19,12.19,11.75,11.9,11.92,-0.019999999999999574,-0.1678,11031.31,13151.693,11.742,18237.126,11.1354,16942.0246,11.3444,20529.6071,9.5622,27044.4601,9.0765,24591.7967,10.996,21466.6
86,600228.SH,20200824,11.49,11.99,11.49,11.92,11.57,0.34999999999999964,3.0251,12218.91,14390.045,11.61,21909.204,11.0531,17117.1554,11.2997,20970.4803,9.5231,27058.5282,9.044,24630.8483,10.9948,21830.2648
87,600228.SH,20200821,11.44,11.73,11.44,11.57,11.56,0.009999999999999787,0.0865,11483.7,13288.062,11.366,22601.834,10.9869,17121.7777,11.26,21289.9247,9.4842,27087.9029,9.0096,24618.0227,10.9948,22030.302
88,600228.SH,20200820,11.91,11.93,11.52,11.56,11.76,-0.1999999999999993,-1.7007,15741.0,18305.002,11.17,23753.194,10.9531,17345.6008,11.2291,21721.185,9.4475,27175.6598,8.9765,24589.4446,10.9919,22438.9344
89,600228.SH,20200819,11.4,11.8,11.29,11.76,11.24,0.5199999999999996,4.6263,40710.71,47569.488,10.936,25657.438,10.9115,19610.8569,11.1979,21666.0353,9.4107,27114.9306,8.9436,24538.0954,10.9917,22571.3885
90,600228.SH,20200818,10.85,11.24,10.73,11.24,10.7,0.5400000000000009,5.0467,29391.7,32569.648,10.736,20510.298,10.8662,17559.9162,11.1668,20893.3782,9.3723,26932.4026,8.9094,24343.8848,10.9971,22849.0444
91,600228.SH,20200817,10.59,10.81,10.51,10.7,10.59,0.10999999999999943,1.0387,15682.06,16761.696,10.632,16298.36,10.8592,16540.2477,11.1574,20447.0935,9.3387,26833.5538,8.8791,24237.8688,11.0179,23056.1569
92,600228.SH,20200814,10.42,10.64,10.31,10.59,10.39,0.1999999999999993,1.9249,17240.5,18092.042,10.662,14575.95,10.8992,16480.6323,11.16,20670.2076,9.3088,26783.2699,8.8531,24172.4549,11.0459,23645.1563
93,600228.SH,20200813,10.7,10.83,10.33,10.39,10.76,-0.3699999999999992,-3.4387,25262.22,26651.245,10.704,13349.286,10.9338,16312.5946,11.1671,20999.2859,9.2793,26752.1483,8.8279,24105.1153,11.0764,24416.2324
94,600228.SH,20200812,10.8,11.18,10.65,10.76,10.72,0.03999999999999915,0.3731,14975.01,16223.286,10.792,10958.444,10.9715,15277.5323,11.1691,21229.9376,9.2515,26660.3691,8.804,24006.7475,11.1015,24949.0545
95,600228.SH,20200811,10.89,10.89,10.7,10.72,10.85,-0.129999999999999,-1.1982,8332.01,8970.344,10.852,10419.242,10.9985,15797.6862,11.1471,21194.7568,9.2203,26667.9525,8.7782,23956.8953,11.118,25218.5132
96,600228.SH,20200810,10.6,10.85,10.6,10.85,10.8,0.049999999999998934,0.463,7070.01,7614.121,10.934,11631.52,11.0685,16396.1492,11.1288,21358.0509,9.1908,26678.7442,8.7528,23942.7297,11.1275,25665.7696
97,600228.SH,20200807,10.78,10.93,10.67,10.8,10.83,-0.02999999999999936,-0.277,11107.18,11976.957,10.968,19255.384,11.1446,17236.1354,11.1118,21572.7624,9.1603,26701.6269,8.7271,23927.4044,11.128,26327.6188
98,600228.SH,20200806,11.0,11.0,10.8,10.83,11.06,-0.23000000000000043,-2.0796,13308.01,14480.169,11.042,19843.644,11.2277,17513.8446,11.0971,21579.7526,9.1298,26714.0169,8.7016,23921.0365,11.1333,26994.0665
99,600228.SH,20200805,11.29,11.29,11.03,11.06,11.13,-0.07000000000000028,-0.6289,12279.0,13622.483,11.106,20409.244,11.3008,18539.1608,11.0765,21528.4826,9.0981,26679.719,8.6779,23867.2889,11.1427,28109.2479
100,600228.SH,20200804,10.91,11.26,10.9,11.13,11.02,0.11000000000000121,0.9982,14393.4,16035.111,11.138,20934.856,11.3677,20526.0915,11.0538,21698.92,9.0647,26674.9906,8.6528,23831.1233,11.1451,28525.5855
101,600228.SH,20200803,10.61,11.15,10.61,11.02,11.17,-0.15000000000000036,-1.3429,45189.33,48541.43,11.12,21067.378,11.4454,24150.4523,11.0374,21990.6318,9.0305,26627.6615,8.6279,23763.2156,11.1393,29347.7288
102,600228.SH,20200731,11.15,11.26,11.1,11.17,11.15,0.019999999999999574,0.1794,14048.48,15700.415,11.092,14390.794,11.5323,29404.5092,11.0094,21039.8832,8.997,26337.7147,8.6038,23543.0421,11.1283,29948.3445
103,600228.SH,20200730,11.17,11.34,11.05,11.15,11.22,-0.07000000000000028,-0.6239,16136.01,18072.385,11.08,15928.5,11.6438,28581.3454,10.9744,21054.0488,8.9621,26280.2392,8.5782,23499.3292,11.1088,30422.6287
104,600228.SH,20200729,11.1,11.31,10.9,11.22,11.04,0.1800000000000015,1.6304,14907.06,16626.098,11.176,15923.704,11.7108,27453.73,10.945,21007.9044,8.9281,26225.0933,8.5525,23440.8617,11.0936,30382.6419
105,600228.SH,20200728,10.98,11.31,10.8,11.04,10.88,0.15999999999999837,1.4706,15056.01,16655.357,11.3,16540.258,11.7285,26383.9577,10.9097,21450.1929,8.8932,26158.9555,8.5269,23378.1424,11.0711,30548.008
106,600228.SH,20200727,10.94,11.19,10.8,10.88,11.11,-0.22999999999999865,-2.0702,11806.41,12944.012,11.468,16472.536,11.7177,25572.54,10.8941,21514.2226,8.8597,26118.8447,8.5028,23320.4686,11.0449,31250.8336
107,600228.SH,20200724,11.58,11.76,11.07,11.11,11.63,-0.5200000000000014,-4.4712,21737.01,24688.074,11.648,19438.678,11.6792,26665.97,10.8897,21526.5824,8.8262,26133.071,8.4799,23316.7214,11.0215,32192.0316
108,600228.SH,20200723,11.84,11.88,11.55,11.63,11.84,-0.20999999999999908,-1.7736,16112.03,18812.511,11.812,22713.096,11.6377,26769.2785,10.8782,21363.6009,8.7921,26020.071,8.4544,23230.8524,10.9955,33097.7895
109,600228.SH,20200722,12.0,12.0,11.8,11.84,11.88,-0.040000000000000924,-0.3367,17989.83,21332.074,11.914,31792.708,11.5523,27541.1646,10.8476,21362.2038,8.7547,25937.9944,8.4263,23182.006,10.9567,33370.8691
110,600228.SH,20200721,11.84,11.98,11.78,11.88,11.78,0.10000000000000142,0.8489,14717.4,17504.123,11.976,50893.156,11.4492,27223.94,10.8188,21381.5641,8.7159,25852.8107,8.3978,23168.8828,10.9212,35782.708
111,600228.SH,20200720,12.0,12.01,11.59,11.78,11.93,-0.15000000000000036,-1.2573,26637.12,31321.15,12.124,48619.146,11.3585,27202.63,10.7968,21463.4362,8.6779,25873.0442,8.3713,23115.2591,10.8836,36799.0817
112,600228.SH,20200717,12.01,12.56,11.82,11.93,12.14,-0.21000000000000085,-1.7298,38109.1,46255.499,12.172,43587.124,11.2923,26247.3146,10.7694,21092.1097,8.6385,25757.8655,8.3447,22981.2939,10.8416,36450.2668
113,600228.SH,20200716,12.2,12.76,11.98,12.14,12.15,-0.009999999999999787,-0.0823,61510.09,75999.631,12.076,36165.308,11.2046,25105.6869,10.7376,20354.7541,8.5972,25539.4273,8.3171,22775.5478,10.7921,35956.9904
114,600228.SH,20200715,12.8,12.8,11.99,12.15,12.62,-0.46999999999999886,-3.7242,113492.07,138565.877,11.828,24764.806,11.1038,22561.0,10.7003,19252.855,8.5544,25161.3225,8.2886,22432.8963,10.7347,35139.856
115,600228.SH,20200714,12.62,12.62,12.62,12.62,12.02,0.5999999999999996,4.9917,3347.35,4224.356,11.474,7270.592,10.9738,16377.3315,10.6688,17511.7809,8.5117,24427.9686,8.2601,21794.17,10.6721,33631.8951
116,600228.SH,20200713,12.02,12.02,12.02,12.02,11.45,0.5700000000000003,4.9782,1477.01,1775.366,11.064,11217.126,10.7731,17179.7554,10.6168,18354.4768,8.4665,24484.4106,8.2288,21801.7182,10.5985,33589.7572
117,600228.SH,20200710,11.45,11.45,11.45,11.45,10.9,0.5499999999999989,5.0459,1000.02,1145.023,10.764,16151.034,10.6254,18134.14,10.5671,20371.0388,8.4268,24506.2863,8.202,21813.227,10.5284,33571.7041
118,600228.SH,20200709,10.9,10.9,10.9,10.9,10.38,0.5199999999999996,5.0096,4507.58,4913.262,10.574,18724.212,10.5346,19162.6154,10.5497,20511.3324,8.3913,24540.0369,8.1792,21834.724,10.4616,33561.1305
119,600228.SH,20200708,10.63,10.63,10.3,10.38,10.57,-0.1899999999999995,-1.7975,26021.0,27114.186,10.534,20710.77,10.4885,19688.5592,10.5653,20718.6688,8.3597,24568.7208,8.1605,21836.3714,10.398,33872.1605
120,600228.SH,20200707,10.53,10.57,10.39,10.57,10.52,0.05000000000000071,0.4753,23080.02,24212.034,10.642,18350.174,10.4692,18576.5462,10.6138,21247.3185,8.332,24433.5055,8.1446,21726.3951,10.3375,33983.6153
121,600228.SH,20200706,10.5,10.65,10.4,10.52,10.5,0.019999999999999574,0.1905,26146.55,27457.552,10.686,18387.758,10.4477,18191.4577,10.6506,21420.84,8.3033,24314.4638,8.1275,21632.7737,10.2708,33881.9505
122,600228.SH,20200703,10.64,10.65,10.4,10.5,10.7,-0.1999999999999993,-1.8692,13865.91,14578.667,10.748,18844.28,10.4515,18050.3077,10.6724,21127.7356,8.2754,24164.0019,8.1102,21512.516,10.204,33824.2235
123,600228.SH,20200702,10.95,10.95,10.66,10.7,10.92,-0.22000000000000064,-2.0147,14440.37,15562.934,10.74,22691.974,10.4185,17973.2285,10.6874,21240.3265,8.2476,24137.3706,8.0928,21459.842,10.1413,33849.3336
124,600228.SH,20200701,10.75,10.96,10.6,10.92,10.79,0.13000000000000078,1.2048,14218.02,15406.322,10.602,22559.672,10.3631,17980.1315,10.705,21512.5244,8.2206,24066.4282,8.0746,21398.183,10.0763,33910.6923
125,600228.SH,20200630,10.79,11.17,10.76,10.79,10.83,-0.040000000000000924,-0.3693,23267.94,25542.475,10.438,22492.87,10.3038,18006.9838,10.7041,22194.4988,8.1922,24010.5184,8.0546,21358.8582,10.0095,34008.5439
126,600228.SH,20200629,10.48,10.98,10.48,10.83,10.46,0.3699999999999992,3.5373,28429.16,30811.283,10.334,20713.322,10.2446,18520.5938,10.7238,22674.9574,8.1653,23869.1924,8.0348,21262.1963,9.9457,33949.762
127,600228.SH,20200624,9.99,10.51,9.8,10.46,10.01,0.45000000000000107,4.4955,33104.38,33734.409,10.228,17296.46,10.22,17659.3523,10.7526,22965.4576,8.1384,23727.1845,8.0136,21136.3433,9.8819,33957.1727
128,600228.SH,20200623,10.1,10.16,9.95,10.01,10.1,-0.08999999999999986,-0.8911,13778.86,13830.078,10.162,12988.55,10.2408,16053.3723,10.7956,22792.4376,8.1132,23543.5499,7.9957,20976.5778,9.82,33716.2445
129,600228.SH,20200622,10.26,10.3,10.01,10.1,10.27,-0.16999999999999993,-1.6553,13884.01,14110.617,10.218,13847.552,10.2954,16239.2785,10.835,23626.3279,8.091,23491.3009,7.981,20977.2899,9.7631,33685.9397
130,600228.SH,20200619,10.2,10.4,10.1,10.27,10.3,-0.030000000000001137,-0.2913,14370.2,14730.303,10.312,15933.07,10.3331,16407.0108,10.8776,23973.1235,8.0687,23424.7974,7.967,20978.1581,9.7053,33685.5135
131,600228.SH,20200618,10.1,10.5,10.1,10.3,10.13,0.16999999999999993,1.6782,11344.85,11689.133,10.272,15631.806,10.3785,16736.0785,10.9332,25360.3206,8.0458,23361.8733,7.9499,20969.3226,9.6445,33686.6716
132,600228.SH,20200617,10.32,10.32,10.03,10.13,10.29,-0.15999999999999837,-1.5549,11564.83,11704.362,10.208,16268.858,10.4423,17209.6323,11.0068,26347.9762,8.023,23360.6808,7.9334,21002.5602,9.582,33753.7536
133,600228.SH,20200616,10.41,10.7,10.29,10.29,10.57,-0.28000000000000114,-2.649,18073.87,18893.861,10.212,16869.312,10.4977,17397.8777,11.0853,27768.3344,7.9999,23330.5441,7.9183,21068.9829,9.5237,33866.6892
134,600228.SH,20200615,10.06,10.57,9.97,10.57,10.07,0.5,4.9652,24311.6,25503.238,10.158,19243.512,10.5408,17010.5808,11.1615,29444.7268,7.9761,23259.5936,7.9007,21074.8476,9.4624,33801.9056
135,600228.SH,20200612,9.7,10.15,9.6,10.07,9.98,0.08999999999999986,0.9018,12863.88,12833.526,10.146,17827.796,10.5638,16990.1131,11.2115,30648.0291,7.9515,23200.2908,7.8805,21028.543,9.3971,33690.6057
136,600228.SH,20200611,10.03,10.18,9.98,9.98,10.15,-0.16999999999999993,-1.6749,14530.11,14599.315,10.278,17700.348,10.6415,20177.1646,11.2682,31304.5153,7.933,23150.2292,7.8617,20989.8106,9.338,33784.9407
137,600228.SH,20200610,10.1,10.26,9.99,10.15,10.02,0.13000000000000078,1.2974,14567.1,14701.813,10.426,18033.454,10.7085,21520.9262,11.3109,32108.8132,7.9143,23077.0826,7.843,20947.8561,9.2788,33812.5999
138,600228.SH,20200609,10.6,10.6,9.98,10.02,10.51,-0.4900000000000002,-4.6622,29944.87,30753.825,10.514,18332.94,10.7223,25788.0815,11.3326,33348.2721,7.8942,22999.1027,7.8235,20901.5419,9.2176,33931.2385
139,600228.SH,20200608,10.72,10.85,10.41,10.51,10.73,-0.22000000000000064,-2.0503,17233.02,18299.038,10.682,16073.582,10.7869,23928.4762,11.3674,34264.3276,7.8756,22816.1661,7.8051,20764.3296,9.1585,33860.8105
140,600228.SH,20200605,10.7,10.86,10.59,10.73,10.72,0.009999999999999787,0.0933,12226.64,13080.436,10.806,16127.188,10.8577,23491.8608,11.3974,36608.845,7.8535,22735.0154,7.7832,20699.4952,9.0919,33945.2388
141,600228.SH,20200604,10.54,10.97,10.32,10.72,10.59,0.13000000000000078,1.2276,16195.64,17433.38,10.83,16484.264,10.9577,25935.5877,11.4124,37528.7768,7.8298,22682.2124,7.7596,20670.7814,9.0261,33793.5903
142,600228.SH,20200603,10.85,10.85,10.58,10.59,10.86,-0.2699999999999996,-2.4862,16064.53,17136.439,10.856,15852.938,11.0423,26918.9808,11.4118,39289.3212,7.8074,22593.5065,7.7363,20590.2201,8.9647,33800.7819
143,600228.SH,20200602,11.0,11.13,10.7,10.86,11.13,-0.27000000000000135,-2.4259,18648.08,20308.82,10.912,17449.136,11.0938,26927.94,11.4,41470.8206,7.7867,22514.1209,7.7133,20529.3176,8.9069,33794.2281
144,600228.SH,20200601,10.71,11.28,10.71,11.13,10.85,0.28000000000000114,2.5806,17501.05,19381.41,10.956,24578.63,11.1054,26854.5492,11.3662,42381.7532,7.7649,22417.8565,7.6893,20456.6531,8.8467,33708.5805
145,600228.SH,20200529,10.75,10.9,10.6,10.85,10.85,0.0,0.0,14012.02,15067.276,10.9,27478.222,11.1185,27331.0146,11.3332,42253.3988,7.741,22347.9533,7.6629,20400.3902,8.7837,33709.6337
146,600228.SH,20200528,10.9,11.05,10.79,10.85,10.87,-0.019999999999999574,-0.184,13039.01,14223.746,10.796,38683.842,11.1215,29130.4862,11.2944,42644.5018,7.7191,22301.0504,7.6382,20339.4848,8.7265,33651.2468
147,600228.SH,20200527,11.28,11.47,10.83,10.87,11.08,-0.21000000000000085,-1.8953,24045.52,26777.853,10.798,37230.04,11.1685,31173.9108,11.2424,44254.1759,7.6965,22250.9392,7.6136,20294.6902,8.6693,33687.1127
148,600228.SH,20200526,11.27,11.39,10.85,11.08,10.85,0.23000000000000043,2.1198,54295.55,61247.044,10.91,34732.34,11.2408,32270.8838,11.1909,45970.3741,7.6735,22118.4287,7.5891,20185.1819,8.6144,33513.7991
149,600228.SH,20200525,10.39,10.85,10.23,10.85,10.33,0.5199999999999996,5.0339,31999.01,34159.913,11.1,32672.248,11.3054,30188.28,11.1344,47010.7653,7.6495,21769.2929,7.5633,19896.0162,8.5577,32994.4185
150,600228.SH,20200522,10.32,10.92,10.32,10.33,10.86,-0.5299999999999994,-4.8803,70040.12,72696.235,11.294,32068.396,11.3438,30967.6738,11.0718,47145.8826,7.6265,21599.6618,7.5393,19735.9333,8.5057,32928.5408
151,600228.SH,20200521,10.86,10.86,10.86,10.86,11.43,-0.5700000000000003,-4.9869,5770.0,6266.22,11.48,21296.572,11.4377,27554.9769,11.0379,50935.2247,7.6065,21161.4116,7.5186,19350.9215,8.4603,32435.6217
152,600228.SH,20200520,11.43,11.47,11.43,11.43,12.03,-0.5999999999999996,-4.9875,11557.02,13212.201,11.51,23681.372,11.5377,31844.5846,10.985,53440.3844,7.5814,21171.0644,7.4944,19362.7738,8.4056,32611.9553
153,600228.SH,20200519,11.96,12.41,11.86,12.03,11.82,0.20999999999999908,1.7766,43995.09,53842.021,11.484,26108.988,11.6431,34411.3631,10.9026,53114.4721,7.5536,21133.1962,7.4676,19393.0699,8.3391,32750.5433
154,600228.SH,20200518,11.38,11.82,11.14,11.82,11.26,0.5600000000000005,4.9734,28979.75,33367.106,11.256,24791.0,11.7023,35631.5108,10.7906,51853.245,7.5224,20924.197,7.4354,19171.2233,8.2665,32639.5439
155,600228.SH,20200515,10.91,11.45,10.91,11.26,11.01,0.25,2.2707,16181.0,18216.836,11.184,26915.756,11.7838,39177.0077,10.6732,51007.5174,7.494,20820.3844,7.404,19026.4023,8.1927,32427.242
156,600228.SH,20200514,11.3,11.3,10.9,11.01,11.3,-0.2900000000000009,-2.5664,17694.0,19633.722,11.294,31340.79,11.8615,42949.5369,10.5615,50543.2232,7.4671,20797.44,7.3757,18957.7337,8.1268,32430.8136
157,600228.SH,20200513,10.93,11.33,10.83,11.3,10.89,0.41000000000000014,3.7649,23695.1,26350.232,11.476,33246.33,11.9377,44294.9531,10.4465,50028.3118,7.4428,20792.3567,7.3489,18886.4379,8.0637,32516.5028
158,600228.SH,20200512,10.92,11.31,10.89,10.89,11.46,-0.5700000000000003,-4.9738,37405.15,41250.839,11.486,36933.536,11.9477,45693.5023,10.3129,49335.0156,7.4169,20786.0731,7.3202,18772.4196,7.9965,32293.8481
159,600228.SH,20200511,11.57,11.93,11.22,11.46,11.81,-0.34999999999999964,-2.9636,39603.53,45178.231,11.618,34587.518,11.9477,47178.3908,10.1821,48240.9524,7.392,20658.711,7.2944,18599.1998,7.9344,31987.4684
160,600228.SH,20200508,12.12,12.48,11.71,11.81,11.92,-0.10999999999999943,-0.9228,38306.17,46080.742,11.758,38973.792,11.9277,48831.2546,10.0253,47894.8141,7.3622,20498.1734,7.266,18402.6116,7.8669,31661.5209
161,600228.SH,20200507,11.59,11.92,11.41,11.92,11.35,0.5700000000000003,5.022,27221.7,32008.046,11.956,40297.586,11.9062,53342.0577,9.8497,47779.3418,7.328,20276.0341,7.2344,18202.0189,7.7947,31263.3211
162,600228.SH,20200506,10.97,11.88,10.97,11.35,11.55,-0.20000000000000107,-1.7316,42131.13,47623.959,12.132,46824.648,11.8538,54594.5669,9.6629,47433.2671,7.2926,20138.6598,7.2024,18076.9023,7.7204,31070.4851
163,600228.SH,20200430,11.66,11.95,11.55,11.55,12.16,-0.6099999999999994,-5.0164,25675.06,29807.218,12.438,53412.664,11.8038,57204.03,9.4912,46835.7932,7.2614,19892.8881,7.1736,17919.7478,7.6541,30669.3501
164,600228.SH,20200429,12.69,12.9,12.16,12.16,12.8,-0.6400000000000006,-5.0,61534.9,75378.223,12.582,61322.428,11.6992,62170.2185,9.3221,46543.8553,7.2292,19761.5057,7.1454,17806.1793,7.5839,30541.2429
165,600228.SH,20200428,12.66,13.19,12.61,12.8,12.8,0.0,0.0,44925.14,57665.37,12.55,56052.33,11.5108,61253.6715,9.1356,45294.0721,7.192,19377.7633,7.1146,17500.9314,7.5079,29852.5911
166,600228.SH,20200427,12.98,13.11,12.4,12.8,12.88,-0.08000000000000007,-0.6211,59857.01,76199.429,12.276,55442.55,11.2962,58808.43,8.9329,44606.7706,7.15,19116.9915,7.08,17265.9864,7.4233,29391.7908
167,600228.SH,20200424,12.06,12.88,12.06,12.88,12.27,0.6100000000000012,4.9715,75071.21,95577.365,11.894,54812.888,11.0446,56304.7769,8.7332,43400.9556,7.1081,18719.24,7.0458,16935.2942,7.3381,28765.5819
168,600228.SH,20200423,12.5,12.55,12.01,12.27,12.0,0.2699999999999996,2.25,65223.88,80137.302,11.558,52016.798,10.7523,55742.9862,8.5321,42045.4776,7.0652,18237.9955,7.0112,16516.5415,7.25,27876.2205
169,600228.SH,20200422,11.5,12.0,11.43,12.0,11.43,0.5700000000000003,4.9869,35184.41,41857.923,11.41,58361.344,10.51,57063.9385,8.3424,40569.3274,7.0273,17829.2726,6.9802,16154.554,7.1697,27161.2103
170,600228.SH,20200421,10.78,11.43,10.78,11.43,10.89,0.5399999999999991,4.9587,41876.24,46475.839,11.258,60025.326,10.2915,61255.0492,8.1582,39872.9035,6.9903,17640.4408,6.9511,15976.3624,7.0924,26793.1249
171,600228.SH,20200420,11.19,11.19,10.64,10.89,11.2,-0.3099999999999987,-2.7679,56708.7,61585.365,11.112,66860.908,10.0831,60848.6462,7.9918,39048.6624,6.9572,17375.4599,6.9253,15752.4675,7.0227,26280.6017
172,600228.SH,20200417,11.38,11.88,11.2,11.2,11.53,-0.33000000000000007,-2.8621,61090.76,70344.379,10.972,73566.27,9.9515,71784.7269,7.8394,37805.9671,6.9281,17019.6267,6.903,15444.3627,6.9593,25601.4457
173,600228.SH,20200416,11.66,11.8,11.11,11.53,11.24,0.28999999999999915,2.5801,96946.61,112692.801,10.674,71272.076,9.7869,74081.24,7.675,36490.8271,6.8971,16633.848,6.8783,15098.6947,6.8933,24896.1689
174,600228.SH,20200415,10.8,11.24,10.7,11.24,10.7,0.5400000000000009,5.0467,43504.32,48643.846,10.37,54510.154,9.5638,66660.4238,7.5053,34228.7209,6.8637,15998.292,6.8515,14570.6272,6.8223,23675.3237
175,600228.SH,20200414,10.21,10.7,9.91,10.7,10.19,0.5099999999999998,5.0049,76054.15,79136.945,10.028,51271.194,9.3315,63399.5815,7.3421,33337.8615,6.8328,15730.519,6.8276,14339.2378,6.7552,23219.0003
176,600228.SH,20200413,9.78,10.2,9.69,10.19,9.71,0.47999999999999865,4.9434,90235.51,91247.875,9.704,49613.95,9.1108,57566.5708,7.1941,31570.5074,6.806,15236.9008,6.8065,13920.5682,6.6933,22389.6783
177,600228.SH,20200410,10.51,10.51,9.53,9.71,10.01,-0.29999999999999893,-2.997,49619.79,50039.489,9.49,48046.1,8.9008,50655.7623,7.0603,29502.9629,6.7822,14664.2447,6.7891,13403.7664,6.6401,21259.4048
178,600228.SH,20200409,9.95,10.01,9.81,10.01,9.53,0.4800000000000004,5.0367,13137.0,13077.409,9.38,56055.912,8.7,46853.2408,6.9376,28531.9265,6.7627,14435.4757,6.7745,13145.2243,6.5939,20655.0476
179,600228.SH,20200408,9.01,9.53,9.01,9.53,9.08,0.4499999999999993,4.9559,27309.52,25571.382,9.122,60747.112,8.45,45852.1662,6.8068,28835.6912,6.7389,14389.4063,6.758,13107.1189,6.5439,20556.1993
180,600228.SH,20200407,9.05,9.27,8.81,9.08,9.12,-0.03999999999999915,-0.4386,67767.93,61179.863,9.052,95060.758,8.2123,43767.3569,6.6909,28757.8456,6.718,14231.0417,6.7444,13022.383,6.5023,20427.1528
181,600228.SH,20200403,9.07,9.57,8.82,9.12,9.16,-0.040000000000000924,-0.4367,82396.26,75723.178,9.048,99696.258,7.9854,40695.58,6.5859,27457.7635,6.6999,13792.2089,6.7337,12766.9318,6.4625,19657.5988
182,600228.SH,20200402,8.6,9.16,8.6,9.16,8.72,0.4399999999999995,5.0459,89668.85,80279.517,8.95,83312.206,7.7331,37002.03,6.4882,25059.4324,6.6815,13259.214,6.7207,12306.2175,6.4207,18647.702
183,600228.SH,20200401,8.85,8.97,8.72,8.72,9.18,-0.4599999999999991,-5.0109,36593.0,32060.669,8.762,65601.11,7.4569,31293.2846,6.3985,22914.3194,6.6628,12667.2499,6.7077,11808.2125,6.3784,17546.2907
184,600228.SH,20200331,9.07,9.51,8.64,9.18,9.06,0.11999999999999922,1.3245,198877.75,182424.66,8.584,58327.512,7.21,30156.6708,6.3262,22296.0841,6.6475,12469.5972,6.6967,11653.1896,6.342,17163.5721
185,600228.SH,20200330,9.06,9.06,9.03,9.06,8.63,0.4299999999999997,4.9826,90945.43,82391.992,8.24,18630.962,6.95,16069.8569,6.2426,16806.2829,6.63,11132.8081,6.6843,10511.493,6.3011,14664.8688
186,600228.SH,20200327,8.63,8.63,8.63,8.63,8.22,0.41000000000000014,4.9878,476.0,410.788,7.848,479.278,6.7008,10538.8446,6.1647,14648.4774,6.612,10531.8398,6.6724,10019.3188,6.2644,13513.9577
187,600228.SH,20200326,8.22,8.22,8.22,8.22,7.83,0.39000000000000057,4.9808,1113.37,915.19,7.474,408.684,6.4915,12160.4515,6.1038,14917.8009,6.5973,10570.7356,6.6639,10061.4135,6.2339,13585.7459
188,600228.SH,20200325,7.83,7.83,7.83,7.83,7.46,0.3700000000000001,4.9598,225.01,176.183,7.118,227.41,6.3215,13525.5231,6.055,15347.6709,6.5852,10671.1428,6.6583,10131.6184,6.2089,13686.0751
189,600228.SH,20200324,7.46,7.46,7.46,7.46,7.1,0.3600000000000003,5.0704,395.0,294.67,6.778,5749.374,6.1838,15737.8269,6.0232,15665.9647,6.5781,10714.5942,6.6549,10202.4528,6.1897,13770.4083
190,600228.SH,20200323,7.1,7.1,7.1,7.1,6.76,0.33999999999999986,5.0296,187.01,132.777,6.454,12546.396,6.0577,16863.9631,6.0047,16105.5826,6.5744,10780.9344,6.6529,10263.5357,6.176,13844.3152
191,600228.SH,20200320,6.76,6.76,6.76,6.76,6.44,0.3199999999999994,4.9689,123.03,83.168,6.148,15600.026,5.9531,17734.6546,6.0003,16895.9112,6.5735,10815.8818,6.6526,10355.7676,6.1681,13901.5555
192,600228.SH,20200319,6.44,6.44,6.44,6.44,6.13,0.3100000000000005,5.0571,207.0,133.308,5.898,19938.824,5.8769,18790.7323,6.005,17864.9747,6.5753,10842.5971,6.6541,10518.6436,6.1645,14033.6619
193,600228.SH,20200304,5.79,6.13,5.77,6.13,5.84,0.29000000000000004,4.9658,27834.83,16922.225,5.77,23047.258,5.8208,19886.8908,6.0144,18417.5635,6.5794,10871.0346,6.6594,10561.8831,6.1696,14087.2307
194,600228.SH,20200303,5.59,5.85,5.57,5.84,5.57,0.2699999999999996,4.8474,34380.11,19827.298,5.708,21288.746,5.7808,19005.4423,6.0235,18244.5132,6.5856,10705.8483,6.6669,10435.6153,6.1788,13798.3264
195,600228.SH,20200302,5.47,5.6,5.44,5.57,5.51,0.0600000000000005,1.0889,15455.16,8531.48,5.722,18724.102,5.7746,17901.9723,6.0456,18282.455,6.5943,10502.306,6.6764,10355.8646,6.1933,13378.8183
196,600228.SH,20200228,5.62,5.71,5.51,5.51,5.8,-0.29000000000000004,-5.0,21817.02,12151.808,5.81,19404.93,5.7838,17729.66,6.0665,18211.9241,6.6047,10423.0201,6.686,10306.0472,6.2117,13279.1497
197,600228.SH,20200227,5.8,5.87,5.73,5.8,5.82,-0.020000000000000462,-0.3436,15749.17,9142.288,5.916,20838.518,5.7962,17279.4362,6.0903,18054.0374,6.6158,10303.7283,6.6961,10214.1654,6.2293,13077.0695
198,600228.SH,20200226,5.85,5.98,5.8,5.82,5.91,-0.08999999999999986,-1.5228,19042.27,11194.291,5.92,20695.638,5.7838,17601.7308,6.1044,18300.2585,6.6244,10212.9206,6.7042,10209.0995,6.2428,12950.4805
199,600228.SH,20200225,5.9,6.01,5.77,5.91,6.01,-0.09999999999999964,-1.6639,21556.89,12735.795,5.904,19188.384,5.7623,17414.2138,6.1174,17945.9565,6.6326,10134.1772,6.7115,10178.1351,6.2571,12754.0169
200,600228.SH,20200224,6.0,6.07,5.95,6.01,6.04,-0.03000000000000025,-0.4967,18859.3,11335.259,5.876,17647.414,5.7354,17560.9915,6.1268,17736.2441,6.6416,10015.0286,6.7197,10123.8908,6.2712,12537.3803
201,600228.SH,20200221,5.84,6.11,5.81,6.04,5.82,0.21999999999999975,3.7801,28984.96,17490.942,5.816,16766.966,5.7031,18007.4123,6.1382,17627.3668,6.6494,9920.8599,6.7273,10167.8347,6.2847,12434.898
202,600228.SH,20200220,5.75,5.87,5.72,5.82,5.74,0.08000000000000007,1.3937,15034.77,8697.654,5.73,14245.174,5.6623,17590.5031,6.1485,17023.1379,6.6578,9739.6865,6.7369,10128.7757,6.2948,12144.7671
203,600228.SH,20200219,5.74,5.81,5.72,5.74,5.77,-0.02999999999999936,-0.5199,11506.0,6636.991,5.718,15245.22,5.6608,16499.5977,6.1641,16956.2035,6.6676,9676.4324,6.7501,10125.2599,6.3088,12049.0635
204,600228.SH,20200218,5.7,5.81,5.7,5.77,5.71,0.05999999999999961,1.0508,13852.04,7973.938,5.708,15587.04,5.6892,16901.8292,6.1829,16972.0862,6.6779,9643.0379,6.763,10126.9583,6.326,12105.9435
205,600228.SH,20200217,5.6,5.72,5.6,5.71,5.61,0.09999999999999964,1.7825,14457.06,8222.197,5.688,16009.454,5.7269,17034.2108,6.1979,17037.2326,6.6881,9637.0456,6.7753,10116.0653,6.3477,11996.6496
206,600228.SH,20200214,5.76,5.76,5.57,5.61,5.76,-0.14999999999999947,-2.6042,16376.0,9247.466,5.674,17105.842,5.7754,16862.4762,6.22,16902.79,6.699,9707.4596,6.7876,10101.6396,6.3688,11857.1821
207,600228.SH,20200213,5.66,5.91,5.66,5.76,5.69,0.0699999999999994,1.2302,20035.0,11572.277,5.66,17151.552,5.8369,16955.0946,6.245,16725.9994,6.7081,9625.2342,6.7995,10064.6869,6.3908,11683.3421
208,600228.SH,20200212,5.67,5.71,5.6,5.69,5.67,0.020000000000000462,0.3527,13215.1,7484.798,5.62,17837.552,5.8985,16154.9408,6.2641,16515.8918,6.7164,9524.3384,6.8105,10020.3911,6.4117,11464.2355
209,600228.SH,20200211,5.67,5.68,5.59,5.67,5.64,0.03000000000000025,0.5319,15964.11,9012.013,5.6,20127.086,5.9654,16348.3138,6.2812,16373.3626,6.7246,9504.7484,6.8228,10068.6469,6.4336,11361.9984
210,600228.SH,20200210,5.52,5.69,5.48,5.64,5.54,0.09999999999999964,1.8051,19939.0,11133.723,5.568,21647.292,6.0485,15970.0746,6.2982,16244.9509,6.7343,9435.0741,6.8352,10155.5469,6.4556,11210.7836
211,600228.SH,20200207,5.53,5.55,5.45,5.54,5.56,-0.019999999999999574,-0.3597,16604.55,9129.766,5.6,17830.092,6.14,15616.46,6.3147,15881.3924,6.7442,9350.5533,6.8456,10132.5111,6.4804,10990.5569
212,600228.SH,20200206,5.59,5.6,5.43,5.56,5.59,-0.03000000000000025,-0.5367,23465.0,12915.402,5.714,17856.184,6.2485,16420.5854,6.3341,15494.1115,6.7556,9287.9522,6.8544,10113.713,6.5079,10830.9363
213,600228.SH,20200205,5.51,5.65,5.48,5.59,5.51,0.08000000000000007,1.4519,24662.77,13734.549,5.854,16277.784,6.3531,17159.5231,6.3512,14973.7291,6.7676,9215.1258,6.8637,10023.7782,6.5368,10581.8829
214,600228.SH,20200204,5.51,5.59,5.51,5.51,5.8,-0.29000000000000004,-5.0,23565.14,12989.39,6.004,13790.132,6.4431,16723.5423,6.3706,14489.3829,6.779,9128.5512,6.8718,9927.0932,6.5648,10352.1793
215,600228.SH,20200203,5.8,5.8,5.8,5.8,6.11,-0.3100000000000005,-5.0736,853.0,494.74,6.184,12593.112,6.5146,16599.3869,6.3909,13954.6206,6.7903,9039.335,6.8801,9835.4296,6.5939,10134.7508
216,600228.SH,20200123,6.16,6.23,6.04,6.11,6.26,-0.14999999999999947,-2.3962,16735.01,10253.569,6.336,14349.112,6.5754,19277.6277,6.4029,14202.4753,6.799,9142.9545,6.8879,9878.9681,6.6179,10201.0175
217,600228.SH,20200122,6.34,6.35,6.22,6.26,6.34,-0.08000000000000007,-1.2618,15573.0,9754.264,6.426,14147.9,6.5885,18994.7123,6.4015,14117.7691,6.8053,9218.7466,6.8939,9823.7513,6.6371,10044.0707
218,600228.SH,20200121,6.4,6.41,6.27,6.34,6.41,-0.07000000000000028,-1.092,12224.51,7731.22,6.524,13242.7,6.5931,19062.0869,6.3997,13820.475,6.8127,9162.7847,6.8986,9834.2599,6.6553,9890.0307
219,600228.SH,20200120,6.42,6.52,6.29,6.41,6.56,-0.14999999999999947,-2.2866,17580.04,11245.031,6.622,13866.2,6.5885,19977.1777,6.3968,13587.1953,6.8201,9123.0003,6.9046,9824.3042,6.6713,9827.9989
220,600228.SH,20200117,6.54,6.64,6.49,6.56,6.56,0.0,0.0,9633.0,6349.512,6.73,15761.828,6.5769,19163.0208,6.3924,13238.47,6.8272,9146.0711,6.912,9778.9616,6.6851,9686.0263
221,600228.SH,20200116,6.69,6.74,6.56,6.56,6.75,-0.1900000000000004,-2.8148,15728.95,10420.552,6.802,20449.466,6.5515,19531.7646,6.3879,13473.7062,6.8316,9128.0365,6.9186,9781.7959,6.6943,9653.0529
222,600228.SH,20200115,6.86,6.86,6.67,6.75,6.83,-0.08000000000000007,-1.1713,11047.0,7482.315,6.842,21102.68,6.5392,19487.8046,6.3744,13306.7188,6.8362,9062.4813,6.9254,9736.0151,6.7059,9524.7203
223,600228.SH,20200114,6.85,6.99,6.82,6.83,6.95,-0.1200000000000001,-1.7266,15342.01,10561.473,6.78,23283.504,6.5115,19287.3569,6.3518,13177.5129,6.8391,9089.1899,6.9307,9720.7273,6.7163,9562.7497
224,600228.SH,20200113,6.9,7.09,6.57,6.95,6.92,0.03000000000000025,0.4335,27058.18,18369.307,6.732,27349.128,6.4746,19088.6638,6.3271,12934.0126,6.8406,9078.546,6.9347,9704.2375,6.7284,9545.2661
225,600228.SH,20200110,6.8,7.1,6.73,6.92,6.76,0.16000000000000014,2.3669,33071.19,22949.811,6.598,24548.914,6.4308,17933.8815,6.2988,12370.2165,6.8431,8976.6808,6.937,9611.6523,6.7341,9356.1837
226,600228.SH,20200109,6.42,6.76,6.42,6.76,6.44,0.3199999999999994,4.9689,18995.02,12707.167,6.478,21224.45,6.3815,16625.8685,6.275,11735.0344,6.8457,8929.5602,6.9396,9520.4973,6.742,9141.3947
227,600228.SH,20200108,6.54,6.57,6.42,6.44,6.59,-0.14999999999999947,-2.2762,21951.12,14221.821,6.382,22249.584,6.3585,15925.1754,6.2618,11312.4485,6.8519,8953.0948,6.9439,9537.4621,6.7529,9191.9979
228,600228.SH,20200107,6.26,6.59,6.25,6.59,6.28,0.3099999999999996,4.9363,35670.13,23245.245,6.346,19258.56,6.36,15033.9446,6.2588,10839.1835,6.8631,8900.9384,6.9518,9513.734,6.7644,9153.5164
229,600228.SH,20200106,6.24,6.35,6.22,6.28,6.32,-0.040000000000000036,-0.6329,13057.11,8217.102,6.274,15009.868,6.3462,13281.73,6.2518,10044.1226,6.8724,8735.1252,6.9612,9521.5385,6.772,8897.7295
230,600228.SH,20200103,6.25,6.37,6.21,6.32,6.28,0.040000000000000036,0.6369,16448.87,10367.809,6.298,15429.94,6.3454,12921.1146,6.255,9852.7371,6.8832,8727.8613,6.9749,9568.2183,6.7801,8807.8761
231,600228.SH,20200102,6.28,6.29,6.2,6.28,6.26,0.020000000000000462,0.3195,24120.69,15052.374,6.312,13828.402,6.34,12547.9792,6.2582,9543.5944,6.8934,8697.0992,6.9909,9628.6695,6.7868,8687.7552
232,600228.SH,20191231,6.17,6.29,6.17,6.26,6.23,0.02999999999999936,0.4815,6996.0,4360.018,6.326,11556.064,6.3338,11275.4654,6.265,8965.9279,6.9027,8599.9485,7.0072,9607.1151,6.7945,8456.0127
233,600228.SH,20191230,6.25,6.31,6.1,6.23,6.4,-0.16999999999999993,-2.6562,14426.67,8978.086,6.35,12566.066,6.3292,11001.6962,6.2718,9055.1929,6.9122,8638.511,7.0253,9712.2808,6.8032,8452.8127
234,600228.SH,20191227,6.38,6.45,6.32,6.4,6.39,0.010000000000000675,0.1565,15157.47,9669.216,6.36,12894.136,6.3223,10335.9523,6.2891,8755.1338,6.9229,8686.731,7.043,9766.4874,6.8109,8344.1371
235,600228.SH,20191226,6.35,6.4,6.31,6.39,6.35,0.040000000000000036,0.6299,8441.18,5384.001,6.372,11839.844,6.3108,9800.3777,6.3015,8490.7085,6.9324,8794.3194,7.0607,9895.3962,6.8156,8240.3575
236,600228.SH,20191225,6.38,6.4,6.3,6.35,6.38,-0.03000000000000025,-0.4702,12759.0,8087.529,6.386,12224.632,6.2962,9565.15,6.3174,8328.2326,6.9393,8847.1303,7.0809,10080.0644,6.8207,8162.2189
237,600228.SH,20191224,6.27,6.4,6.24,6.38,6.28,0.09999999999999964,1.5924,12046.01,7629.494,6.398,12251.1,6.2854,9297.5392,6.335,8187.6744,6.9441,8851.7738,7.1012,10549.4611,6.8253,8069.0589
238,600228.SH,20191223,6.41,6.43,6.2,6.28,6.46,-0.17999999999999972,-2.7864,16067.02,10125.967,6.376,11515.72,6.2608,9436.6923,6.3482,8029.2918,6.9492,8825.5239,7.1234,10807.8067,6.8311,7993.3493
239,600228.SH,20191220,6.47,6.56,6.44,6.46,6.46,0.0,0.0,9886.01,6434.47,6.37,10621.938,6.2546,8621.1523,6.3638,7740.7029,6.954,8771.746,7.1434,10943.3357,6.8363,7885.6907
240,600228.SH,20191219,6.43,6.51,6.33,6.46,6.41,0.04999999999999982,0.78,10365.12,6627.544,6.318,10160.338,6.2377,8190.9208,6.3765,7576.6291,6.9571,8759.1626,7.1616,11104.6685,6.8391,7803.4639
241,600228.SH,20191218,6.26,6.53,6.24,6.41,6.27,0.14000000000000057,2.2329,12891.34,8229.789,6.266,8774.714,6.2223,7833.8638,6.3915,7427.9238,6.9617,8744.2035,7.1791,11233.0702,6.8421,7738.1785
242,600228.SH,20191217,6.23,6.28,6.18,6.27,6.25,0.019999999999999574,0.32,8369.11,5219.952,6.212,7350.846,6.2223,8198.4554,6.4094,7377.3882,6.9667,8706.0926,7.195,11312.9982,6.8465,7640.1423
243,600228.SH,20191216,6.18,6.32,6.14,6.25,6.2,0.04999999999999982,0.8065,11598.11,7185.681,6.208,7316.024,6.2092,8327.8608,6.425,7343.7421,6.9721,8768.4526,7.2119,11504.7296,6.8525,7600.9081
244,600228.SH,20191213,6.24,6.3,6.15,6.2,6.2,0.0,0.0,7578.01,4700.622,6.198,6073.046,6.1885,7947.5446,6.4432,7233.7094,6.9798,8761.1185,7.2285,11629.0195,6.8599,7512.2
245,600228.SH,20191212,6.14,6.24,6.14,6.2,6.14,0.0600000000000005,0.9772,3437.0,2128.331,6.2,6413.456,6.1723,7907.9285,6.4676,7474.7091,6.9899,8777.3624,7.2449,11863.8433,6.8683,7477.4683
246,600228.SH,20191211,6.22,6.22,6.11,6.14,6.25,-0.11000000000000032,-1.76,5772.0,3556.957,6.172,8497.056,6.1562,8250.3985,6.5029,7539.9444,7.0002,8823.7166,7.2601,12093.3726,6.8757,7535.282
247,600228.SH,20191210,6.2,6.26,6.06,6.25,6.2,0.04999999999999982,0.8065,8195.0,5050.721,6.184,8435.656,6.1538,8689.0908,6.5368,7487.7385,7.0111,8839.1333,7.2766,12317.2765,6.886,7680.6828
248,600228.SH,20191209,6.19,6.26,6.16,6.2,6.21,-0.009999999999999787,-0.161,5383.22,3341.025,6.182,7655.256,6.1585,8414.6369,6.5665,7344.8856,7.0207,8840.9969,7.2916,12594.3813,6.8904,7658.1229
249,600228.SH,20191206,6.08,6.24,6.05,6.21,6.06,0.15000000000000036,2.4752,9280.06,5720.329,6.194,7723.288,6.1692,8451.3208,6.5997,7292.4968,7.0299,8890.8024,7.3046,12736.4593,6.8947,7646.4135
250,600228.SH,20191205,6.2,6.21,6.0,6.06,6.2,-0.14000000000000057,-2.2581,13855.0,8456.199,6.234,9393.482,6.18,8401.9362,6.6326,7182.7103,7.0376,8905.6026,7.3162,12808.5981,6.8981,7583.6928
251,600228.SH,20191204,6.16,6.24,6.15,6.2,6.24,-0.040000000000000036,-0.641,5465.0,3384.993,6.242,8632.758,6.2054,7840.0131,6.6697,6911.1809,7.0467,8932.0679,7.3275,12857.1828,6.9037,7474.2261
252,600228.SH,20191203,6.24,6.29,6.2,6.24,6.26,-0.019999999999999574,-0.3195,4293.0,2678.191,6.198,8870.558,6.2231,7876.3992,6.7079,6851.0926,7.0556,9045.9365,7.3388,13026.598,6.9072,7460.3729
253,600228.SH,20191202,6.37,6.37,6.24,6.26,6.41,-0.15000000000000036,-2.3401,5723.38,3604.214,6.148,9424.558,6.2438,7890.7862,6.7479,6861.0926,7.0663,9140.7147,7.3514,13309.3529,6.9109,7511.5464
254,600228.SH,20191129,6.08,6.41,6.04,6.41,6.1,0.3100000000000005,5.082,17631.03,10966.518,6.094,9857.704,6.2615,8222.1423,6.7912,6833.5226,7.0796,9357.8376,7.3632,13471.1268,6.9163,7520.3029
255,600228.SH,20191128,5.99,6.1,5.96,6.1,5.98,0.11999999999999922,2.0067,10051.38,6069.736,6.034,8626.498,6.2931,7190.8831,6.8288,6533.6394,7.0947,9380.8583,7.3734,13486.9511,6.9171,7343.9692
256,600228.SH,20191127,6.01,6.11,5.97,5.98,5.99,-0.009999999999999787,-0.1669,6654.0,4015.758,6.076,7541.642,6.3485,6892.0854,6.8756,6451.4812,7.1151,9496.2315,7.3849,13532.653,6.9225,7290.9775
257,600228.SH,20191126,6.01,6.08,5.96,5.99,5.99,0.0,0.0,7063.0,4248.687,6.148,7382.864,6.4215,6604.6238,6.9232,6427.04,7.1363,9592.2315,7.3969,13593.1112,6.9292,7409.8843
258,600228.SH,20191125,6.06,6.06,5.96,5.99,6.11,-0.1200000000000001,-1.964,7889.11,4734.826,6.22,7697.876,6.4954,6675.1638,6.9691,6365.3047,7.1594,9715.1898,7.4084,13622.3448,6.94,7402.1376
259,600228.SH,20191122,6.31,6.35,5.99,6.11,6.31,-0.1999999999999993,-3.1696,11475.0,7012.22,6.3,7430.054,6.56,6580.6938,7.0174,6251.5074,7.1818,9824.207,7.4202,13716.3917,6.9527,7429.5895
260,600228.SH,20191121,6.34,6.34,6.24,6.31,6.34,-0.03000000000000025,-0.4732,4627.1,2910.886,6.364,6322.658,6.6138,6179.1554,7.0594,6136.7171,7.2047,10001.0685,7.4296,13739.3983,6.964,7346.1819
261,600228.SH,20191120,6.36,6.4,6.31,6.34,6.35,-0.009999999999999787,-0.1575,5860.11,3715.02,6.404,6293.244,6.6585,6154.5708,7.0926,6204.5109,7.2289,10244.2839,7.4364,13832.3867,6.9735,7337.4209
262,600228.SH,20191119,6.36,6.46,6.31,6.35,6.39,-0.040000000000000036,-0.626,8638.06,5497.566,6.434,7127.424,6.7069,6112.1885,7.1194,6242.7429,7.2528,10843.082,7.4447,13951.843,6.9827,7316.6461
263,600228.SH,20191118,6.42,6.45,6.31,6.39,6.43,-0.040000000000000036,-0.6221,6550.0,4165.081,6.528,6244.744,6.7585,6307.1938,7.1512,6168.2118,7.2791,11169.9456,7.4549,14120.4102,6.9917,7255.4453
264,600228.SH,20191115,6.4,6.51,6.27,6.43,6.51,-0.08000000000000007,-1.2289,5938.02,3781.915,6.614,6168.146,6.79,6359.1277,7.1847,6384.365,7.3017,11395.0944,7.4641,14271.6533,7.0011,7235.7123
265,600228.SH,20191114,6.51,6.65,6.5,6.51,6.49,0.019999999999999574,0.3082,4480.03,2943.131,6.714,5563.942,6.8238,6506.7415,7.2232,6622.3862,7.3233,11611.8528,7.4732,14427.3988,7.0096,7210.3787
266,600228.SH,20191113,6.84,6.85,6.48,6.49,6.82,-0.33000000000000007,-4.8387,10031.01,6647.843,6.802,6263.94,6.8638,7375.3546,7.2488,6869.3559,7.3435,11803.4153,7.4843,14581.3397,7.0176,7212.4983
267,600228.SH,20191112,7.08,7.09,6.76,6.82,6.82,0.0,0.0,4224.66,2876.242,6.87,5589.938,6.9338,7038.7385,7.2788,7073.2088,7.3617,11917.0831,7.4951,14668.7146,7.0248,7114.3896
268,600228.SH,20191111,6.91,6.92,6.76,6.82,6.93,-0.10999999999999943,-1.5873,6167.01,4209.094,6.868,5996.006,6.97,7021.2262,7.3012,7619.2559,7.3776,12170.8821,7.5031,14772.2338,7.0272,7160.7703
269,600228.SH,20191108,6.96,6.97,6.88,6.93,6.95,-0.020000000000000462,-0.2878,2917.0,2021.066,6.882,5624.104,7.0038,6803.61,7.3153,7998.6088,7.3932,12354.466,7.5114,14879.8198,7.0324,7137.2035
270,600228.SH,20191107,6.83,6.99,6.7,6.95,6.83,0.1200000000000001,1.757,7980.02,5436.612,6.89,6102.532,7.0346,6856.3023,7.3221,8397.7003,7.4074,12662.426,7.5191,14941.4399,7.0351,7168.9635
271,600228.SH,20191106,6.83,6.93,6.81,6.83,6.81,0.020000000000000462,0.2937,6661.0,4572.19,6.904,6741.154,7.0638,6669.1715,7.3203,8348.8206,7.4199,12900.2553,7.5271,15054.3133,7.0391,7101.1765
272,600228.SH,20191105,6.92,6.92,6.77,6.81,6.89,-0.08000000000000007,-1.1611,6255.0,4261.901,6.898,6853.982,7.1015,6512.4023,7.32,8371.7265,7.4346,13156.8578,7.534,15124.5452,7.0445,7091.3789
273,600228.SH,20191104,6.97,7.02,6.87,6.89,6.97,-0.08000000000000007,-1.1478,4307.5,2990.222,6.91,7174.382,7.1546,6294.4792,7.3215,8385.9912,7.4483,13495.5433,7.5407,15238.0241,7.05,7097.2748
274,600228.SH,20191101,7.01,7.05,6.9,6.97,7.02,-0.04999999999999982,-0.7123,5309.14,3699.876,6.938,9467.282,7.2092,6319.5177,7.3221,8458.0059,7.4587,13669.7579,7.5475,15362.1566,7.0547,7213.03
275,600228.SH,20191031,6.79,7.14,6.78,7.02,6.8,0.21999999999999975,3.2353,11173.13,7885.285,7.024,9536.454,7.2677,6279.2762,7.3174,8486.4429,7.467,13781.9967,7.5529,15385.3392,7.0587,7470.1972
276,600228.SH,20191030,6.88,6.88,6.64,6.8,6.87,-0.07000000000000028,-1.0189,7225.14,4867.635,7.078,8101.228,7.3192,5991.7277,7.3094,8374.7038,7.4737,13857.6403,7.5578,15383.3799,7.0573,7381.6961
277,600228.SH,20191029,6.84,6.93,6.81,6.87,7.03,-0.16000000000000014,-2.276,7857.0,5405.992,7.17,7323.8,7.3877,5994.2554,7.3085,8238.1053,7.4828,14044.2447,7.5636,15374.8524,7.0595,7358.7743
278,600228.SH,20191028,7.35,7.36,7.03,7.03,7.4,-0.3700000000000001,-5.0,15772.0,11286.792,7.262,6472.8,7.4438,5837.7938,7.3035,8176.7818,7.4931,14351.339,7.5691,15373.4192,7.0595,7392.6028
279,600228.SH,20191025,7.3,7.41,7.25,7.4,7.29,0.11000000000000032,1.5089,5655.0,4138.645,7.322,4427.864,7.4838,5006.4092,7.2971,7900.1874,7.5017,14471.4165,7.5736,15352.264,7.06,7261.3896
280,600228.SH,20191024,7.26,7.37,7.26,7.29,7.26,0.03000000000000025,0.4132,3997.0,2928.767,7.306,4221.464,7.5015,4880.64,7.2756,7968.9409,7.5068,14573.1549,7.5754,15368.6546,7.0555,7289.5629
281,600228.SH,20191023,7.35,7.35,7.25,7.26,7.33,-0.07000000000000028,-0.955,3338.0,2431.748,7.348,4106.464,7.5208,5155.65,7.2574,7960.7644,7.512,14668.8355,7.5786,15381.7492,7.0541,7337.4696
282,600228.SH,20191022,7.39,7.39,7.28,7.33,7.33,0.0,0.0,3602.0,2632.229,7.416,4365.464,7.5346,5432.1185,7.2406,8023.4326,7.5172,14762.8178,7.5821,15402.6841,7.0544,7466.0029
283,600228.SH,20191021,7.33,7.4,7.24,7.33,7.32,0.009999999999999787,0.1366,5547.32,4052.258,7.496,4602.264,7.5285,5705.8108,7.2232,8080.3921,7.5214,14821.1613,7.5854,15423.3712,7.0532,7580.5899
284,600228.SH,20191018,7.5,7.54,7.3,7.32,7.5,-0.17999999999999972,-2.4,4623.0,3417.468,7.568,4979.8,7.5362,5748.6323,7.2053,8076.84,7.526,14947.7983,7.5884,15434.1683,7.0505,7649.5324
285,600228.SH,20191017,7.67,7.67,7.49,7.5,7.6,-0.09999999999999964,-1.3158,3422.0,2581.719,7.642,5506.8,7.5523,6462.1869,7.19,8086.3106,7.5285,15022.3824,7.5893,15425.6418,7.0469,7798.2152
286,600228.SH,20191016,7.74,7.74,7.56,7.6,7.73,-0.13000000000000078,-1.6818,4633.0,3535.31,7.662,5987.0,7.5708,7278.2438,7.1703,8131.9321,7.5283,15139.8833,7.5879,15441.4229,7.0405,8121.2428
287,600228.SH,20191015,7.76,7.8,7.59,7.73,7.69,0.040000000000000036,0.5202,4786.0,3685.09,7.652,6053.2,7.5538,7912.3977,7.1456,8224.2859,7.5292,15288.6001,7.5864,15452.9495,7.0369,8159.6625
288,600228.SH,20191014,7.69,7.9,7.67,7.69,7.69,0.0,0.0,7435.0,5764.179,7.632,5900.0,7.5369,8849.0138,7.1215,8574.0229,7.5316,15513.183,7.585,15459.7247,7.0325,8182.4567
289,600228.SH,20191011,7.55,7.78,7.5,7.69,7.6,0.09000000000000075,1.1842,7258.0,5537.548,7.602,5927.426,7.5285,10030.1877,7.0888,8546.6115,7.5335,15684.5377,7.5854,15465.4939,7.0292,8362.0199
290,600228.SH,20191010,7.52,7.61,7.52,7.6,7.55,0.04999999999999982,0.6623,5823.0,4410.461,7.552,5862.244,7.4985,10938.4192,7.0544,8465.6412,7.5353,15858.1558,7.5855,15461.198,7.0225,8359.0601
291,600228.SH,20191009,7.49,7.57,7.38,7.55,7.63,-0.08000000000000007,-1.0485,4964.0,3720.666,7.482,6129.644,7.4646,11758.6585,7.0212,8428.965,7.5408,16029.4964,7.5847,15448.818,7.0175,8365.2735
292,600228.SH,20191008,7.55,7.64,7.4,7.63,7.54,0.08999999999999986,1.1936,4020.0,3050.279,7.458,6357.644,7.4138,11862.8208,6.9897,8448.9944,7.5461,16167.2281,7.5838,15452.8063,7.0124,8497.6607
293,600228.SH,20190930,7.45,7.69,7.43,7.54,7.44,0.09999999999999964,1.3441,7572.13,5737.047,7.438,8333.486,7.3515,12125.8823,6.9553,8460.9359,7.5499,16290.1407,7.5833,15460.5696,7.0047,8628.1844
294,600228.SH,20190927,7.26,7.53,7.26,7.44,7.25,0.1900000000000004,2.6207,6932.09,5141.941,7.478,9625.208,7.2992,12061.8723,6.9253,8477.3735,7.5546,16406.6469,7.5834,15436.9727,7.0015,8692.4173
295,600228.SH,20190926,7.4,7.45,7.14,7.25,7.43,-0.17999999999999972,-2.4226,7160.0,5203.401,7.466,10814.19,7.2585,12048.3269,6.9024,8461.1391,7.5601,16451.0825,7.5843,15455.1322,6.9996,8950.4671
296,600228.SH,20190925,7.51,7.55,7.37,7.43,7.53,-0.10000000000000053,-1.328,6104.0,4538.769,7.518,12774.592,7.2246,11980.3269,6.8794,8380.1391,7.5674,16589.2465,7.5879,15439.6233,7.0049,9153.4537
297,600228.SH,20190924,7.69,7.85,7.49,7.53,7.74,-0.20999999999999996,-2.7132,13899.21,10591.764,7.548,16111.844,7.1723,12078.0192,6.8524,8379.345,7.5713,16675.5395,7.5905,15432.6352,7.0132,9264.6084
298,600228.SH,20190923,7.38,7.75,7.32,7.74,7.38,0.3600000000000003,4.878,14030.74,10714.688,7.502,17145.004,7.1138,11207.3715,6.8215,8428.545,7.5742,16755.6348,7.5928,15388.2434,7.0185,9236.526
299,600228.SH,20190920,7.51,7.56,7.31,7.38,7.51,-0.1299999999999999,-1.731,12877.0,9508.322,7.386,17636.078,7.0338,10572.0838,6.7938,8206.5232,7.5763,16833.7956,7.5945,15337.0379,7.0199,9209.5976
300,600228.SH,20190919,7.6,7.85,7.49,7.51,7.58,-0.07000000000000028,-0.9235,16962.01,13038.909,7.288,16324.3,6.99,10071.3754,6.7809,8120.3762,7.5798,16808.4484,7.5984,15285.7954,7.0253,9198.1592
301,600228.SH,20190918,7.28,7.66,7.2,7.58,7.3,0.28000000000000025,3.8356,22790.26,17069.976,7.15,14419.858,6.9254,9381.4223,6.7647,7775.0062,7.5821,16765.9483,7.6013,15224.5469,7.0268,9107.0791
302,600228.SH,20190917,7.12,7.32,7.01,7.3,7.16,0.13999999999999968,1.9553,19065.01,13663.003,7.006,11209.806,6.8554,7914.4023,6.7482,7221.47,7.5835,16647.8493,7.6045,15134.5454,7.0273,8970.5289
303,600228.SH,20190916,6.89,7.22,6.85,7.16,6.89,0.27000000000000046,3.9187,16486.11,11644.098,6.928,8748.004,6.8085,6868.5338,6.7403,6787.2638,7.587,16568.3338,7.6102,15052.924,7.0337,9001.2667
304,600228.SH,20190912,6.8,6.91,6.75,6.89,6.82,0.0699999999999994,1.0264,6318.11,4309.092,6.858,6705.982,6.7762,6026.4192,6.7365,6421.4371,7.5913,16538.5468,7.6169,15007.1351,7.0417,9190.1212
305,600228.SH,20190911,6.84,6.86,6.76,6.82,6.86,-0.040000000000000036,-0.5831,7439.8,5065.045,6.83,6917.16,6.7631,5957.8377,6.7424,6384.7285,7.5971,16553.178,7.6247,15025.9531,7.0484,9319.8259
306,600228.SH,20190910,6.93,6.93,6.82,6.86,6.91,-0.04999999999999982,-0.7236,6740.0,4620.553,6.82,5945.358,6.7615,5765.93,6.7497,6284.6756,7.6041,16544.6377,7.6324,15046.9602,7.0513,9399.664
307,600228.SH,20190909,6.79,6.91,6.79,6.91,6.81,0.10000000000000053,1.4684,6756.0,4644.916,6.788,5751.758,6.7592,5630.0169,6.7571,6222.8815,7.6109,16545.5822,7.6417,15056.6348,7.0548,9420.0109
308,600228.SH,20190906,6.78,6.83,6.73,6.81,6.75,0.05999999999999961,0.8889,6276.0,4253.614,6.768,5674.116,6.7477,5708.25,6.7606,6102.7891,7.6177,16547.958,7.6508,15096.765,7.0556,9440.9044
309,600228.SH,20190905,6.76,6.85,6.72,6.75,6.77,-0.019999999999999574,-0.2954,7374.0,5006.905,6.74,6017.44,6.7554,6508.3315,6.7662,6144.7659,7.6249,16555.5693,7.6597,15152.6223,7.0568,9464.8777
310,600228.SH,20190904,6.72,6.78,6.68,6.77,6.7,0.0699999999999994,1.0448,2580.79,1736.002,6.724,5286.44,6.7423,6441.3323,6.7797,6057.2806,7.6299,16526.4583,7.669,15201.3738,7.0617,9476.0377
311,600228.SH,20190903,6.82,6.82,6.7,6.7,6.81,-0.10999999999999943,-1.6153,5772.0,3884.088,6.708,5864.026,6.7231,6589.3492,6.7903,6137.2279,7.6333,16550.8209,7.6778,15307.6005,7.0665,9540.3388
312,600228.SH,20190902,6.67,6.86,6.62,6.81,6.67,0.13999999999999968,2.099,6367.79,4324.312,6.716,5817.35,6.7054,6497.35,6.8065,6052.6397,7.6378,16556.439,7.6873,15341.3875,7.0712,9694.6981
313,600228.SH,20190830,6.71,6.71,6.59,6.67,6.67,0.0,0.0,7992.62,5309.391,6.698,5629.102,6.68,6441.7508,6.8191,6039.6512,7.6426,16553.4057,7.696,15531.6966,7.0785,9750.3543
314,600228.SH,20190829,6.67,6.72,6.65,6.67,6.69,-0.020000000000000462,-0.299,3719.0,2482.946,6.724,5019.578,6.6638,6167.3962,6.8353,6001.5503,7.6501,16556.3042,7.7082,15585.3056,7.0916,9776.0145
315,600228.SH,20190828,6.72,6.72,6.62,6.69,6.74,-0.04999999999999982,-0.7418,5468.72,3650.45,6.756,5270.404,6.6523,6506.7815,6.8521,6274.2015,7.6573,16575.8388,7.7179,15657.0117,7.1052,9861.2545
316,600228.SH,20190827,6.75,6.81,6.68,6.74,6.72,0.020000000000000462,0.2976,5538.62,3734.208,6.77,5731.266,6.65,6576.8892,6.8691,6836.7885,7.6627,16563.7699,7.7268,15690.824,7.1188,9894.8983
317,600228.SH,20190826,6.67,6.77,6.6,6.72,6.8,-0.08000000000000007,-1.1765,5426.55,3645.571,6.804,7958.954,6.6292,6489.7646,6.8744,6807.2865,7.6672,16564.4601,7.7354,15760.8026,7.1307,9933.8948
318,600228.SH,20190823,6.88,6.88,6.75,6.8,6.83,-0.03000000000000025,-0.4392,4945.0,3366.753,6.776,8174.246,6.6131,6539.7992,6.8815,6809.6232,7.6729,16563.8035,7.7443,15923.735,7.1413,10028.9437
319,600228.SH,20190822,6.78,6.88,6.71,6.83,6.76,0.07000000000000028,1.0355,4973.13,3366.724,6.72,8086.248,6.5885,7357.2615,6.8835,6969.8921,7.6782,16554.3538,7.7522,16022.2528,7.1484,10115.1609
320,600228.SH,20190821,6.91,6.91,6.71,6.76,6.91,-0.15000000000000036,-2.1708,7773.03,5282.215,6.648,8006.824,6.5862,7473.3285,6.8906,6998.065,7.6835,16589.2699,7.7576,16134.9024,7.1555,10284.3992
321,600228.SH,20190820,6.58,6.91,6.55,6.91,6.58,0.33000000000000007,5.0152,16677.06,11362.584,6.592,7581.218,6.6,7640.6338,6.8994,6997.9171,7.6911,16566.8114,7.7646,16272.2811,7.1652,10472.2531
322,600228.SH,20190819,6.55,6.6,6.44,6.58,6.52,0.0600000000000005,0.9202,6503.01,4238.988,6.502,5131.008,6.6038,6759.2777,6.9076,6730.6506,7.6978,16485.186,7.7684,16344.0974,7.1767,10489.1065
323,600228.SH,20190816,6.49,6.67,6.44,6.52,6.47,0.04999999999999982,0.7728,4505.01,2956.82,6.49,5456.608,6.6377,6564.4331,6.9282,6921.0915,7.7072,16484.4499,7.7741,16324.0441,7.198,10895.5875
324,600228.SH,20190815,6.4,6.54,6.23,6.47,6.48,-0.010000000000000675,-0.1543,4576.01,2936.833,6.518,5831.63,6.6769,6548.8169,6.9494,7147.2976,7.7176,16490.5053,7.7826,16393.9113,7.2256,11114.8007
325,600228.SH,20190814,6.48,6.61,6.46,6.48,6.46,0.020000000000000462,0.3096,5645.0,3681.573,6.518,5797.628,6.72,6508.2008,6.9688,7327.9447,7.7285,16488.0124,7.7914,16511.7312,7.2599,11409.3221
326,600228.SH,20190813,6.5,6.5,6.39,6.46,6.52,-0.05999999999999961,-0.9202,4426.01,2845.469,6.524,5884.028,6.7669,6463.9715,6.9856,7625.8626,7.739,16494.7208,7.7992,16634.0434,7.2939,11607.0955
327,600228.SH,20190812,6.6,6.6,6.33,6.52,6.66,-0.14000000000000057,-2.1021,8131.01,5237.982,6.528,8113.228,6.8138,6434.1246,7.0021,8308.8938,7.7506,16516.6235,7.8049,16729.9107,7.332,11878.3353
328,600228.SH,20190809,6.48,6.69,6.4,6.66,6.47,0.1900000000000004,2.9366,6380.12,4157.481,6.584,7783.426,6.8592,6165.5085,7.0259,8290.7606,7.7626,16496.7624,7.8081,16833.9215,7.3679,12084.4231
329,600228.SH,20190808,6.54,6.54,6.47,6.47,6.51,-0.040000000000000036,-0.6144,4406.0,2863.579,6.64,8497.002,6.8877,5880.3346,7.0476,8294.1559,7.774,16513.2044,7.8125,16931.3298,7.4044,12491.9289
330,600228.SH,20190807,6.5,6.56,6.3,6.51,6.48,0.02999999999999936,0.463,6077.0,3934.926,6.738,8659.688,6.9285,6133.9662,7.0762,8779.3394,7.7861,16548.568,7.8204,17002.525,7.4488,12961.8504
331,600228.SH,20190806,6.71,6.71,6.46,6.48,6.8,-0.3199999999999994,-4.7059,15572.01,10113.561,6.84,8238.294,6.9823,6004.9277,7.0962,8807.5459,7.7973,16582.6861,7.8289,17245.5207,7.4925,14108.6509
332,600228.SH,20190805,6.92,6.92,6.75,6.8,6.94,-0.14000000000000057,-2.0173,6482.0,4434.703,6.95,5984.292,7.0323,5214.6962,7.1179,8534.5162,7.8108,16532.7069,7.8397,17159.1064,7.5412,14643.7764
333,600228.SH,20190802,6.91,6.98,6.77,6.94,6.96,-0.019999999999999574,-0.2874,9948.0,6805.055,6.996,5497.492,7.0669,4938.85,7.1288,8781.8997,7.8222,16581.7069,7.8512,17161.1479,7.5792,15076.9687
334,600228.SH,20190801,7.01,7.03,6.88,6.96,7.02,-0.05999999999999961,-0.8547,5219.43,3637.389,7.026,4521.896,7.09,4629.4792,7.1321,8895.4668,7.8318,16621.7617,7.8646,17115.2544,7.6139,15439.6785
335,600228.SH,20190731,7.05,7.05,6.98,7.02,7.03,-0.010000000000000675,-0.1422,3970.03,2781.187,7.048,4285.61,7.11,4743.1531,7.1421,9106.3541,7.8413,16693.9392,7.8752,17090.1927,7.6467,15797.6197
336,600228.SH,20190730,7.03,7.09,7.01,7.03,7.03,0.0,0.0,4302.0,3028.87,7.066,4419.404,7.1269,5436.9308,7.1503,9762.7009,7.8498,16808.9606,7.883,17125.1767,7.6744,16096.6749
337,600228.SH,20190729,7.06,7.06,6.97,7.03,7.09,-0.05999999999999961,-0.8463,4048.0,2841.977,7.066,4093.576,7.1454,6998.06,7.1685,10294.5244,7.8587,16858.8217,7.8884,17165.0705,7.7023,16582.9379
338,600228.SH,20190726,7.08,7.11,6.97,7.09,7.07,0.019999999999999574,0.2829,5070.02,3570.471,7.06,4824.618,7.1369,7035.5638,7.1985,10600.1891,7.8674,17098.2802,7.8915,17253.0764,7.7293,16963.6725
339,600228.SH,20190725,7.1,7.1,7.01,7.07,7.11,-0.040000000000000036,-0.5626,4038.0,2845.802,7.084,4690.514,7.1269,7069.1008,7.2232,10797.9247,7.8788,17181.4922,7.8922,17309.5114,7.7544,17526.2487
340,600228.SH,20190724,7.0,7.15,6.94,7.11,7.03,0.08000000000000007,1.138,4639.0,3274.147,7.096,4942.714,7.1115,7558.0346,7.2459,11032.4279,7.8874,17263.432,7.8941,17370.1091,7.7769,18035.4413
341,600228.SH,20190723,7.03,7.07,6.95,7.03,7.0,0.03000000000000025,0.4286,2672.86,1872.199,7.124,4594.114,7.1085,7657.42,7.2659,11249.4903,7.8949,17308.8765,7.8963,17432.378,7.8013,18555.0781
342,600228.SH,20190722,7.21,7.23,6.97,7.0,7.21,-0.20999999999999996,-2.9126,7703.21,5421.126,7.166,5244.778,7.1108,8049.3538,7.2832,11468.8474,7.9031,17410.9052,7.8976,17497.7872,7.8247,19253.1161
343,600228.SH,20190719,7.13,7.36,7.13,7.21,7.13,0.08000000000000007,1.122,4399.5,3189.643,7.21,5043.574,7.1254,8040.6454,7.3015,11611.3706,7.9115,17586.3144,7.8987,17519.2915,7.8432,19542.332
344,600228.SH,20190718,7.24,7.24,7.04,7.13,7.25,-0.1200000000000001,-1.6552,5299.0,3773.362,7.216,6761.502,7.1308,8700.53,7.3182,12110.5129,7.9179,17705.7242,7.8997,17555.1761,7.856,19769.9589
345,600228.SH,20190717,7.21,7.32,7.2,7.25,7.24,0.009999999999999787,0.1381,2896.0,2104.357,7.244,10621.038,7.1392,9231.07,7.3368,12856.1365,7.9222,17835.668,7.9004,17569.827,7.8673,19993.5165
346,600228.SH,20190716,7.23,7.33,7.16,7.24,7.22,0.020000000000000462,0.277,5926.18,4316.852,7.178,10948.948,7.13,9832.7631,7.3409,13242.9,7.9269,18030.7654,7.9006,17684.226,7.8788,20409.5187
347,600228.SH,20190715,7.18,7.26,7.06,7.22,7.24,-0.020000000000000462,-0.2762,6697.19,4822.808,7.122,10864.912,7.1154,10590.3038,7.335,13463.5318,7.9292,18189.7087,7.9004,17765.2637,7.8937,21024.884
348,600228.SH,20190712,7.23,7.29,7.1,7.24,7.27,-0.02999999999999936,-0.4127,12989.14,9352.686,7.052,11604.302,7.1,12201.9869,7.3321,13509.6738,7.9315,18164.8254,7.8984,17771.0833,7.9076,21376.4304
349,600228.SH,20190711,6.91,7.27,6.9,7.27,6.92,0.34999999999999964,5.0578,24596.68,17762.251,7.018,10192.676,7.1069,11780.8592,7.3241,13372.4347,7.9364,18187.9048,7.8943,17752.264,7.9196,21473.9796
350,600228.SH,20190710,6.92,6.98,6.86,6.92,6.96,-0.040000000000000036,-0.5747,4535.55,3132.651,6.976,6826.94,7.1169,10388.4654,7.3132,12886.4735,7.9412,18187.1471,7.8901,17656.8962,7.9299,21383.0239
351,600228.SH,20190709,6.87,6.99,6.84,6.96,6.87,0.08999999999999986,1.31,5506.0,3805.791,7.03,7437.83,7.1569,11647.4415,7.3191,12994.575,7.9472,18338.3986,7.8877,17690.8757,7.9444,21547.5025
352,600228.SH,20190708,7.07,7.07,6.8,6.87,7.07,-0.20000000000000018,-2.8289,10394.14,7140.779,7.094,8932.23,7.1746,11765.1354,7.3241,13050.38,7.9504,18443.4095,7.8856,17718.9231,7.9573,21634.1355
353,600228.SH,20190705,7.09,7.17,7.0,7.07,7.06,0.010000000000000675,0.1416,5931.01,4184.988,7.168,9292.606,7.2015,11449.3554,7.3294,13254.9332,7.9518,18549.7616,7.8847,17727.6891,7.9723,21812.6541
354,600228.SH,20190704,7.2,7.24,7.02,7.06,7.19,-0.13000000000000078,-1.8081,7768.0,5507.892,7.18,10250.006,7.2092,12138.7423,7.3379,13390.5506,7.9542,18667.1999,7.8814,17789.1006,7.9805,21938.4155
355,600228.SH,20190703,7.28,7.3,7.16,7.19,7.28,-0.08999999999999986,-1.2363,7590.0,5483.892,7.178,11851.248,7.2085,12603.4562,7.3553,13453.7606,7.9593,18727.4082,7.8767,17811.7783,7.9859,22106.0707
356,600228.SH,20190702,7.2,7.45,7.18,7.28,7.24,0.040000000000000036,0.5525,12978.0,9452.658,7.144,15863.062,7.2169,12972.6562,7.37,13527.9371,7.9646,19002.0837,7.8694,17869.7783,7.9932,22352.1803
357,600228.SH,20190701,7.14,7.38,7.14,7.24,7.13,0.11000000000000032,1.5428,12196.02,8858.99,7.154,14770.358,7.2185,13996.3346,7.3826,13381.29,7.9717,18918.6809,7.8606,17854.4855,8.0037,22674.1527
358,600228.SH,20190628,7.03,7.13,6.92,7.13,7.05,0.08000000000000007,1.1348,10718.01,7519.596,7.186,13630.266,7.25,14780.0254,7.3941,13271.5059,7.9821,18881.396,7.8504,17878.0557,8.0133,22939.6735
359,600228.SH,20190627,6.98,7.06,6.81,7.05,7.02,0.03000000000000025,0.4274,15774.21,10931.456,7.248,15667.112,7.3208,15066.3785,7.4056,13325.5415,7.9965,18822.1876,7.8423,17859.6474,8.0244,23226.8868
360,600228.SH,20190626,7.27,7.38,6.96,7.02,7.33,-0.3100000000000005,-4.2292,27649.07,19469.379,7.276,13919.474,7.3885,14760.1338,7.4138,13197.2203,8.0083,18719.4778,7.8365,17814.621,8.0421,23423.1779
361,600228.SH,20190625,7.4,7.4,7.19,7.33,7.4,-0.07000000000000028,-0.9459,7514.48,5481.077,7.316,9647.46,7.4515,13557.2138,7.4238,12903.6006,8.0175,18596.0978,7.8313,17712.5556,8.0595,23385.1551
362,600228.SH,20190624,7.4,7.51,7.35,7.4,7.44,-0.040000000000000036,-0.5376,6495.56,4816.87,7.284,11123.172,7.4869,13903.7246,7.4285,13325.5885,8.0217,18620.6086,7.8239,17706.032,8.0707,23574.5543
363,600228.SH,20190621,7.55,7.55,7.4,7.44,7.19,0.25,3.4771,20902.24,15664.245,7.214,12585.916,7.5038,14183.3738,7.4394,13662.2212,8.0228,18706.8965,7.8167,17761.2476,8.0816,23812.6005
364,600228.SH,20190620,7.26,7.27,7.15,7.19,7.22,-0.02999999999999936,-0.4155,7036.02,5073.292,7.186,10883.388,7.5177,13540.8169,7.4612,14135.3635,8.0212,18663.1832,7.8109,17678.6043,8.0921,23711.6481
365,600228.SH,20190619,7.23,7.27,7.15,7.22,7.17,0.04999999999999982,0.6974,6289.0,4539.708,7.208,14733.348,7.5631,14643.4569,7.5024,14544.4806,8.0226,18713.4817,7.8086,17671.155,8.1071,23978.576
366,600228.SH,20190618,7.08,7.34,6.75,7.17,7.05,0.1200000000000001,1.7021,14893.04,10545.216,7.294,17952.348,7.6046,16517.3954,7.5559,15143.7782,8.0244,18775.1028,7.8064,17661.0663,8.1173,24141.792
367,600228.SH,20190617,7.22,7.34,6.94,7.05,7.3,-0.25,-3.4247,13809.28,9779.223,7.47,17861.86,7.6215,16606.0815,7.6106,15308.0418,8.0249,18767.0055,7.8047,17610.7676,8.1276,24282.3239
368,600228.SH,20190614,7.3,7.38,7.28,7.3,7.3,0.0,0.0,12389.6,9071.464,7.646,17458.61,7.6208,16576.7262,7.6774,15630.3865,8.0259,18749.8399,7.8047,17564.7257,8.1409,24435.3455
369,600228.SH,20190613,7.27,7.45,7.27,7.3,7.65,-0.35000000000000053,-4.5752,26285.82,19180.024,7.754,17382.912,7.6069,16259.5277,7.7335,15959.7391,8.0265,18736.4676,7.8028,17539.6925,8.1487,24393.1775
370,600228.SH,20190612,8.01,8.03,7.65,7.65,8.05,-0.40000000000000036,-4.9689,22384.0,17392.927,7.852,14529.572,7.5815,14877.7731,7.7953,16273.1874,8.026,18607.9203,7.802,17402.9954,8.1559,24187.2599
371,600228.SH,20190611,7.81,8.17,7.78,8.05,7.93,0.120000000000001,1.5132,14440.6,11508.47,7.846,12078.972,7.5238,13777.0038,7.8585,16781.0141,8.0235,18606.8469,7.7991,17283.8417,8.1576,23965.9265
372,600228.SH,20190610,7.99,7.99,7.74,7.93,7.84,0.08999999999999986,1.148,11793.03,9285.96,7.76,11700.652,7.4523,13297.8038,7.9097,19064.7329,8.0177,18642.8257,7.7943,17225.7079,8.1544,23874.9156
373,600228.SH,20190606,7.77,7.94,7.73,7.84,7.79,0.04999999999999982,0.6418,12011.11,9408.735,7.73,13616.114,7.3908,12960.1377,7.9744,20356.3032,8.0104,18614.2679,7.7898,17172.9089,8.1524,23880.2989
374,600228.SH,20190605,7.69,7.93,7.57,7.79,7.62,0.16999999999999993,2.231,12019.12,9334.958,7.714,17343.932,7.33,13370.7408,8.0276,21149.2535,8.0015,18598.9733,7.7862,17133.2195,8.1508,23832.4841
375,600228.SH,20190604,7.63,7.8,7.55,7.62,7.62,0.0,0.0,10131.0,7788.914,7.634,18149.3,7.2969,13257.1162,8.0791,21888.4335,7.9929,18574.3926,7.7827,17101.7691,8.1513,23755.0292
376,600228.SH,20190603,7.71,7.87,7.55,7.62,7.78,-0.16000000000000014,-2.0566,12549.0,9586.128,7.518,18808.632,7.2992,13240.6654,8.1321,22533.5518,7.9852,18575.4142,7.7803,17066.5383,8.1543,23711.6292
377,600228.SH,20190531,7.76,7.97,7.6,7.78,7.76,0.020000000000000462,0.2577,21370.34,16683.158,7.418,17952.036,7.3046,13053.2038,8.1756,22940.9097,7.9781,18559.4211,7.778,17014.6934,8.1579,23638.9508
378,600228.SH,20190530,7.66,7.76,7.56,7.76,7.39,0.3700000000000001,5.0068,30650.2,23626.305,7.256,15342.57,7.2992,12024.1008,8.215,23511.5385,7.9708,18493.4854,7.7755,16909.6916,8.1587,23452.3067
379,600228.SH,20190529,7.09,7.39,7.03,7.39,7.04,0.34999999999999964,4.9716,16045.96,11735.833,7.084,10827.33,7.2892,10317.4208,8.2532,23568.9768,7.9622,18393.8976,7.7736,16747.2555,8.1548,23086.0643
380,600228.SH,20190528,7.1,7.13,6.93,7.04,7.12,-0.08000000000000007,-1.1236,13427.66,9458.814,7.03,9260.338,7.2992,10048.9023,8.2997,24487.1318,7.9543,18363.0265,7.7742,16669.4037,8.1532,22953.3048
381,600228.SH,20190527,7.02,7.23,6.97,7.12,6.97,0.15000000000000036,2.1521,8266.02,5846.134,7.048,8055.48,7.3215,9893.7969,8.3503,25334.1844,7.9468,18390.5567,7.7773,16612.2992,8.1573,22862.016
382,600228.SH,20190524,6.91,7.02,6.83,6.97,6.9,0.0699999999999994,1.0145,8323.01,5748.063,7.034,9872.066,7.34,10616.8723,8.4038,26373.765,7.9376,18405.331,7.7804,16599.8849,8.1623,22830.8824
383,600228.SH,20190523,7.1,7.18,6.8,6.9,7.12,-0.21999999999999975,-3.0899,8074.0,5646.139,7.112,10315.864,7.38,11658.3385,8.4571,27747.3738,7.9274,18459.8892,7.7841,16574.2576,8.1727,22832.0423
384,600228.SH,20190522,7.22,7.3,7.1,7.12,7.13,-0.009999999999999787,-0.1403,8211.0,5898.825,7.262,10684.492,7.4469,12417.3438,8.5009,28374.4444,7.9196,18456.6461,7.7891,16565.2649,8.1835,22811.4821
385,600228.SH,20190521,6.91,7.15,6.91,7.13,7.05,0.08000000000000007,1.1348,7403.37,5244.37,7.376,11064.692,7.5285,14631.0423,8.5318,28764.4597,7.9123,18456.3249,7.7922,16534.1418,8.1881,22751.746
386,600228.SH,20190520,7.35,7.36,6.99,7.05,7.36,-0.3100000000000005,-4.212,17348.95,12206.312,7.492,11182.418,7.6408,15672.7831,8.5568,29195.7082,7.9054,18477.1349,7.7947,16512.4118,8.1916,22728.2079
387,600228.SH,20190517,7.69,7.69,7.35,7.36,7.65,-0.29000000000000004,-3.7908,10542.0,7904.06,7.608,9405.3,7.7938,16389.4115,8.5879,29688.2732,7.8987,18401.1839,7.7983,16437.566,8.1981,22567.982
388,600228.SH,20190516,7.68,7.75,7.63,7.65,7.69,-0.040000000000000036,-0.5202,9917.14,7618.106,7.64,9807.944,7.9223,17153.7192,8.6174,30909.9374,7.8905,18437.8853,7.8014,16404.6784,8.2008,22475.2119
389,600228.SH,20190515,7.71,7.88,7.68,7.69,7.71,-0.019999999999999574,-0.2594,10112.0,7836.383,7.576,10106.774,8.0508,18296.17,8.6353,31590.7029,7.8822,18417.1795,7.8034,16364.3462,8.2001,22476.3307
390,600228.SH,20190514,7.55,7.76,7.51,7.71,7.63,0.08000000000000007,1.0485,7992.0,6113.022,7.51,11617.574,8.1677,19332.7538,8.6485,31890.5068,7.876,18387.076,7.8055,16337.6776,8.2023,22402.024
391,600228.SH,20190513,7.48,7.69,7.38,7.63,7.52,0.11000000000000032,1.4628,8463.36,6343.276,7.466,14391.588,8.2977,21559.7585,8.6582,32178.2421,7.8701,18363.4094,7.808,16319.6404,8.2044,22361.1041
392,600228.SH,20190510,7.38,7.56,7.34,7.52,7.33,0.1899999999999995,2.5921,12555.22,9374.895,7.494,16287.13,8.4646,23958.7392,8.6694,32425.5388,7.8649,18349.0289,7.8101,16294.4836,8.2084,22333.5527
393,600228.SH,20190509,7.3,7.38,7.27,7.33,7.36,-0.03000000000000025,-0.4076,11411.29,8371.605,7.626,21173.902,8.6392,30076.5715,8.6815,32409.3109,7.8616,18303.7023,7.8125,16258.5059,8.2151,22237.8431
394,600228.SH,20190508,7.3,7.47,7.23,7.36,7.49,-0.1299999999999999,-1.7356,17666.0,13016.895,7.878,23080.844,8.8546,33483.8892,8.7009,32773.1859,7.8592,18281.1169,7.815,16225.6758,8.2245,22141.9196
395,600228.SH,20190507,7.67,7.77,7.43,7.49,7.77,-0.27999999999999936,-3.6036,21862.07,16552.125,8.214,24880.668,9.0308,35122.7677,8.7106,32705.4538,7.8578,18180.5475,7.8186,16169.727,8.2331,21994.5196
396,600228.SH,20190506,7.9,7.94,7.77,7.77,8.18,-0.41000000000000014,-5.0122,17941.07,14017.059,8.522,24603.854,9.1885,36298.8577,8.7097,32660.75,7.8556,18044.3319,7.8192,16070.6573,8.2415,21804.0921
397,600228.SH,20190430,8.16,8.36,8.16,8.18,8.59,-0.41000000000000014,-4.773,36989.08,30268.363,8.832,25969.44,9.3154,37385.3154,8.7088,32899.1956,7.8519,17951.7967,7.8184,15994.5327,8.248,21635.1579
398,600228.SH,20190429,8.97,8.97,8.59,8.59,9.04,-0.4499999999999993,-4.9779,20946.0,18117.624,9.038,23289.142,9.3862,36570.7069,8.7056,32903.2206,7.8448,17714.8586,7.8149,15799.3963,8.2496,21258.6072
399,600228.SH,20190426,8.91,9.23,8.71,9.04,9.03,0.009999999999999787,0.1107,26665.12,23759.709,9.2,26488.554,9.4269,38095.7623,8.6871,33231.5759,7.8353,17606.2308,7.8096,15711.0857,8.2445,21105.9719
400,600228.SH,20190425,9.26,9.39,9.02,9.03,9.32,-0.2900000000000009,-3.1116,20478.0,18872.08,9.352,29085.552,9.4285,38552.53,8.6553,33396.1021,7.8226,17467.6119,7.8034,15603.4572,8.2323,20896.9704
401,600228.SH,20190424,9.26,9.42,8.94,9.32,9.21,0.10999999999999943,1.1944,24769.0,22647.915,9.504,43407.36,9.4238,40612.9323,8.6362,33690.7503,7.81,17354.4106,7.7977,15502.3573,8.2243,20735.5971
402,600228.SH,20190423,9.44,9.44,9.12,9.21,9.4,-0.1899999999999995,-2.0213,23587.59,21750.721,9.666,49594.844,9.3808,41955.89,8.6068,33691.5844,7.7956,17208.7036,7.7909,15369.2508,8.2125,20585.8504
403,600228.SH,20190422,9.8,9.8,9.31,9.4,9.8,-0.40000000000000036,-4.0816,36943.06,35184.082,9.754,52671.61,9.36,43496.2108,8.5762,33636.6382,7.7826,17070.0748,7.7844,15253.0579,8.2007,20480.8944
404,600228.SH,20190419,9.6,10.0,9.5,9.8,9.79,0.010000000000001563,0.1021,39650.11,38460.139,9.782,52713.246,9.3123,44887.1838,8.5415,33266.2256,7.769,16835.7376,7.7767,15086.3771,8.1863,20196.4936
405,600228.SH,20190418,10.19,10.64,9.66,9.79,10.13,-0.34000000000000163,-3.3564,92087.04,94444.422,9.706,51196.228,9.2038,44098.2831,8.4953,32492.1285,7.753,16580.4521,7.7668,14896.5599,8.1656,19941.6003
406,600228.SH,20190417,9.62,10.13,9.51,10.13,9.65,0.4800000000000004,4.9741,55706.42,55179.931,9.568,38058.654,9.0792,38666.32,8.4518,30579.4394,7.7375,15967.1879,7.7563,14384.7312,8.1459,18866.8664
407,600228.SH,20190416,9.59,9.83,9.34,9.65,9.54,0.11000000000000121,1.153,38971.42,37688.436,9.366,35071.714,8.9138,36078.5815,8.3888,29486.0212,7.7202,15623.1711,7.7458,14083.398,8.1213,18637.8477
408,600228.SH,20190415,9.51,9.7,9.25,9.54,9.42,0.11999999999999922,1.2739,37151.24,35263.328,9.248,33798.05,8.7954,35703.5615,8.3385,29087.8303,7.706,15380.2585,7.738,13900.1352,8.1091,18345.5961
409,600228.SH,20190412,9.1,9.5,9.09,9.42,9.1,0.3200000000000003,3.5165,32065.02,29849.214,9.134,35820.448,8.7046,36851.8185,8.2947,28738.8497,7.6935,15167.7793,7.7335,13702.5598,8.0927,18061.4107
410,600228.SH,20190411,9.1,9.36,9.05,9.1,9.12,-0.019999999999999574,-0.2193,26399.17,24191.439,9.002,37852.934,8.6154,36928.5992,8.2494,28067.1432,7.6812,14965.6,7.7308,13534.9858,8.0763,17782.9837
411,600228.SH,20190410,9.05,9.42,8.87,9.12,9.06,0.05999999999999872,0.6623,40771.72,37467.626,8.97,41295.452,8.5415,36459.8423,8.2124,27609.5794,7.6705,14808.1822,7.7297,13405.8487,8.0643,17662.5281
412,600228.SH,20190409,8.62,9.1,8.61,9.06,8.97,0.08999999999999986,1.0033,32603.1,28880.902,8.902,44146.25,8.4585,34690.8638,8.1729,26580.5288,7.6603,14557.6841,7.7295,13210.6217,8.0523,17558.4003
413,600228.SH,20190408,8.88,9.2,8.77,8.97,8.76,0.21000000000000085,2.3973,47263.23,42668.241,8.768,43504.51,8.3777,33480.7369,8.1362,25845.5782,7.6522,14365.8848,7.7288,13042.3227,8.0399,17411.6191
414,600228.SH,20190404,8.78,8.87,8.61,8.76,8.94,-0.17999999999999972,-2.0134,42227.45,36832.845,8.608,38346.168,8.2977,30768.4477,8.1012,24814.2121,7.6453,14059.2026,7.7284,12804.1971,8.0235,17101.5881
415,600228.SH,20190403,8.73,9.07,8.63,8.94,8.78,0.16000000000000014,1.8223,43611.76,38531.068,8.452,34313.842,8.2385,29349.6469,8.0706,23820.0224,7.6403,13804.8801,7.7291,12582.1078,8.0125,16951.7559
416,600228.SH,20190402,8.39,8.81,8.36,8.78,8.39,0.3899999999999988,4.6484,55025.71,47841.557,8.286,32410.722,8.1423,27176.6738,8.0379,22719.9706,7.6347,13536.352,7.7282,12339.7541,7.9941,16754.4525
417,600228.SH,20190401,8.22,8.49,8.18,8.39,8.17,0.22000000000000064,2.6928,29394.4,24610.122,8.202,31821.296,8.0408,24508.7069,8.0103,21303.8026,7.6292,13183.478,7.7278,12047.9301,7.9777,16062.2964
418,600228.SH,20190329,8.02,8.2,7.9,8.17,7.98,0.1899999999999995,2.381,21471.52,17352.802,8.176,32555.05,7.9908,24251.3085,7.9956,20648.0297,7.626,13024.3155,7.7291,11906.6378,7.9719,15887.872
419,600228.SH,20190328,8.11,8.25,7.97,7.98,8.11,-0.129999999999999,-1.603,22065.82,17866.403,8.17,32321.812,7.9831,25455.4938,7.9859,20233.3388,7.6231,12915.923,7.733,11829.9118,7.9691,15928.086
420,600228.SH,20190327,8.36,8.48,8.0,8.11,8.36,-0.25,-2.9904,34096.16,27793.988,8.182,31463.648,7.9815,26228.1292,7.9709,19677.9329,7.623,12819.7065,7.7378,11736.6704,7.9665,15984.752
421,600228.SH,20190326,8.27,8.67,8.27,8.36,8.26,0.09999999999999964,1.2107,52078.58,44494.85,8.162,28018.706,7.97,26086.81,7.9462,18854.1929,7.6194,12618.4783,7.7424,11575.6517,7.9573,15805.1708
422,600228.SH,20190325,8.05,8.39,7.98,8.26,8.14,0.11999999999999922,1.4742,33063.17,27122.589,8.076,20003.684,7.9715,24426.6146,7.9165,17516.0288,7.6144,12292.0715,7.7466,11319.5069,7.9401,15453.5743
423,600228.SH,20190322,8.01,8.18,7.98,8.14,8.04,0.10000000000000142,1.2438,20305.33,16386.389,8.022,18147.658,7.9762,23790.7831,7.8938,16718.0238,7.6097,12090.3206,7.7496,11157.7071,7.9288,15317.2936
424,600228.SH,20190321,8.01,8.22,8.0,8.04,8.01,0.02999999999999936,0.3745,17775.0,14392.125,7.932,17159.214,7.9785,23899.5592,7.8824,16368.1612,7.6067,11991.1274,7.7524,11078.0759,7.9243,15265.7292
425,600228.SH,20190320,7.91,8.08,7.9,8.01,7.93,0.08000000000000007,1.0088,16871.45,13486.719,7.816,17672.642,7.9923,24405.2538,7.8726,16037.4844,7.6063,11926.5503,7.7569,11021.3067,7.9231,15657.3061
426,600228.SH,20190319,7.99,8.05,7.87,7.93,7.99,-0.0600000000000005,-0.7509,12003.47,9527.753,7.762,19507.996,8.0092,24132.8969,7.8568,15650.9944,7.6067,11832.9438,7.7628,10967.1918,7.9269,15445.2601
427,600228.SH,20190318,7.68,8.06,7.6,7.99,7.69,0.2999999999999998,3.9012,23783.04,18800.709,7.79,24532.488,8.0385,25290.7538,7.8409,15463.775,7.6084,11765.3781,7.7669,10958.4785,7.9377,15376.2405
428,600228.SH,20190315,7.45,7.69,7.45,7.69,7.46,0.23000000000000043,3.0831,15363.11,11677.975,7.784,26197.896,8.0385,24886.6892,7.8276,14921.0976,7.6092,11627.6556,7.7695,10854.088,7.9539,15088.36
429,600228.SH,20190314,7.73,7.79,7.4,7.46,7.74,-0.28000000000000025,-3.6176,20342.14,15452.22,7.838,29577.076,8.0577,25661.2908,7.8238,14574.6603,7.612,11581.8978,7.7731,10804.3833,7.9681,14896.6385
430,600228.SH,20190313,8.04,8.04,7.71,7.74,8.07,-0.33000000000000007,-4.0892,26048.22,20600.738,8.022,31607.856,8.1031,26041.58,7.8279,14270.5106,7.6167,11493.2094,7.7793,10748.851,7.9799,14757.1745
431,600228.SH,20190312,7.96,8.13,7.89,8.07,7.96,0.11000000000000032,1.3819,37125.93,29642.11,8.138,31357.684,8.1138,24747.64,7.8312,13637.8865,7.6186,11351.1245,7.7846,10746.5628,7.9825,14557.1188
432,600228.SH,20190311,7.98,8.02,7.8,7.96,7.96,0.0,0.0,32110.08,25409.678,8.158,28276.382,8.0962,22725.7992,7.8253,12690.7418,7.6206,11126.5076,7.7873,10590.727,7.9757,14314.3865
433,600228.SH,20190308,8.23,8.35,7.96,7.96,8.38,-0.4200000000000008,-5.0119,32259.01,26138.838,8.21,26724.172,8.0823,20700.7162,7.8244,11934.4747,7.6232,10959.0766,7.7884,10463.655,7.9656,14081.0192
434,600228.SH,20190307,8.32,8.47,8.26,8.38,8.32,0.0600000000000005,0.7212,30496.04,25449.659,8.264,22938.532,8.0708,18805.0062,7.8262,11143.8274,7.6288,10761.1738,7.7882,10336.3171,7.9581,13841.2857
435,600228.SH,20190306,8.17,8.45,8.14,8.32,8.17,0.15000000000000036,1.836,24797.36,20508.327,8.25,22250.446,8.0246,17397.3708,7.8162,10370.9153,7.6328,10575.4027,7.7843,10214.4382,7.9461,13636.8379
436,600228.SH,20190305,8.2,8.25,8.12,8.17,8.22,-0.05000000000000071,-0.6083,21719.42,17736.801,8.184,20997.014,7.9785,16137.9585,7.8068,9836.0224,7.637,10434.9697,7.779,10140.8681,7.9317,13489.2333
437,600228.SH,20190304,8.22,8.33,8.05,8.22,8.23,-0.009999999999999787,-0.1215,24349.03,19906.136,8.138,21739.716,7.9523,14944.9262,7.8053,9420.1574,7.6434,10338.1567,7.7744,10059.3036,7.9187,13350.8068
438,600228.SH,20190301,8.3,8.42,8.15,8.23,8.31,-0.08000000000000007,-0.9627,13330.81,10959.306,8.104,21927.09,7.9231,13600.8469,7.8065,8859.0388,7.6483,10197.9591,7.7693,9986.1319,7.9075,13165.6731
439,600228.SH,20190228,7.9,8.39,7.9,8.31,7.99,0.3200000000000003,4.005,27055.61,22077.983,8.034,21106.328,7.8969,13121.4092,7.8085,8724.2438,7.6531,10154.134,7.7662,10023.792,7.8943,13091.5956
440,600228.SH,20190227,7.93,8.1,7.89,7.99,7.94,0.04999999999999982,0.6297,18530.2,14782.305,7.94,17863.606,7.8608,11607.2877,7.8056,8207.8538,7.6569,9998.8475,7.7647,9957.5458,7.8807,13027.2465
441,600228.SH,20190226,8.05,8.05,7.91,7.94,8.05,-0.11000000000000032,-1.3665,25432.93,20271.152,7.898,15314.366,7.8208,10426.6585,7.8094,7986.0835,7.6626,9888.5961,7.7676,9901.1877,7.8703,13041.7979
442,600228.SH,20190225,7.81,8.1,7.81,8.05,7.88,0.17000000000000082,2.1574,25285.9,20239.642,7.872,11750.736,7.7692,8938.6638,7.8238,7484.3797,7.6678,9751.6136,7.7728,9777.8353,7.8561,12805.1016
443,600228.SH,20190222,7.81,7.92,7.73,7.88,7.84,0.040000000000000036,0.5102,9227.0,7243.628,7.818,9132.912,7.7154,7499.8254,7.8353,7138.8532,7.6718,9614.3226,7.7773,9661.1909,7.8361,12598.7387
444,600228.SH,20190221,7.78,8.08,7.75,7.84,7.78,0.05999999999999961,0.7712,10842.0,8584.216,7.786,8972.512,7.6854,7246.2869,7.8482,7329.7029,7.6784,9609.3076,7.782,9652.8299,7.8185,12588.7721
445,600228.SH,20190220,7.8,7.84,7.73,7.78,7.81,-0.02999999999999936,-0.3841,5784.0,4502.032,7.784,8046.112,7.6785,7059.21,7.8624,7470.0265,7.6849,9577.8215,7.787,9636.4525,7.8008,12581.2535
446,600228.SH,20190219,7.75,7.85,7.73,7.81,7.78,0.02999999999999936,0.3856,7614.78,5928.684,7.796,8264.512,7.6731,7116.7477,7.8762,7903.8238,7.6927,9585.4604,7.7947,9665.4353,7.7851,12640.7468
447,600228.SH,20190218,7.78,7.82,7.67,7.78,7.72,0.0600000000000005,0.7772,12196.78,9465.574,7.812,8161.18,7.6469,6817.9792,7.8909,8017.5656,7.7015,9593.6224,7.8016,9663.0993,7.7705,12697.5577
448,600228.SH,20190215,7.83,7.83,7.68,7.72,7.83,-0.11000000000000032,-1.4049,8425.0,6513.6,7.824,7196.23,7.6169,6313.4585,7.9059,8792.0726,7.7083,9548.6379,7.807,9649.5338,7.7537,12752.3947
449,600228.SH,20190214,7.84,7.91,7.78,7.83,7.84,-0.009999999999999787,-0.1276,6210.0,4863.362,7.774,6147.634,7.6031,6075.5362,7.9356,9045.8241,7.7144,9537.6841,7.8113,9647.1196,7.7343,12794.7351
450,600228.SH,20190213,7.93,7.95,7.81,7.84,7.89,-0.04999999999999982,-0.6337,6876.0,5414.296,7.662,6123.434,7.5823,5873.5546,7.9497,9328.9809,7.7212,9551.3717,7.8144,9657.487,7.7093,12943.8285
451,600228.SH,20190212,7.81,7.9,7.75,7.89,7.84,0.04999999999999982,0.6378,7098.12,5570.227,7.564,6064.434,7.5638,6113.9431,7.96,9455.6574,7.7293,9557.2747,7.8191,9681.7533,7.682,12990.7287
452,600228.SH,20190211,7.48,7.84,7.4,7.84,7.47,0.3700000000000001,4.9531,7372.03,5672.922,7.484,5831.01,7.5608,5917.0877,7.9691,9757.6244,7.7344,9581.1136,7.8231,9741.543,7.6503,13111.8123
453,600228.SH,20190201,7.21,7.49,7.21,7.47,7.27,0.20000000000000018,2.751,3182.02,2357.4,7.466,6038.604,7.5631,5728.7015,7.9803,10510.2744,7.7385,9572.5651,7.8272,9788.5607,7.6227,13114.9452
454,600228.SH,20190131,7.23,7.48,7.14,7.27,7.35,-0.08000000000000007,-1.0884,6089.0,4461.206,7.514,6708.598,7.5985,5976.0077,7.9997,11051.8182,7.7442,9598.822,7.8361,9842.7427,7.604,13181.3816
455,600228.SH,20190130,7.4,7.56,7.28,7.35,7.49,-0.14000000000000057,-1.8692,6581.0,4904.732,7.554,6236.956,7.6562,5921.2385,8.0135,11578.9332,7.7529,9632.6288,7.8474,9960.4061,7.5889,13238.8617
456,600228.SH,20190129,7.72,7.9,7.37,7.49,7.75,-0.2599999999999998,-3.3548,5931.0,4503.476,7.562,6048.358,7.7092,5739.3946,8.0309,12296.8459,7.7617,9765.1324,7.8609,9988.8558,7.572,13236.6084
457,600228.SH,20190128,7.61,7.95,7.61,7.75,7.71,0.040000000000000036,0.5188,8410.0,6591.109,7.572,5928.56,7.7485,5791.7023,8.0329,12969.8756,7.769,9798.8733,7.8756,9987.8734,7.5545,13368.5551
458,600228.SH,20190125,7.42,7.79,7.42,7.71,7.47,0.2400000000000002,3.2129,6531.99,4960.488,7.534,4963.408,7.7769,5727.8569,8.0271,12814.1109,7.7717,9814.324,7.8888,10018.0509,7.5373,13348.8952
459,600228.SH,20190124,7.44,7.5,7.36,7.47,7.39,0.08000000000000007,1.0825,3730.79,2776.109,7.512,5657.22,7.8192,5630.8577,8.0341,13101.775,7.7733,9843.5387,7.902,10009.324,7.5252,13338.83
460,600228.SH,20190123,7.52,7.54,7.38,7.39,7.54,-0.15000000000000036,-1.9894,5638.01,4202.891,7.588,5818.862,7.8831,6016.78,8.0485,13712.2685,7.775,9886.3701,7.9163,10023.5234,7.5171,13350.2061
461,600228.SH,20190122,7.59,7.78,7.5,7.54,7.56,-0.019999999999999574,-0.2646,5332.01,4066.996,7.684,5675.862,7.9462,6313.7292,8.0603,14320.4379,7.7752,9933.0784,7.9308,10021.1212,7.5101,13360.2669
462,600228.SH,20190121,7.65,7.68,7.54,7.56,7.6,-0.040000000000000036,-0.5263,3584.24,2724.09,7.762,5888.86,7.9908,6748.96,8.0568,14770.3074,7.7742,9951.1549,7.9443,10008.7551,7.5036,13369.5493
463,600228.SH,20190118,7.9,7.9,7.48,7.6,7.85,-0.25,-3.1847,10001.05,7700.333,7.854,6247.412,8.0577,7117.48,8.0424,15421.0309,7.7728,10009.4797,7.9575,10034.352,7.496,13430.5461
464,600228.SH,20190117,7.82,7.92,7.81,7.85,7.87,-0.020000000000000462,-0.2541,4539.0,3572.02,7.942,5090.608,8.1223,7389.5531,8.0368,15798.7094,7.7735,10076.8013,7.9715,10073.2851,7.4901,13339.6521
465,600228.SH,20190116,7.9,7.96,7.82,7.87,7.93,-0.05999999999999961,-0.7566,4923.01,3886.729,7.972,5505.008,8.1585,8249.3138,8.0353,16148.68,7.775,10155.4194,7.9834,10149.4746,7.4809,13309.0924
466,600228.SH,20190115,7.99,8.01,7.86,7.93,8.02,-0.08999999999999986,-1.1222,6397.0,5079.218,8.022,6036.408,8.1931,9071.6208,8.0376,17390.4524,7.7792,10183.7713,7.9965,10210.3088,7.4725,13304.9989
467,600228.SH,20190114,8.02,8.17,8.01,8.02,8.04,-0.019999999999999574,-0.2488,5377.0,4347.353,8.088,5811.208,8.2177,10159.0138,8.0485,17230.7759,7.7854,10171.1974,8.0109,10253.9892,7.4623,13257.9723
468,600228.SH,20190111,8.0,8.11,7.91,8.04,8.0,0.03999999999999915,0.5,4217.03,3379.371,8.144,6485.364,8.24,10628.6292,8.0697,17273.4229,7.7908,10172.5585,8.0257,10264.7298,7.4517,13256.9936
469,600228.SH,20190110,8.12,8.18,8.0,8.0,8.12,-0.11999999999999922,-1.4778,6611.0,5332.35,8.178,7541.628,8.2592,13268.09,8.1038,17213.8632,7.7953,10197.5375,8.0406,10308.577,7.4407,13290.1532
470,600228.SH,20190109,8.2,8.27,8.0,8.12,8.26,-0.14000000000000057,-1.6949,7580.01,6161.642,8.202,8417.43,8.3154,14071.2862,8.1262,17048.3632,7.8,10207.6987,8.0543,10310.1754,7.4301,13257.6999
471,600228.SH,20190108,8.27,8.27,8.19,8.26,8.3,-0.040000000000000924,-0.4819,5271.0,4333.943,8.264,8576.428,8.33,14706.4646,8.1326,17116.0788,7.8067,10229.241,8.0678,10328.0372,7.4184,13207.1291
472,600228.SH,20190107,8.26,8.32,8.01,8.3,8.21,0.08999999999999986,1.0962,8747.78,7181.919,8.3,10229.828,8.3246,15161.2338,8.1232,17285.8741,7.8117,10242.7757,8.0803,10392.2672,7.4063,13185.1829
473,600228.SH,20190104,8.03,8.25,7.92,8.21,8.12,0.09000000000000163,1.1084,9498.35,7706.755,8.304,11623.45,8.3169,15824.0969,8.1015,17585.0868,7.8144,10250.8064,8.0956,10443.2036,7.3947,13111.1925
474,600228.SH,20190103,8.4,8.4,8.02,8.12,8.43,-0.3100000000000005,-3.6773,10990.01,8986.642,8.326,12846.38,8.3177,17629.0031,8.0718,17735.3568,7.816,10240.5193,8.1099,10430.1958,7.3852,13023.0679
475,600228.SH,20190102,8.49,8.56,8.36,8.43,8.44,-0.009999999999999787,-0.1185,8375.0,7062.977,8.352,14755.0,8.3185,18444.7338,8.0506,17832.0918,7.8177,10219.492,8.1247,10406.6752,7.3777,12926.8944
476,600228.SH,20181228,8.33,8.58,8.3,8.44,8.32,0.11999999999999922,1.4423,13538.0,11455.917,8.328,15376.4,8.2654,19647.4962,8.0226,18031.7226,7.819,10237.5615,8.1378,10386.1961,7.3672,12897.4677
477,600228.SH,20181227,8.43,8.6,8.26,8.32,8.32,0.0,0.0,15715.89,13260.759,8.298,20374.804,8.2269,20989.96,7.9874,18037.2821,7.8199,10263.0099,8.1505,10352.0245,7.3561,12770.1877
478,600228.SH,20181226,8.2,8.46,8.18,8.32,8.25,0.07000000000000028,0.8485,15613.0,13086.804,8.38,20642.136,8.1685,21997.5077,7.9541,17908.5038,7.8214,10260.2469,8.1634,10307.25,7.3484,12648.0324
479,600228.SH,20181225,8.26,8.26,7.89,8.25,8.31,-0.0600000000000005,-0.722,20533.11,16483.083,8.378,20687.002,8.1092,21036.0462,7.9265,17757.0626,7.826,10237.5093,8.1774,10251.8774,7.3393,12479.2084
480,600228.SH,20181224,8.13,8.49,8.13,8.31,8.29,0.02000000000000135,0.2413,11482.0,9581.868,8.366,18816.98,8.0862,20711.3892,7.8968,17381.8241,7.8324,10275.2941,8.1915,10197.3276,7.3301,12255.1803
481,600228.SH,20181221,8.86,9.08,8.29,8.29,8.73,-0.4400000000000013,-5.0401,38530.02,33419.304,8.344,19993.58,8.0592,21711.8177,7.8668,17697.925,7.8416,10274.6483,8.2051,10217.5879,7.3213,12164.7536
482,600228.SH,20181220,8.37,8.73,8.36,8.73,8.31,0.41999999999999993,5.0542,17052.55,14668.776,8.33,18880.002,8.0208,20772.26,7.835,17141.7935,7.8533,10047.1133,8.2213,10077.5324,7.316,11717.4733
483,600228.SH,20181219,8.15,8.47,8.15,8.31,8.19,0.120000000000001,1.4652,15837.33,13176.725,8.21,19788.394,7.92,21047.2615,7.7806,16866.1512,7.862,10022.5122,8.2357,10022.8183,7.306,11531.4527
484,600228.SH,20181218,8.2,8.36,8.08,8.19,8.2,-0.009999999999999787,-0.122,11183.0,9180.488,8.096,21423.11,7.8246,21806.6085,7.7288,16688.8379,7.8733,9947.6497,8.2521,9965.9326,7.3025,11395.0217
485,600228.SH,20181217,8.16,8.38,7.98,8.2,8.22,-0.02000000000000135,-0.2433,17365.0,14217.177,8.046,25384.516,7.7646,22703.4638,7.6809,16609.3235,7.8851,9912.5628,8.2696,9941.69,7.3017,11311.8312
486,600228.SH,20181214,8.23,8.48,8.09,8.22,8.13,0.08999999999999986,1.107,32962.13,27302.81,7.918,27674.318,7.7338,22632.1562,7.6312,16400.8853,7.8965,9828.3062,8.2871,9895.5736,7.2989,11136.4559
487,600228.SH,20181213,7.72,8.13,7.7,8.13,7.74,0.39000000000000057,5.0388,21594.51,17197.021,7.784,21704.692,7.7131,23723.0131,7.5835,15732.7638,7.9076,9621.9174,8.3037,9756.1231,7.2949,10783.2941
488,600228.SH,20181212,7.95,8.14,7.74,7.74,7.94,-0.20000000000000018,-2.5189,24010.91,19106.646,7.748,20648.304,7.7262,22136.3585,7.5421,15446.9135,7.9192,9526.8869,8.3215,9693.7201,7.2899,10573.5407
489,600228.SH,20181211,7.53,7.94,7.39,7.94,7.56,0.3800000000000008,5.0265,30990.03,24318.237,7.792,20743.636,7.8031,20814.5192,7.5062,15220.4029,7.9347,9475.2885,8.3401,9589.7111,7.2929,10362.8705
490,600228.SH,20181210,7.17,7.59,7.17,7.56,7.55,0.009999999999999787,0.1325,28814.01,20913.912,7.762,19808.784,7.9,18599.2862,7.4568,14650.1235,7.9479,9381.0176,8.3576,9457.1251,7.2883,10017.9275
491,600228.SH,20181207,7.55,7.55,7.55,7.55,7.95,-0.40000000000000036,-5.0314,3114.0,2351.07,7.734,18171.496,7.9923,16458.5162,7.4097,14314.1824,7.9655,9286.5036,8.3774,9329.7036,7.2893,9701.4207
492,600228.SH,20181206,7.92,8.18,7.73,7.95,7.96,-0.009999999999999787,-0.1256,16312.57,12928.487,7.638,22690.464,8.0531,16979.1577,7.3579,14528.2856,7.985,9360.566,8.3975,9371.5126,7.2897,9713.3811
493,600228.SH,20181205,7.6,8.18,7.6,7.96,7.79,0.16999999999999993,2.1823,24487.57,19463.776,7.53,23996.374,8.0523,16573.8862,7.2862,14524.3685,8.0028,9297.2298,8.4141,9356.8803,7.2865,9576.1669
494,600228.SH,20181204,7.45,7.79,7.4,7.79,7.42,0.3700000000000001,4.9865,26315.77,20180.282,7.498,22386.46,8.0215,16145.6892,7.2218,14027.8812,8.0209,9207.9218,8.4307,9313.9166,7.2868,9362.6781
495,600228.SH,20181203,7.17,7.42,7.13,7.42,7.07,0.34999999999999964,4.9505,20627.57,14905.188,7.53,26551.96,7.9762,15245.0554,7.1712,13494.0276,8.0385,9072.959,8.4478,9267.7701,7.2905,9057.0293
496,600228.SH,20181130,7.39,7.39,7.04,7.07,7.41,-0.33999999999999986,-4.5884,25708.84,18259.231,7.706,22620.046,7.9746,14756.7038,7.1335,13193.2171,8.0591,9003.3138,8.4686,9239.4354,7.3007,8812.3151
497,600228.SH,20181129,7.79,7.86,7.41,7.41,7.8,-0.3899999999999997,-5.0,22842.12,17244.229,8.04,18843.678,8.0062,13945.4431,7.1044,12625.6629,8.0821,8936.7653,8.4939,9124.3019,7.3144,8522.2105
498,600228.SH,20181128,7.93,8.01,7.77,7.8,7.95,-0.15000000000000036,-1.8868,16438.0,12962.973,8.398,14713.654,7.9931,13244.2815,7.0682,12419.3359,8.1063,8898.6675,8.5169,9051.3899,7.3236,8334.6356
499,600228.SH,20181127,7.89,8.47,7.89,7.95,8.3,-0.35000000000000053,-4.2169,47143.27,37397.578,8.59,11622.854,7.9462,12851.93,7.0288,12139.8509,8.1258,8835.2094,8.5383,8991.8878,7.328,8216.4089
500,600228.SH,20181126,8.3,8.3,8.3,8.3,8.74,-0.4399999999999995,-5.0343,968.0,803.44,8.668,4170.668,7.9023,10030.4477,6.995,10923.1988,8.1444,8556.541,8.5593,8798.8395,7.3289,7662.3387
501,600228.SH,20181123,9.15,9.15,8.74,8.74,9.2,-0.4599999999999991,-5.0,6827.0,6094.433,8.596,6185.876,7.8208,10554.0631,6.9526,11029.5518,8.1606,8583.944,8.5782,8879.9586,7.3296,7713.18
502,600228.SH,20181122,9.2,9.2,9.2,9.2,8.76,0.4399999999999995,5.0228,2192.0,2016.64,8.36,8604.678,7.7092,11738.8654,6.8976,11016.7744,8.1735,8590.444,8.5965,9041.2914,7.3243,7728.8201
503,600228.SH,20181121,8.76,8.76,8.76,8.76,8.34,0.41999999999999993,5.036,984.0,861.984,7.96,11087.784,7.5562,13079.6,6.8344,11129.6035,8.1825,8631.8121,8.6146,9112.8307,7.3185,7749.7401
504,600228.SH,20181120,8.3,8.34,8.18,8.34,7.94,0.39999999999999947,5.0378,9882.34,8203.023,7.688,13746.784,7.4115,13594.7315,6.7824,11340.6329,8.1959,8668.4165,8.6318,9154.0615,7.3212,7786.5536
505,600228.SH,20181119,7.6,7.94,7.59,7.94,7.56,0.3800000000000008,5.0265,11044.04,8711.365,7.516,14802.806,7.2738,13589.0654,6.7476,11143.6229,8.2118,8678.3599,8.6522,9150.746,7.3289,7715.7891
506,600228.SH,20181116,7.26,7.56,7.16,7.56,7.2,0.35999999999999943,5.0,18921.01,14046.735,7.376,15339.402,7.1677,13391.7938,6.7247,10884.8871,8.2304,8705.179,8.6748,9136.6931,7.3443,7672.2467
507,600228.SH,20181115,7.3,7.44,7.13,7.2,7.4,-0.20000000000000018,-2.7027,14607.53,10600.043,7.302,13822.686,7.0869,12726.9546,6.7153,10464.1515,8.2544,8676.982,8.7,9055.8409,7.3625,7475.4408
508,600228.SH,20181114,7.47,7.58,7.33,7.4,7.48,-0.08000000000000007,-1.0695,14279.0,10619.724,7.338,12993.98,7.0408,12391.4523,6.7141,10118.93,8.282,8629.7482,8.727,8996.4355,7.3853,7374.2737
509,600228.SH,20181113,7.2,7.58,7.13,7.48,7.24,0.2400000000000002,3.3149,15162.45,11285.044,7.306,11693.18,6.9885,12206.5754,6.7091,9854.9476,8.3076,8573.8083,8.752,8950.275,7.4049,7246.4784
510,600228.SH,20181112,7.19,7.36,7.06,7.24,7.19,0.04999999999999982,0.6954,13727.02,9941.532,7.268,13106.576,6.9146,12294.8138,6.7012,9606.1697,8.333,8517.7218,8.7767,8915.805,7.4225,7079.6991
511,600228.SH,20181109,7.31,7.37,7.15,7.19,7.38,-0.1899999999999995,-2.5745,11337.43,8191.1,7.262,14285.482,6.8392,12131.2377,6.7003,9325.2868,8.3602,8488.8628,8.8011,8921.1363,7.442,6972.7715
512,600228.SH,20181108,7.24,7.4,7.24,7.38,7.24,0.13999999999999968,1.9337,10464.0,7666.653,7.2,13554.138,6.7446,12596.9746,6.7018,9103.2212,8.3868,8475.3737,8.8257,8905.5362,7.4611,6895.1524
513,600228.SH,20181107,7.22,7.46,7.19,7.24,7.29,-0.04999999999999982,-0.6859,7775.0,5681.169,7.034,13423.074,6.6223,12591.5523,6.7009,8902.0753,8.413,8479.432,8.8484,8920.3179,7.4804,6869.0301
514,600228.SH,20181106,7.17,7.38,6.85,7.29,7.21,0.08000000000000007,1.1096,22229.43,15670.073,6.898,13563.976,6.4892,13238.0438,6.7065,8767.4724,8.4383,8470.1153,8.8716,8976.2942,7.5009,6849.4703
515,600228.SH,20181105,6.89,7.22,6.88,7.21,6.88,0.33000000000000007,4.7965,19621.55,14052.598,6.742,11173.71,6.3723,12113.2415,6.7126,8198.6362,8.4633,8375.3485,8.8957,8923.6933,7.5224,6644.8645
516,600228.SH,20181102,6.53,6.88,6.53,6.88,6.55,0.33000000000000007,5.0382,7680.71,5121.776,6.62,9298.6,6.2846,11231.9492,6.7229,7732.62,8.489,8289.6417,8.9206,8897.6188,7.5472,6500.4453
517,600228.SH,20181101,6.52,6.59,6.46,6.55,6.56,-0.009999999999999787,-0.1524,9808.68,6401.538,6.588,10137.578,6.2277,11441.1262,6.7453,7688.1285,8.5172,8306.9959,8.9467,8948.9111,7.5723,6474.2893
518,600228.SH,20181031,6.45,6.68,6.44,6.56,6.51,0.04999999999999982,0.768,8479.51,5576.216,6.582,11437.752,6.1915,11179.8431,6.7765,7517.0497,8.5464,8334.9892,8.9755,9011.326,7.5997,6434.8089
519,600228.SH,20181030,6.58,6.79,6.46,6.51,6.6,-0.08999999999999986,-1.3636,10278.1,6755.828,6.522,12061.956,6.1623,11745.0346,6.8112,7460.4241,8.5756,8395.7336,9.0073,9029.903,7.6296,6430.8291
520,600228.SH,20181029,6.66,6.95,6.53,6.6,6.72,-0.1200000000000001,-1.7857,10246.0,6926.939,6.412,13484.738,6.1585,11487.9123,6.8444,7244.9271,8.6046,8452.9482,9.0411,9062.0917,7.6629,6396.8015
521,600228.SH,20181026,6.52,6.73,6.4,6.72,6.52,0.20000000000000018,3.0675,11875.6,7784.814,6.25,13514.24,6.1738,11144.1508,6.8726,7053.3094,8.6347,8491.7885,9.0762,9100.3322,7.69,6400.6004
522,600228.SH,20181025,6.15,6.57,6.0,6.52,6.26,0.2599999999999998,4.1534,16309.55,10344.904,6.008,14374.998,6.1846,10583.2585,6.9,6842.2624,8.6668,8452.7308,9.1092,9092.7749,7.7127,6324.1396
523,600228.SH,20181024,5.9,6.26,5.9,6.26,5.96,0.2999999999999998,5.0336,11600.53,7198.335,5.858,12634.488,6.2115,9820.4138,6.9403,6509.1579,8.7,8412.5256,9.1434,9070.1167,7.7364,6199.5192
524,600228.SH,20181023,5.94,6.08,5.78,5.96,5.79,0.16999999999999993,2.9361,17392.01,10411.563,5.82,11947.332,6.2723,9391.7723,6.9909,6259.1718,8.7358,8376.2867,9.1784,9104.1004,7.7665,6190.9412
525,600228.SH,20181022,5.7,5.79,5.66,5.79,5.51,0.28000000000000025,5.0817,10393.51,5981.237,5.856,10548.932,6.3515,8681.5408,7.0524,5912.4953,8.7742,8356.329,9.2164,9122.1555,7.802,6301.2012
526,600228.SH,20181019,5.5,5.63,5.48,5.51,5.77,-0.2599999999999998,-4.5061,16179.39,8940.151,5.914,9752.63,6.4569,8126.9631,7.1212,5752.2071,8.8139,8386.0764,9.2541,9145.7449,7.8385,6306.4836
527,600228.SH,20181018,6.06,6.06,5.77,5.77,6.07,-0.3000000000000007,-4.9423,7607.0,4425.853,6.048,9682.152,6.5838,7055.2423,7.1941,5400.2206,8.8578,8510.4713,9.2942,9175.5349,7.8737,6232.5572
528,600228.SH,20181017,6.19,6.2,5.91,6.07,6.14,-0.0699999999999994,-1.1401,8164.75,4955.374,6.186,9547.854,6.6969,6825.1654,7.2574,5366.9265,8.9028,8556.8263,9.334,9240.7851,7.9025,6274.3159
529,600228.SH,20181016,6.01,6.16,5.78,6.14,6.08,0.05999999999999961,0.9868,10400.01,6214.782,6.332,9070.324,6.7808,6417.8769,7.3068,5299.2279,8.9417,8555.349,9.372,9285.9596,7.9245,6297.4327
530,600228.SH,20181015,6.18,6.28,6.06,6.08,6.18,-0.09999999999999964,-1.6181,6412.0,3955.523,6.476,7907.122,6.8646,6025.8454,7.3606,5234.835,8.9809,8547.8629,9.4091,9311.1262,7.9416,6323.6193
531,600228.SH,20181012,6.33,6.33,6.14,6.18,6.46,-0.28000000000000025,-4.3344,15827.0,9761.144,6.634,7903.236,6.9515,6048.3069,7.405,5196.8144,9.0203,8563.5372,9.4466,9390.934,7.9591,6343.9263
532,600228.SH,20181011,6.66,6.68,6.46,6.46,6.8,-0.33999999999999986,-5.0,6935.51,4542.821,6.808,5943.474,7.0308,5152.1531,7.4479,4880.6085,9.0595,8490.1344,9.4842,9419.5245,7.9748,6292.6731
533,600228.SH,20181010,6.83,6.91,6.65,6.8,6.86,-0.0600000000000005,-0.8746,5777.1,3911.035,6.914,6188.172,7.0908,4909.9754,7.4809,4794.5944,9.0964,8473.6935,9.5204,9498.5038,7.9915,6462.8044
534,600228.SH,20181009,6.83,6.91,6.79,6.86,6.87,-0.009999999999999787,-0.1456,4584.0,3143.353,6.986,5669.552,7.1331,4744.4323,7.5076,4801.7829,9.1299,8478.56,9.5541,9618.7649,8.0083,6597.2432
535,600228.SH,20181008,6.92,6.92,6.8,6.87,7.05,-0.17999999999999972,-2.5532,6392.57,4387.785,7.046,5202.156,7.1769,4637.8554,7.5406,4916.2509,9.1632,8511.5671,9.5854,9698.7891,8.0299,6656.1989
536,600228.SH,20180928,6.99,7.14,6.91,7.05,6.99,0.05999999999999961,0.8584,6028.19,4265.918,7.12,4846.842,7.2254,4368.35,7.5759,4828.0021,9.1944,8568.7576,9.6178,9774.567,8.0559,6632.1163
537,600228.SH,20180927,7.12,7.18,6.93,6.99,7.16,-0.16999999999999993,-2.3743,8159.0,5781.557,7.142,4215.204,7.2646,4195.1815,7.6091,4717.5847,9.2242,8587.3189,9.6485,9905.9821,8.0792,6626.0471
538,600228.SH,20180926,7.2,7.22,7.1,7.16,7.16,0.0,0.0,3184.0,2283.498,7.19,3644.124,7.3146,4042.0277,7.6418,4593.82,9.2535,8620.6738,9.6811,10057.1554,8.1017,6621.4471
539,600228.SH,20180925,7.21,7.22,7.1,7.16,7.24,-0.08000000000000007,-1.105,2247.02,1608.812,7.2,4348.124,7.3492,4104.1815,7.6694,4758.2318,9.2813,8718.2501,9.7091,10156.1318,8.122,6686.6499
540,600228.SH,20180921,7.11,7.28,7.02,7.24,7.16,0.08000000000000007,1.1173,4616.0,3303.621,7.21,4734.12,7.3938,4435.5062,7.6979,4914.8194,9.3105,8795.2838,,,8.1476,6799.1176
541,600228.SH,20180920,7.27,7.28,7.15,7.16,7.23,-0.07000000000000028,-0.9682,2870.0,2067.916,7.21,4568.36,7.4246,4307.4446,7.7209,4943.4076,9.3395,8868.8877,,,8.1708,6833.8376
542,600228.SH,20180919,7.15,7.25,7.15,7.23,7.21,0.020000000000000462,0.2774,5303.6,3820.256,7.248,4719.368,7.4554,4373.6754,7.7559,4999.6165,9.3683,8962.4927,,,8.1912,6927.6269
543,600228.SH,20180918,7.37,7.37,7.0,7.21,7.21,0.0,0.0,6704.0,4775.842,7.288,4298.348,7.4877,4327.2446,7.7885,5078.9226,9.3973,9067.0288,,,8.2075,6963.8057
544,600228.SH,20180917,7.16,7.3,7.12,7.21,7.24,-0.03000000000000025,-0.4144,4177.0,2999.663,7.346,3535.348,7.54,4194.9369,7.8344,4992.3638,9.4301,9101.1608,,,8.2228,6980.5801
545,600228.SH,20180914,7.35,7.38,7.23,7.24,7.35,-0.10999999999999943,-1.4966,3787.2,2762.027,7.416,3455.348,7.5992,4112.1677,7.8859,4979.6582,9.4649,9181.3067,,,8.2416,7071.2468
546,600228.SH,20180913,7.5,7.53,7.35,7.35,7.43,-0.08000000000000007,-1.0767,3625.04,2690.106,7.496,3931.508,7.6615,4251.9992,7.9353,5002.8288,9.5017,9271.0389,,,8.2593,7250.1185
547,600228.SH,20180912,7.51,7.51,7.3,7.43,7.5,-0.07000000000000028,-0.9333,3198.5,2369.735,7.548,4004.9,7.7215,4353.4354,7.9865,5124.9853,9.536,9319.4651,,,8.2751,7406.0249
548,600228.SH,20180911,7.55,7.59,7.48,7.5,7.56,-0.05999999999999961,-0.7937,2889.0,2176.048,7.61,4676.048,7.7646,4431.3854,8.0306,5153.2815,9.5698,9383.9222,,,8.2957,7527.8953
549,600228.SH,20180910,7.61,7.67,7.56,7.56,7.64,-0.08000000000000007,-1.0471,3777.0,2874.56,7.638,4688.488,7.7969,4707.2315,8.0721,5274.7815,9.6023,9484.3025,,,8.3181,7835.6969
550,600228.SH,20180907,7.66,7.73,7.56,7.64,7.61,0.02999999999999936,0.3942,6168.0,4718.445,7.638,4679.288,7.8115,4867.6931,8.1106,5301.7624,9.6358,9600.0409,,,8.3457,7937.1903
551,600228.SH,20180906,7.69,7.73,7.55,7.61,7.74,-0.1299999999999999,-1.6796,3992.0,3051.447,7.64,4385.688,7.8369,5024.82,8.1447,5198.4094,9.6672,9657.0694,,,8.3768,7931.8167
552,600228.SH,20180905,7.57,7.84,7.27,7.74,7.64,0.10000000000000053,1.3089,6554.24,4965.784,7.696,4584.088,7.8354,5111.5354,8.1768,5248.8638,9.6997,9776.666,,,8.4085,8058.7233
553,600228.SH,20180904,7.59,7.66,7.53,7.64,7.56,0.08000000000000007,1.0582,2951.2,2242.591,7.744,3893.44,7.8277,4997.8246,8.2026,5218.3274,9.7327,9860.5552,,,8.4379,8038.7619
554,600228.SH,20180903,7.69,7.7,7.45,7.56,7.65,-0.09000000000000075,-1.1765,3731.0,2817.429,7.826,4424.202,7.8231,5079.35,8.2376,5381.6694,9.7664,9949.7777,,,8.4679,8081.1524
555,600228.SH,20180831,7.88,7.91,7.52,7.65,7.89,-0.23999999999999932,-3.0418,4700.0,3634.816,7.94,4666.744,7.8346,5255.5431,8.2735,5457.4638,9.8001,10025.626,,,8.4983,8101.1663
556,600228.SH,20180830,8.04,8.04,7.89,7.89,7.98,-0.09000000000000075,-1.1278,4984.0,3950.458,8.008,4569.114,7.86,5545.9977,8.3103,5521.6991,9.8331,10131.1783,,,8.5272,8081.7283
557,600228.SH,20180829,8.0,8.05,7.96,7.98,8.05,-0.07000000000000028,-0.8696,3101.0,2478.266,8.014,4867.314,7.8738,5423.5446,8.345,5633.6435,9.8654,10240.031,,,8.5525,8120.7431
558,600228.SH,20180828,8.21,8.21,8.0,8.05,8.13,-0.08000000000000007,-0.984,5605.01,4512.414,7.968,5419.714,7.8892,5359.9292,8.3679,5710.6438,9.8973,10359.3506,,,8.5791,8300.4731
559,600228.SH,20180827,8.08,8.21,8.0,8.13,7.99,0.14000000000000057,1.7522,4943.71,3995.401,7.952,5940.842,7.8931,5232.6977,8.3844,5747.1921,9.9282,10501.6853,,,8.6031,8457.9397
560,600228.SH,20180824,7.89,8.02,7.87,7.99,7.92,0.07000000000000028,0.8838,4211.85,3352.528,7.844,5975.96,7.8908,5527.3354,8.4041,5842.4071,9.9562,10593.1047,,,8.6292,8594.7436
561,600228.SH,20180823,7.7,8.08,7.62,7.92,7.75,0.16999999999999993,2.1935,6475.0,5103.593,7.774,6148.79,7.9015,5785.7315,8.4341,5945.7653,9.9864,10697.1824,,,8.6608,8722.3055
562,600228.SH,20180822,8.1,8.1,7.71,7.75,7.97,-0.21999999999999975,-2.7604,5863.0,4638.447,7.706,5655.996,7.9092,5717.5008,8.455,6065.0571,10.0163,10848.3098,,,8.6955,8731.8675
563,600228.SH,20180821,7.55,7.97,7.55,7.97,7.59,0.3799999999999999,5.0066,8210.65,6489.723,7.698,5687.698,7.9554,5634.2777,8.4747,6073.2347,10.0493,11041.6728,,,8.7329,8808.7237
564,600228.SH,20180820,7.57,7.67,7.5,7.59,7.64,-0.04999999999999982,-0.6545,5119.3,3868.897,7.7,5740.75,7.9838,5618.0746,8.4844,6036.5397,10.0766,11122.9254,,,8.7643,8790.9968
565,600228.SH,20180817,7.61,7.75,7.6,7.64,7.58,0.05999999999999961,0.7916,5076.0,3893.631,7.796,5395.312,8.0746,5513.59,8.5118,6208.2421,,,,,8.8016,8864.0548
566,600228.SH,20180816,7.6,7.68,7.45,7.58,7.71,-0.1299999999999999,-1.6861,4011.03,3038.879,7.904,4834.912,8.1762,5411.2062,8.5406,6813.6982,,,,,8.8381,9011.3864
567,600228.SH,20180815,7.9,7.97,7.68,7.71,7.98,-0.27000000000000046,-3.3835,6021.51,4698.504,8.008,4822.906,8.2792,5454.5885,8.5685,7013.0706,,,,,8.8823,9189.3197
568,600228.SH,20180814,8.02,8.08,7.8,7.98,8.07,-0.08999999999999986,-1.1152,8475.91,6734.707,8.086,5373.404,8.3854,5589.7308,8.5815,7148.7588,,,,,8.9211,9206.3667
569,600228.SH,20180813,8.15,8.15,8.0,8.07,8.18,-0.10999999999999943,-1.3447,3392.11,2729.325,8.116,5192.422,8.4585,5257.7815,8.58,7215.3174,,,,,8.9564,9186.8883
570,600228.SH,20180810,8.14,8.21,8.08,8.18,8.1,0.08000000000000007,0.9877,2274.0,1849.401,8.106,5631.6,8.5231,5536.85,8.5697,7406.6821,,,,,8.9905,9207.1805
571,600228.SH,20180809,8.01,8.25,8.01,8.1,8.1,0.0,0.0,3951.0,3219.845,8.14,6133.02,8.5762,5723.0308,8.5474,7703.4471,,,,,9.0227,9280.3672
572,600228.SH,20180808,8.11,8.21,8.0,8.1,8.13,-0.030000000000001137,-0.369,8774.0,7104.354,8.188,6942.822,8.63,5623.2615,8.5265,7820.6241,,,,,9.0547,9336.3405
573,600228.SH,20180807,8.08,8.2,7.8,8.13,8.02,0.11000000000000121,1.3716,7571.0,6034.877,8.322,5940.222,8.6762,5387.3731,8.5047,7915.0068,,,,,9.0892,9302.7543
574,600228.SH,20180806,8.34,8.35,7.95,8.02,8.35,-0.33000000000000007,-3.9521,5588.0,4538.084,8.488,5175.024,8.7138,5229.2962,8.4924,8271.6056,,,,,9.1225,9352.6635
575,600228.SH,20180803,8.3,8.4,8.12,8.35,8.34,0.009999999999999787,0.1199,4781.1,3949.322,8.668,4972.424,8.7762,5453.6677,8.4935,8573.7235,,,,,9.1572,9476.9035
576,600228.SH,20180802,8.7,8.71,8.33,8.34,8.77,-0.4299999999999997,-4.9031,8000.01,6706.71,8.816,5571.876,8.8092,5571.1223,8.4974,8697.9759,,,,,9.1928,9611.2973
577,600228.SH,20180801,9.03,9.03,8.71,8.77,8.96,-0.19000000000000128,-2.1205,3761.0,3334.498,8.934,4803.988,8.8523,5485.2754,8.5115,8597.5747,,,,,9.2305,9608.7087
578,600228.SH,20180731,8.99,8.99,8.9,8.96,8.92,0.040000000000000924,0.4484,3745.01,3343.38,8.962,5455.788,8.8754,5872.13,8.5124,8650.8688,,,,,9.2613,9641.544
579,600228.SH,20180730,9.0,9.09,8.91,8.92,9.09,-0.16999999999999993,-1.8702,4575.0,4120.657,8.944,5645.656,8.86,6023.9762,8.5041,8770.545,,,,,9.2904,9686.0905
580,600228.SH,20180727,8.93,9.16,8.88,9.09,8.93,0.16000000000000014,1.7917,7778.36,7062.865,8.92,5261.456,8.8362,6198.7954,8.4971,8873.4629,,,,,9.3203,9752.7081
581,600228.SH,20180726,8.91,8.98,8.85,8.93,8.91,0.019999999999999574,0.2245,4160.57,3711.85,8.842,4847.274,8.8138,6229.7692,8.4968,8958.8671,,,,,9.346,9774.2633
582,600228.SH,20180725,8.87,9.0,8.81,8.91,8.87,0.040000000000000924,0.451,7020.0,6250.54,8.78,5118.36,8.82,6504.0354,8.4982,9048.8503,,,,,9.3756,9866.1011
583,600228.SH,20180724,8.78,8.95,8.78,8.87,8.8,0.06999999999999851,0.7955,4694.35,4155.541,8.764,5415.326,8.7985,6774.1062,8.4918,9133.6797,,,,,9.4019,9858.2797
584,600228.SH,20180723,8.85,8.85,8.71,8.8,8.7,0.10000000000000142,1.1494,2654.0,2331.05,8.746,5738.058,8.7638,6885.39,8.4794,9231.405,,,,,9.4289,9910.1284
585,600228.SH,20180720,8.62,8.75,8.49,8.7,8.62,0.08000000000000007,0.9281,5707.45,4911.18,8.766,6584.058,8.7254,7216.8531,8.4665,9387.525,,,,,9.4569,9971.8053
586,600228.SH,20180719,8.77,8.81,8.6,8.62,8.83,-0.21000000000000085,-2.3783,5516.0,4792.708,8.84,7200.59,8.7115,7620.6785,8.4641,9542.5118,,,,,9.4868,10031.4356
587,600228.SH,20180718,8.77,8.87,8.72,8.83,8.78,0.05000000000000071,0.5695,8504.83,7462.312,8.868,7241.192,8.7115,9170.3331,8.4626,9886.2347,,,,,9.5153,10142.4184
588,600228.SH,20180717,8.99,8.99,8.75,8.78,8.9,-0.120000000000001,-1.3483,6308.01,5592.043,8.824,6909.756,8.6885,9346.0915,8.4538,10086.6226,,,,,9.5412,10258.7101
589,600228.SH,20180716,9.05,9.05,8.85,8.9,9.07,-0.16999999999999993,-1.8743,6884.0,6125.722,8.828,7284.358,8.64,9678.93,8.4597,10263.9982,,,,,9.5665,10421.4967
590,600228.SH,20180713,8.71,9.16,8.71,9.07,8.76,0.3100000000000005,3.5388,8790.11,7880.856,8.85,7452.764,8.5654,9975.4608,8.4679,10825.4724,,,,,9.5937,10540.8968
591,600228.SH,20180712,8.52,8.86,8.52,8.76,8.61,0.15000000000000036,1.7422,5719.01,5015.797,8.762,7800.926,8.4615,10060.7223,8.4844,10901.9103,,,,,9.624,10507.0457
592,600228.SH,20180711,8.78,8.78,8.51,8.61,8.8,-0.19000000000000128,-2.1591,6847.65,5930.519,8.694,7885.332,8.3585,10571.8762,8.52,10903.2624,,,,,9.6579,10571.0589
593,600228.SH,20180710,8.85,9.12,8.8,8.8,9.01,-0.20999999999999908,-2.3307,8181.02,7311.2,8.632,7908.406,8.2646,10655.52,8.5606,11099.2138,,,,,9.6952,10564.852
594,600228.SH,20180709,8.58,9.06,8.58,9.01,8.63,0.379999999999999,4.4032,7726.03,6884.826,8.576,8463.638,8.1538,10947.9808,8.5941,11007.3347,,,,,9.7312,10649.3465
595,600228.SH,20180706,8.33,8.65,8.33,8.63,8.42,0.21000000000000085,2.4941,10530.92,9011.781,8.498,12050.734,8.0538,11868.6985,8.62,10960.4071,,,,,9.7644,10742.0279
596,600228.SH,20180705,8.22,8.45,8.2,8.42,8.3,0.11999999999999922,1.4458,6141.04,5103.839,8.478,12102.488,8.01,12278.6285,8.6556,10804.5576,,,,,9.8071,11056.1789
597,600228.SH,20180704,8.67,8.67,8.28,8.3,8.52,-0.21999999999999886,-2.5822,6963.02,5884.878,8.424,13001.262,8.0146,12498.9854,8.6968,10719.2962,,,,,9.8581,11164.7268
598,600228.SH,20180703,8.86,8.86,8.42,8.52,8.62,-0.09999999999999964,-1.1601,10957.18,9417.593,8.35,13756.438,8.0546,12316.1662,8.7406,10747.1518,,,,,9.9031,11177.9133
599,600228.SH,20180702,8.5,8.96,8.41,8.62,8.53,0.08999999999999986,1.0551,25661.51,22572.961,8.19,13544.704,8.0762,11901.9985,8.7832,10912.5509,,,,,9.9467,11156.1112
600,600228.SH,20180629,8.18,8.56,8.1,8.53,8.15,0.379999999999999,4.6626,10789.69,9089.228,7.95,10885.204,8.0808,10529.1131,8.8194,10670.0068,,,,,9.9885,10929.5457
601,600228.SH,20180628,7.88,8.16,7.8,8.15,7.93,0.22000000000000064,2.7743,10634.91,8542.818,7.722,10314.27,8.0923,10320.23,8.8653,10799.8394,,,,,10.0324,10855.7765
602,600228.SH,20180627,7.62,7.96,7.62,7.93,7.72,0.20999999999999996,2.7202,10738.9,8430.755,7.564,10583.89,8.1638,10323.86,8.9303,10892.3124,,,,,10.0807,10774.8845
603,600228.SH,20180626,7.22,7.73,7.21,7.72,7.42,0.2999999999999998,4.0431,9898.51,7449.037,7.52,12375.182,8.2446,10053.1754,9.0065,10787.9962,,,,,10.1299,10718.0709
604,600228.SH,20180625,7.48,7.48,7.21,7.42,7.39,0.03000000000000025,0.406,12364.01,9047.194,7.588,13567.482,8.3192,10053.6131,9.09,10838.8406,,,,,10.1824,10710.5844
605,600228.SH,20180622,7.35,7.45,7.15,7.39,7.36,0.02999999999999936,0.4076,7935.02,5791.149,7.8,12895.816,8.3985,9719.2285,9.1753,10677.5794,,,,,10.2349,10740.7709
606,600228.SH,20180621,7.7,7.75,7.33,7.36,7.71,-0.34999999999999964,-4.5396,11983.01,9023.665,8.086,12226.086,8.4731,9721.31,9.2635,10755.9215,,,,,10.2876,10750.9843
607,600228.SH,20180620,7.9,7.98,7.66,7.71,8.06,-0.35000000000000053,-4.3424,19695.36,15179.493,8.374,10944.084,8.57,9643.9246,9.3524,10877.7703,,,,,10.3391,10764.0388
608,600228.SH,20180619,8.43,8.57,8.06,8.06,8.48,-0.41999999999999993,-4.9528,15860.01,13057.568,8.568,8567.812,8.6362,9452.1723,9.4459,10808.9665,,,,,10.3851,10731.234
609,600228.SH,20180615,8.82,8.89,8.41,8.48,8.82,-0.33999999999999986,-3.8549,9005.68,7692.922,8.692,7010.652,8.6723,9410.4808,9.5212,10557.2024,,,,,10.4291,10697.6321
610,600228.SH,20180614,8.72,8.9,8.71,8.82,8.8,0.019999999999999574,0.2273,4586.37,4046.642,8.812,7345.936,8.7108,9666.8731,9.5844,10498.6538,,,,,10.4683,10780.4225
611,600228.SH,20180613,8.88,8.88,8.62,8.8,8.68,0.120000000000001,1.3825,5573.0,4899.681,8.844,7872.662,8.7385,11312.0846,9.6376,10508.2909,,,,,10.5013,10937.2592
612,600228.SH,20180612,8.65,8.74,8.42,8.68,8.68,0.0,0.0,7814.0,6682.326,8.822,8738.902,8.8023,11759.4692,9.6903,10572.7026,,,,,10.5361,11134.3765
613,600228.SH,20180611,9.08,9.08,8.66,8.68,9.08,-0.40000000000000036,-4.4053,8074.21,7119.781,8.776,8779.504,8.9015,11601.8523,9.7438,10582.5556,,,,,10.5796,11185.11
614,600228.SH,20180608,8.96,9.27,8.88,9.08,8.98,0.09999999999999964,1.1136,10682.1,9689.497,8.712,8757.078,9.0023,12019.99,9.8029,10529.0503,,,,,10.6268,11287.0272
615,600228.SH,20180607,8.67,9.0,8.63,8.98,8.69,0.2900000000000009,3.3372,7220.0,6372.957,8.62,8816.058,9.0685,11587.3,9.8485,10547.6412,,,,,10.6728,11367.3811
616,600228.SH,20180606,8.44,8.81,8.4,8.69,8.45,0.2400000000000002,2.8402,9904.2,8585.413,8.538,10812.574,9.1385,11503.4915,9.8968,10773.7,,,,,10.7171,11412.4267
617,600228.SH,20180605,8.4,8.5,8.34,8.45,8.36,0.08999999999999986,1.0766,8017.01,6750.7,8.506,11895.338,9.2269,11144.0946,9.9653,10919.4776,,,,,10.7651,11446.7749
618,600228.SH,20180604,8.65,8.74,8.3,8.36,8.62,-0.2599999999999998,-3.0162,7962.08,6808.066,8.612,12759.692,9.3323,10776.7977,10.0453,10913.2674,,,,,10.8148,11571.1316
619,600228.SH,20180601,8.51,8.69,8.37,8.62,8.57,0.049999999999998934,0.5834,10977.0,9370.441,8.776,16362.1,9.4423,10772.8,10.1253,10862.1371,,,,,10.8685,11737.5483
620,600228.SH,20180531,8.54,8.7,8.21,8.57,8.53,0.040000000000000924,0.4689,17202.58,14688.067,8.978,16444.5,9.5462,11203.8577,10.1994,10747.6959,,,,,10.9157,11782.9231
621,600228.SH,20180530,8.94,8.94,8.53,8.53,8.98,-0.45000000000000107,-5.0111,15318.02,13216.307,9.258,14156.98,9.6446,11220.1985,10.2756,10523.2471,,,,,10.9652,11836.4075
622,600228.SH,20180529,9.06,9.14,8.89,8.98,9.18,-0.1999999999999993,-2.1786,12338.78,11106.847,9.55,13795.376,9.7646,11211.4277,10.3488,10349.0406,,,,,11.0181,11880.6243
623,600228.SH,20180528,9.57,9.58,9.15,9.18,9.63,-0.45000000000000107,-4.6729,25974.12,24022.472,9.742,12339.046,9.8708,11322.2131,10.4126,10311.0882,,,,,11.0649,11926.7637
624,600228.SH,20180525,9.91,10.0,9.5,9.63,9.97,-0.33999999999999986,-3.4102,11389.0,11026.542,9.884,8370.32,9.9738,9877.4462,10.4626,9736.3612,,,,,11.108,11775.8176
625,600228.SH,20180524,9.98,10.14,9.85,9.97,9.99,-0.019999999999999574,-0.2002,5764.98,5750.883,9.926,7138.928,10.0454,9895.7708,10.5,9653.8318,,,,,11.1451,11889.2912
626,600228.SH,20180523,9.86,10.38,9.82,9.99,9.94,0.05000000000000071,0.503,13510.0,13652.188,9.896,6634.362,10.0723,9981.6285,10.5274,9698.3844,,,,,11.1793,12087.8755
627,600228.SH,20180522,9.85,9.94,9.83,9.94,9.89,0.049999999999998934,0.5056,5057.13,5000.544,9.856,5514.384,10.1031,9757.6785,10.5553,9600.435,,,,,11.2137,12178.1823
628,600228.SH,20180521,9.78,9.91,9.7,9.89,9.84,0.05000000000000071,0.5081,6130.49,6026.771,9.862,7819.108,10.1369,10609.12,10.5794,9858.7462,,,,,11.2479,12458.7701
629,600228.SH,20180518,9.89,9.89,9.79,9.84,9.82,0.019999999999999574,0.2037,5232.04,5148.401,9.854,10076.012,10.2138,11472.6231,10.6053,10185.1056,,,,,11.2781,12618.4716
630,600228.SH,20180517,9.8,9.84,9.77,9.82,9.79,0.030000000000001137,0.3064,3242.15,3177.813,9.904,12070.404,10.2738,11631.6992,10.63,10575.8397,,,,,11.3115,12804.6981
631,600228.SH,20180516,9.9,9.96,9.77,9.79,9.97,-0.1800000000000015,-1.8054,7910.11,7775.032,10.012,14177.772,10.3362,11921.9208,10.6629,10946.3356,,,,,11.3436,13137.9675
632,600228.SH,20180515,9.82,9.99,9.65,9.97,9.85,0.120000000000001,1.2183,16580.75,16234.095,10.158,14034.18,10.4008,11691.4531,10.7085,10897.5465,,,,,11.3797,13481.9297
633,600228.SH,20180514,10.08,10.1,9.77,9.85,10.09,-0.2400000000000002,-2.3786,17415.01,17214.532,10.276,13043.474,10.4485,11013.1646,10.7476,10719.2891,,,,,11.4055,13526.3333
634,600228.SH,20180511,10.3,10.35,10.01,10.09,10.36,-0.2699999999999996,-2.6062,15204.0,15389.59,10.37,10936.698,10.4985,10300.3946,10.7935,10394.7926,,,,,,
635,600228.SH,20180510,10.5,10.54,10.22,10.36,10.52,-0.16000000000000014,-1.5209,13778.99,14245.315,10.43,10015.628,10.5446,9612.0123,10.835,10374.6194,,,,,,
636,600228.SH,20180508,10.37,10.63,10.37,10.52,10.56,-0.040000000000000924,-0.3788,7192.15,7564.199,10.434,10485.004,10.5654,9422.4123,10.8685,10401.0353,,,,,,
637,600228.SH,20180507,10.3,10.57,10.28,10.56,10.32,0.2400000000000002,2.3256,11627.22,12144.173,10.508,12517.78,10.5731,10015.7854,10.9071,11192.2147,,,,,,
638,600228.SH,20180504,10.27,10.39,10.24,10.32,10.39,-0.07000000000000028,-0.6737,6881.13,7093.825,10.52,11652.342,10.6085,10264.51,10.9568,11270.3003,,,,,,
639,600228.SH,20180503,10.43,10.49,10.14,10.39,10.38,0.009999999999999787,0.0963,10598.65,10927.51,10.582,11679.122,10.6738,10335.6431,10.9965,11301.7968,,,,,,
640,600228.SH,20180502,10.8,10.88,10.35,10.38,10.89,-0.5099999999999998,-4.6832,16125.87,16925.423,10.63,10542.198,10.7269,9999.1046,11.0376,11264.2488,,,,,,
641,600228.SH,20180427,10.62,11.13,10.6,10.89,10.62,0.27000000000000135,2.5424,17356.03,18928.07,10.672,8869.624,10.7854,9303.73,11.0782,11044.9321,,,,,,
642,600228.SH,20180426,10.66,10.66,10.58,10.62,10.63,-0.010000000000001563,-0.0941,7300.03,7757.144,10.594,7028.218,10.8062,8704.9062,11.1056,10689.0782,,,,,,
643,600228.SH,20180425,10.58,10.67,10.55,10.63,10.63,0.0,0.0,7015.03,7442.596,10.608,6819.218,10.8369,8866.0577,11.1394,10608.7247,,,,,,
644,600228.SH,20180424,10.56,10.67,10.56,10.63,10.59,0.040000000000000924,0.3777,4914.03,5217.851,10.608,7679.05,10.8769,9176.3169,11.1685,10592.9262,,,,,,
645,600228.SH,20180423,10.5,10.66,10.5,10.59,10.5,0.08999999999999986,0.8571,7763.0,8207.239,10.606,9677.444,10.8962,9293.1915,11.1988,10723.0141,,,,,,
646,600228.SH,20180420,10.65,10.67,10.47,10.5,10.69,-0.1899999999999995,-1.7774,8149.0,8597.632,10.692,11096.972,10.92,9356.2685,11.2215,10924.9259,,,,,,
647,600228.SH,20180419,10.63,10.71,10.54,10.69,10.63,0.05999999999999872,0.5644,6255.03,6655.339,10.826,11028.344,10.9508,9289.4046,11.2462,10941.1618,,,,,,
648,600228.SH,20180418,10.55,10.66,10.4,10.63,10.62,0.010000000000001563,0.0942,11314.19,11975.152,10.904,11022.068,10.97,9591.3038,11.2618,11138.4285,,,,,,
649,600228.SH,20180417,10.92,10.99,10.56,10.62,11.02,-0.40000000000000036,-3.6298,14906.0,16025.731,11.006,10176.43,10.98,9785.5746,11.2774,11312.57,,,,,,
650,600228.SH,20180416,11.16,11.18,10.89,11.02,11.17,-0.15000000000000036,-1.3429,14860.64,16390.174,11.114,9109.494,10.9915,9964.0908,11.2991,11266.5074,,,,,,
651,600228.SH,20180413,11.12,11.19,11.05,11.17,11.08,0.08999999999999986,0.8123,7805.86,8672.432,11.114,8016.366,10.9654,10245.3492,11.3109,11276.9285,,,,,,
652,600228.SH,20180412,11.12,11.22,11.02,11.08,11.14,-0.0600000000000005,-0.5386,6223.65,6911.078,11.11,8664.874,10.9477,10863.2838,11.3147,11528.2009,,,,,,
653,600228.SH,20180411,11.16,11.22,11.09,11.14,11.16,-0.019999999999999574,-0.1792,7086.0,7892.154,11.07,8706.824,10.9677,10865.4092,11.3244,11943.8818,,,,,,
654,600228.SH,20180410,11.04,11.18,10.91,11.16,11.02,0.14000000000000057,1.2704,9571.32,10597.187,11.022,9006.224,10.98,11129.5631,11.3479,12077.2056,,,,,,
655,600228.SH,20180409,11.01,11.18,11.0,11.02,11.15,-0.13000000000000078,-1.1659,9395.0,10390.02,10.97,8547.914,10.9992,10884.2408,11.3791,12257.9903,,,,,,
656,600228.SH,20180404,10.88,11.27,10.85,11.15,10.88,0.2699999999999996,2.4816,11048.4,12333.772,10.954,8704.858,11.0362,11278.3262,11.4235,12473.0974,,,,,,
657,600228.SH,20180403,10.84,10.93,10.78,10.88,10.9,-0.019999999999999574,-0.1835,6433.4,6982.928,10.876,9263.12,11.0631,11557.4592,11.4574,12459.8626,,,,,,
658,600228.SH,20180402,10.88,10.96,10.74,10.9,10.9,0.0,0.0,8583.0,9333.881,10.854,11421.782,11.1362,13685.0631,11.4988,12637.7132,,,,,,
659,600228.SH,20180330,10.97,10.97,10.84,10.9,10.94,-0.03999999999999915,-0.3656,7279.77,7934.257,10.81,13408.582,11.24,14123.4577,11.5365,12895.3826,,,,,,
660,600228.SH,20180329,10.8,10.99,10.7,10.94,10.76,0.17999999999999972,1.6729,10179.72,11062.786,10.818,15120.43,11.2992,14175.1685,11.5803,13282.5462,,,,,,
661,600228.SH,20180328,10.69,10.85,10.56,10.76,10.77,-0.009999999999999787,-0.0929,13839.71,14807.879,10.898,14334.742,11.3646,14109.1915,11.6162,13406.0871,,,,,,
662,600228.SH,20180327,10.77,10.89,10.7,10.77,10.68,0.08999999999999986,0.8427,17226.71,18571.139,11.006,13670.8,11.4415,13711.4523,11.6609,13622.9753,,,,,,
663,600228.SH,20180326,10.68,11.06,10.66,10.68,10.94,-0.2599999999999998,-2.3766,18517.0,19999.954,11.134,11501.884,11.5223,12790.7054,11.7118,13664.3744,,,,,,
664,600228.SH,20180323,11.19,11.34,10.86,10.94,11.34,-0.40000000000000036,-3.5273,15839.01,17558.579,11.298,10702.106,11.6062,11717.7062,11.765,13584.4403,,,,,,
665,600228.SH,20180322,11.3,11.38,11.25,11.34,11.3,0.03999999999999915,0.354,6251.28,7075.066,11.41,10469.73,11.6585,10997.6192,11.8082,13549.5624,,,,,,
666,600228.SH,20180321,11.39,11.53,11.2,11.3,11.41,-0.10999999999999943,-0.9641,10520.0,11962.102,11.508,16037.924,11.6831,11234.9838,11.8397,13950.9812,,,,,,
667,600228.SH,20180320,11.35,11.48,11.35,11.41,11.5,-0.08999999999999986,-0.7826,6382.13,7286.956,11.698,16790.35,11.6877,11550.9838,11.8762,14249.1812,,,,,,
668,600228.SH,20180319,11.55,11.56,11.19,11.5,11.5,0.0,0.0,14518.11,16459.602,11.75,17104.326,11.6823,11729.36,11.9103,14658.0306,,,,,,
669,600228.SH,20180316,11.72,11.82,11.48,11.5,11.83,-0.33000000000000007,-2.7895,14677.13,17089.334,11.808,16065.108,11.6608,11609.6669,11.9397,14998.7103,,,,,,
670,600228.SH,20180315,12.6,12.6,11.64,11.83,12.25,-0.41999999999999993,-3.4286,34092.25,41031.301,11.86,14863.502,11.6346,11806.4262,11.9591,15099.6212,,,,,,
671,600228.SH,20180228,11.62,12.25,11.58,12.25,11.67,0.5800000000000001,4.97,14282.13,17241.983,11.858,9096.452,11.5985,10210.0892,11.9741,14661.5853,,,,,,
672,600228.SH,20180227,11.77,11.85,11.63,11.67,11.79,-0.11999999999999922,-1.0178,7952.01,9318.584,11.762,7153.628,11.5346,10281.8454,11.9735,15072.0329,,,,,,
673,600228.SH,20180226,11.85,11.88,11.63,11.79,11.76,0.02999999999999936,0.2551,9322.02,10969.668,11.752,6858.802,11.5062,10927.7769,11.9979,15829.5409,,,,,,
674,600228.SH,20180223,11.77,11.94,11.69,11.76,11.82,-0.0600000000000005,-0.5076,8669.1,10225.269,11.726,6861.802,11.4769,11776.6062,12.0012,16140.9821,,,,,,
675,600228.SH,20180222,11.84,11.95,11.67,11.82,11.77,0.05000000000000071,0.4248,5257.0,6197.522,11.646,8053.582,11.4908,12003.5223,,,,,,,,
676,600228.SH,20180214,11.62,11.85,11.57,11.77,11.62,0.15000000000000036,1.2909,4568.01,5380.966,11.55,8742.386,11.5215,12808.2146,,,,,,,,
677,600228.SH,20180213,11.7,11.8,11.52,11.62,11.66,-0.040000000000000924,-0.3431,6477.88,7566.942,11.44,10421.204,11.58,13742.1092,,,,,,,,
678,600228.SH,20180212,11.28,11.69,11.28,11.66,11.36,0.3000000000000007,2.6408,9337.02,10710.797,11.348,12572.628,11.6323,14059.0738,,,,,,,,
679,600228.SH,20180209,11.24,11.39,10.85,11.36,11.34,0.019999999999999574,0.1764,14628.0,16310.345,11.288,13373.198,11.6808,14300.8662,,,,,,,,
680,600228.SH,20180208,11.14,11.42,11.14,11.34,11.22,0.11999999999999922,1.0695,8701.02,9861.916,11.3,13490.59,11.7438,14509.7708,,,,,,,,
681,600228.SH,20180207,11.27,11.37,10.93,11.22,11.16,0.0600000000000005,0.5376,12962.1,14518.205,11.292,15020.21,11.8246,15413.0254,,,,,,,,
682,600228.SH,20180206,11.26,11.52,11.15,11.16,11.36,-0.1999999999999993,-1.7606,17235.0,19593.001,11.33,16499.15,11.8969,15522.1031,,,,,,,,
683,600228.SH,20180205,11.31,11.53,11.24,11.36,11.42,-0.0600000000000005,-0.5254,13339.87,15207.845,11.486,15375.952,11.9831,15828.1731,,,,,,,,
684,600228.SH,20180202,11.28,11.6,10.83,11.42,11.3,0.11999999999999922,1.0619,15214.96,17248.629,11.658,15851.578,12.0708,16235.4354,,,,,,,,
685,600228.SH,20180201,11.4,11.53,10.9,11.3,11.41,-0.10999999999999943,-0.9641,16349.12,18206.517,11.88,16150.314,12.1531,16280.38,,,,,,,,
686,600228.SH,20180131,11.89,11.95,11.34,11.41,11.94,-0.5299999999999994,-4.4389,20356.8,23729.873,12.08,15000.174,12.2385,16149.9215,,,,,,,,
687,600228.SH,20180130,12.29,12.46,11.92,11.94,12.22,-0.28000000000000114,-2.2913,11619.01,14122.285,12.256,13424.878,12.3154,16114.7462,,,,,,,,
688,600228.SH,20180129,12.54,12.55,12.2,12.22,12.53,-0.3099999999999987,-2.4741,15718.0,19365.61,12.304,14569.828,12.3615,16810.1146,,,,,,,,
689,600228.SH,20180126,12.28,12.66,12.27,12.53,12.3,0.22999999999999865,1.8699,16708.64,20845.65,12.338,15514.894,12.3885,17161.2692,,,,,,,,
690,600228.SH,20180125,12.33,12.36,12.22,12.3,12.29,0.010000000000001563,0.0814,10598.42,13038.365,12.264,15049.188,12.3862,17883.7754,,,,,,,,
691,600228.SH,20180124,12.25,12.47,12.2,12.29,12.18,0.10999999999999943,0.9031,12480.32,15354.906,12.26,17172.286,12.3754,18461.4431,,,,,,,,
692,600228.SH,20180123,12.34,12.39,12.0,12.18,12.39,-0.21000000000000085,-1.6949,17343.76,21158.217,12.302,18403.078,12.3792,18978.2669,,,,,,,,
693,600228.SH,20180122,12.23,12.58,12.11,12.39,12.16,0.23000000000000043,1.8914,20443.33,25354.974,12.364,18094.174,12.3831,19816.2354,,,,,,,,
694,600228.SH,20180119,12.29,12.51,12.14,12.16,12.28,-0.11999999999999922,-0.9772,14380.11,17682.041,12.368,16936.14,12.3915,20836.5392,,,,,,,,
695,600228.SH,20180118,12.43,12.55,12.24,12.28,12.5,-0.22000000000000064,-1.76,21213.91,26359.046,12.418,18040.022,12.3715,21261.9938,,,,,,,,
696,600228.SH,20180117,12.5,12.62,12.29,12.5,12.49,0.009999999999999787,0.0801,18634.28,23196.542,12.47,17929.0,,,,,,,,,,
697,600228.SH,20180116,12.37,12.76,12.25,12.49,12.41,0.08000000000000007,0.6446,15799.24,19744.427,12.484,18258.746,,,,,,,,,,
698,600228.SH,20180115,12.41,12.61,12.16,12.41,12.41,0.0,0.0,14653.16,18050.179,12.486,20319.142,,,,,,,,,,
699,600228.SH,20180112,12.5,12.7,12.22,12.41,12.54,-0.129999999999999,-1.0367,19899.52,24734.022,12.436,21010.13,,,,,,,,,,
700,600228.SH,20180111,12.55,12.88,12.33,12.54,12.57,-0.030000000000001137,-0.2387,20658.8,26008.881,12.422,20870.032,,,,,,,,,,
701,600228.SH,20180110,12.42,12.8,12.41,12.57,12.5,0.07000000000000028,0.56,20283.01,25537.828,12.36,22385.742,,,,,,,,,,
702,600228.SH,20180109,12.16,12.7,12.12,12.5,12.16,0.33999999999999986,2.7961,26101.22,32474.161,12.346,25070.596,,,,,,,,,,
703,600228.SH,20180108,12.45,12.57,12.0,12.16,12.34,-0.17999999999999972,-1.4587,18108.1,22148.136,12.226,23832.556,,,,,,,,,,
704,600228.SH,20180105,12.24,12.35,11.97,12.34,12.23,0.10999999999999943,0.8994,19199.03,23307.591,,,,,,,,,,,,
705,600228.SH,20180104,12.5,12.6,12.18,12.23,12.5,-0.2699999999999996,-2.16,28237.35,35019.273,,,,,,,,,,,,
706,600228.SH,20180103,12.38,12.5,12.0,12.5,11.9,0.5999999999999996,5.042,33707.28,41925.993,,,,,,,,,,,,
707,600228.SH,20180102,11.29,11.9,11.12,11.9,11.33,0.5700000000000003,5.0309,19911.02,23170.922,,,,,,,,,,,,
