,ts_code,trade_date,open,high,low,close,pre_close,change,pct_chg,vol,amount,ma5,ma_v_5,ma13,ma_v_13,ma34,ma_v_34,ma144,ma_v_144,ma169,ma_v_169,ma75,ma_v_75,ma10,ma_v_10,ma20,ma_v_20,ma30,ma_v_30,ma60,ma_v_60,ma120,ma_v_120
0,603637.SH,20221230,7.64,7.64,7.57,7.63,7.59,0.040000000000000036,0.53,23799.98,18095.304,7.66,32982.13,8.11,63263.47,8.5,50400.35,8.44,54253.12,8.34,53988.83,8.3,39445.25,7.81,50625.78,8.42,61205.22,8.49,52947.18,8.28,41235.65,8.48,52605.31
1,603637.SH,20221229,7.63,7.67,7.58,7.59,7.64,-0.04999999999999982,-0.65,26477.4,20159.728,7.67,36624.83,8.19,64144.24,8.52,50596.73,8.45,54633.9,8.34,54223.52,8.31,40046.77,7.95,58226.3,8.48,63128.1,8.53,53153.8,8.29,41144.5,8.48,52612.23
2,603637.SH,20221228,7.72,7.74,7.59,7.64,7.74,-0.10000000000000053,-1.29,25262.47,19345.8,7.71,40076.36,8.29,65795.37,8.54,50549.19,8.45,54970.01,8.34,54336.99,8.33,40321.25,8.11,65648.79,8.55,64143.56,8.56,53923.25,8.29,41173.59,8.49,52726.86
3,603637.SH,20221227,7.71,7.88,7.67,7.74,7.72,0.020000000000000462,0.26,33513.4,25958.085,7.79,44323.93,8.39,67146.48,8.56,50468.38,8.45,55095.54,8.34,54586.27,8.36,40585.55,8.25,74688.53,8.6,65773.38,8.59,53792.81,8.29,41222.81,8.49,52889.43
4,603637.SH,20221226,7.68,7.77,7.58,7.72,7.68,0.040000000000000036,0.52,55857.38,42741.513,7.86,49708.96,8.5,68186.03,8.58,49958.04,8.46,55130.46,8.34,54626.58,8.37,40700.83,8.35,74862.19,8.64,65233.23,8.62,53485.29,8.3,41191.47,8.5,52888.4
5,603637.SH,20221223,7.75,7.83,7.59,7.68,7.77,-0.08999999999999986,-1.16,42013.5,32356.036,7.95,68269.44,8.61,69590.79,8.6,48961.21,8.46,54985.13,8.34,54532.91,8.39,40620.16,8.46,74070.65,8.68,63512.0,8.64,52639.28,8.3,40856.02,8.5,52766.56
6,603637.SH,20221222,8.09,8.1,7.75,7.77,8.05,-0.28000000000000114,-3.48,43735.07,34569.479,8.22,79827.77,8.73,73202.14,8.61,48404.03,8.46,54981.33,8.35,54606.23,8.41,40747.76,8.6,74152.0,8.72,62426.82,8.66,52067.53,8.31,40588.87,8.51,53015.53
7,603637.SH,20221221,8.16,8.22,8.02,8.05,8.09,-0.03999999999999915,-0.49,46500.3,37712.685,8.5,91221.22,8.82,74880.4,8.63,47826.93,8.46,55004.9,8.35,54751.1,8.43,41177.89,8.73,74481.24,8.76,62092.18,8.68,51360.19,8.32,40252.67,8.51,53624.52
8,603637.SH,20221220,7.93,8.2,7.93,8.09,8.15,-0.0600000000000005,-0.74,60438.56,49007.509,8.72,105053.13,8.88,76092.49,8.63,47068.6,8.46,55159.43,8.35,54787.9,8.45,41838.26,8.85,77243.14,8.79,61489.18,8.68,50348.9,8.33,39963.79,8.52,53659.04
9,603637.SH,20221219,8.98,8.98,8.15,8.15,9.05,-0.9000000000000004,-9.94,148659.75,123435.965,8.84,100015.42,8.94,75042.35,8.63,46064.99,8.46,55051.53,8.36,54838.85,8.47,42673.4,8.95,80095.39,8.82,60267.73,8.69,49066.45,8.34,39491.24,8.52,53456.93
10,603637.SH,20221216,9.28,9.48,8.87,9.05,9.17,-0.11999999999999922,-1.31,99805.16,91015.42,8.98,79871.87,8.98,68057.67,8.63,43252.87,8.46,54286.77,8.36,54374.89,8.49,42117.22,9.04,71784.66,8.84,54107.89,8.69,44880.11,8.34,37458.14,8.52,52543.73
11,603637.SH,20221215,9.03,9.53,9.01,9.17,9.12,0.05000000000000071,0.55,100702.35,92597.915,8.97,68476.24,8.95,62127.3,8.59,41574.83,8.45,53792.08,8.36,54317.85,8.49,41809.98,9.02,68029.89,8.81,50617.54,8.67,42357.06,8.33,36369.74,8.51,52016.79
12,603637.SH,20221214,8.74,9.38,8.64,9.12,8.7,0.41999999999999993,4.83,115659.83,103957.476,8.95,57741.26,8.89,56029.64,8.55,40488.68,8.44,53351.4,8.36,54330.99,8.49,41653.04,8.99,62638.33,8.79,48060.47,8.63,39690.88,8.32,35524.14,8.5,51511.0
13,603637.SH,20221213,8.85,8.89,8.69,8.7,8.84,-0.14000000000000057,-1.58,35250.0,30946.035,8.98,49433.16,8.84,48695.02,8.51,37904.42,8.43,52844.65,8.36,54093.17,8.49,41355.79,8.95,56858.23,8.76,43344.96,8.6,36712.76,8.31,34232.78,8.5,51043.12
14,603637.SH,20221212,9.03,9.03,8.79,8.84,9.02,-0.17999999999999972,-2.0,47942.0,42583.771,9.07,60175.37,8.84,48832.9,8.49,37933.17,8.43,52838.62,8.36,54636.18,8.5,42657.69,8.93,55604.27,8.75,42796.84,8.58,37306.01,8.32,34368.16,8.5,51414.45
15,603637.SH,20221209,9.11,9.15,9.0,9.02,9.09,-0.07000000000000028,-0.77,42827.0,38827.97,9.1,63697.45,8.83,47794.3,8.46,37624.57,8.42,52752.54,8.37,55016.89,8.51,44667.43,8.89,52953.35,8.72,41923.59,8.54,37133.0,8.32,34212.95,8.49,51454.34
16,603637.SH,20221208,9.24,9.25,9.03,9.09,9.23,-0.14000000000000057,-1.52,47027.46,42795.833,9.07,67583.55,8.79,47269.89,8.43,37378.86,8.41,52752.19,8.37,55480.75,8.52,48232.54,8.84,50701.63,8.69,41025.29,8.5,37831.21,8.32,34647.73,8.49,51692.56
17,603637.SH,20221207,9.21,9.45,9.02,9.23,9.15,0.08000000000000007,0.87,74119.33,68384.356,9.02,67535.39,8.75,45611.07,8.4,37256.73,8.4,52944.45,8.37,55934.79,8.52,48891.98,8.8,49703.12,8.65,39799.66,8.46,37190.13,8.32,34648.33,8.48,52021.13
18,603637.SH,20221206,8.99,9.29,8.91,9.15,9.02,0.13000000000000078,1.44,88961.06,80744.503,8.92,64283.31,8.7,42217.15,8.36,35794.96,8.39,52988.47,8.37,56204.36,8.52,49757.88,8.74,45735.21,8.6,36901.78,8.42,35927.06,8.32,34164.42,8.47,52330.97
19,603637.SH,20221205,8.89,9.03,8.76,9.02,8.87,0.15000000000000036,1.69,65552.4,58384.138,8.8,51033.17,8.66,39186.37,8.33,33807.14,8.38,52873.86,8.37,56407.74,8.51,49536.68,8.68,40440.07,8.56,33551.98,8.37,34210.02,8.32,33384.39,8.47,53041.62
20,603637.SH,20221202,8.75,9.08,8.73,8.87,8.81,0.05999999999999872,0.68,62257.52,55573.394,8.68,42209.25,8.63,35786.15,8.3,32509.21,8.37,52705.89,8.37,57221.3,8.51,51299.93,8.64,36431.11,8.52,31427.83,8.34,33174.03,8.32,33121.97,8.46,53265.75
21,603637.SH,20221201,8.73,8.84,8.71,8.81,8.73,0.08000000000000007,0.92,46786.66,41078.777,8.61,33819.71,8.6,32865.39,8.27,31566.09,8.36,52654.68,8.38,58509.21,8.51,54230.06,8.61,33205.19,8.49,29520.65,8.31,32527.96,8.33,32944.07,8.46,53059.26
22,603637.SH,20221130,8.6,8.87,8.44,8.73,8.58,0.15000000000000036,1.75,57858.9,50502.833,8.59,31870.85,8.56,31610.8,8.24,30984.28,8.35,52747.82,8.39,60488.97,8.5,53895.75,8.59,33482.62,8.45,28217.16,8.28,31782.37,8.33,33430.88,8.45,53127.37
23,603637.SH,20221129,8.48,8.62,8.48,8.58,8.42,0.16000000000000014,1.9,22710.37,19426.581,8.56,27187.11,8.53,29072.5,8.21,29912.45,8.34,52736.76,8.39,61908.98,8.5,53441.65,8.57,29831.68,8.42,26640.02,8.25,30566.24,8.34,34067.02,8.44,53097.0
24,603637.SH,20221128,8.5,8.5,8.3,8.42,8.52,-0.09999999999999964,-1.17,21432.8,18015.745,8.57,29846.97,8.51,29057.46,8.19,29991.42,8.33,53038.47,8.41,63879.76,8.49,53511.29,8.56,29989.41,8.4,28156.88,8.24,30523.32,8.36,35739.75,8.44,53322.76
25,603637.SH,20221125,8.68,8.68,8.47,8.52,8.68,-0.16000000000000014,-1.84,20309.8,17364.047,8.59,30652.97,8.5,28651.98,8.17,29841.17,8.32,53395.56,8.42,66145.33,8.49,53658.34,8.55,30893.83,8.37,29222.82,8.22,30815.28,8.38,37164.97,8.44,53799.43
26,603637.SH,20221124,8.69,8.84,8.56,8.68,8.62,0.0600000000000005,0.7,37042.36,32283.05,8.6,32590.68,8.48,28779.32,8.14,29961.14,8.31,53695.23,8.42,67019.58,8.49,53749.71,8.54,31348.95,8.33,31396.01,8.2,31038.45,8.39,38105.85,8.43,54254.16
27,603637.SH,20221123,8.58,8.74,8.41,8.62,8.59,0.02999999999999936,0.35,34440.2,29564.092,8.6,35094.4,8.45,27704.48,8.11,29410.81,8.3,53755.04,8.42,67859.41,8.48,53836.04,8.5,29896.2,8.29,30933.64,8.17,30517.59,8.39,38970.67,8.43,54306.63
28,603637.SH,20221122,8.57,8.78,8.48,8.59,8.54,0.05000000000000071,0.59,36009.68,31103.938,8.58,32476.26,8.42,26910.14,8.09,29227.93,8.29,53983.87,8.42,68488.93,8.47,54217.13,8.46,28068.34,8.25,31022.99,8.14,30216.1,8.41,39952.77,8.42,54340.8
29,603637.SH,20221121,8.58,8.63,8.42,8.54,8.58,-0.040000000000000924,-0.47,25462.82,21675.946,8.56,30131.85,8.38,25733.78,8.07,28998.7,8.29,54013.84,8.42,68979.47,8.48,54183.6,8.44,26663.89,8.22,31094.99,8.11,29559.93,8.42,41567.49,8.42,54331.81
30,603637.SH,20221118,8.74,8.75,8.57,8.58,8.67,-0.08999999999999986,-1.04,29998.35,25921.53,8.51,31134.68,8.35,25799.41,8.05,29180.17,8.29,54114.98,8.43,69870.6,8.48,54493.08,8.41,26424.55,8.19,31545.5,8.08,29524.12,8.44,44454.31,8.41,54465.17
31,603637.SH,20221117,8.59,8.93,8.46,8.67,8.54,0.13000000000000078,1.52,49560.95,43093.04,8.47,30107.21,8.31,27572.42,8.03,29348.76,8.29,54284.46,8.44,71670.9,8.48,54820.8,8.37,25836.1,8.16,32189.34,8.05,29135.21,8.46,49124.51,8.41,54607.93
32,603637.SH,20221116,8.43,8.6,8.43,8.54,8.46,0.0799999999999983,0.95,21349.48,18214.985,8.39,24698.0,8.25,27048.64,8.02,28655.34,8.29,54414.03,8.44,72876.1,8.48,54572.52,8.32,22951.7,8.13,30932.24,8.02,28423.93,8.47,49906.59,8.4,54767.86
33,603637.SH,20221115,8.32,8.47,8.32,8.46,8.32,0.14000000000000057,1.68,24287.64,20495.467,8.34,23660.43,8.18,30312.02,8.02,28720.45,8.29,54631.87,8.44,73167.11,8.48,54712.37,8.27,23448.36,8.09,30933.52,8.0,28652.81,8.47,51868.47,8.39,54964.12
34,603637.SH,20221114,8.45,8.52,8.32,8.32,8.36,-0.03999999999999915,-0.48,30477.0,25656.648,8.31,23195.93,8.14,30581.82,8.02,28863.96,8.29,54942.72,8.44,73484.02,8.48,54882.94,8.24,26324.34,8.07,30790.28,7.98,28897.64,8.48,52669.85,8.39,55082.84
35,603637.SH,20221111,8.37,8.47,8.31,8.36,8.29,0.07000000000000028,0.84,24861.0,20825.956,8.3,21714.42,8.11,31024.15,8.02,28911.29,8.29,55218.92,8.44,74116.35,8.49,55053.7,8.19,27551.82,8.06,30776.01,7.97,29072.76,8.49,55458.5,8.39,55066.95
36,603637.SH,20221110,8.27,8.42,8.17,8.29,8.29,0.0,0.0,22514.86,18688.225,8.27,21564.98,8.07,31992.5,8.02,28964.6,8.29,55672.43,8.45,75031.21,8.49,55184.78,8.12,31443.06,8.03,30883.21,7.97,29110.22,8.5,59744.44,8.38,55170.14
37,603637.SH,20221109,8.39,8.39,8.26,8.29,8.3,-0.010000000000001563,-0.12,16161.66,13477.78,8.24,21205.4,8.04,32912.36,8.02,29317.13,8.3,56230.82,8.46,75292.27,8.49,55405.17,8.08,31971.08,8.01,30828.29,7.97,29145.16,8.5,59731.09,8.38,55338.25
38,603637.SH,20221108,8.21,8.35,8.2,8.3,8.26,0.040000000000000924,0.48,21965.15,18186.768,8.2,23236.28,8.02,34967.24,8.03,30311.38,8.31,56642.67,8.46,75483.49,8.5,56046.57,8.05,33977.64,7.98,31289.98,7.98,29578.68,8.5,59858.41,8.38,55490.09
39,603637.SH,20221107,8.17,8.28,8.15,8.26,8.21,0.049999999999998934,0.61,23069.45,18993.489,8.16,29452.75,8.0,35156.0,8.04,30788.25,8.31,57372.21,8.46,75694.14,8.5,56465.84,8.0,35526.09,7.94,31007.95,7.98,29916.04,8.5,59957.88,8.37,55603.26
40,603637.SH,20221104,8.18,8.23,8.11,8.21,8.14,0.07000000000000028,0.86,24113.8,19746.342,8.08,33389.21,7.97,35025.66,8.07,31385.4,8.32,57991.74,8.47,75995.09,8.5,57234.71,7.96,36666.44,7.91,31073.91,7.98,30036.18,8.5,60114.42,8.37,55767.49
41,603637.SH,20221103,8.19,8.2,8.01,8.14,8.11,0.030000000000001137,0.37,20716.94,16819.812,7.96,41321.14,7.95,34818.67,8.09,31812.33,8.33,58666.08,8.47,76611.5,8.5,57580.68,7.95,38542.57,7.89,30784.77,7.98,30382.41,8.5,60165.23,8.36,56189.15
42,603637.SH,20221102,8.09,8.19,8.04,8.11,8.1,0.009999999999999787,0.12,26316.06,21376.641,7.93,42736.76,7.94,35547.48,8.12,33229.88,8.33,59381.66,8.48,76988.97,8.5,57699.86,7.93,38912.78,7.87,31160.05,8.0,31357.39,8.5,60545.23,8.36,56686.99
43,603637.SH,20221101,7.79,8.15,7.79,8.1,7.84,0.2599999999999998,3.32,53047.51,42575.689,7.89,44718.99,7.93,35600.48,8.15,33840.1,8.34,60030.0,8.48,77458.82,8.5,57748.39,7.91,38418.67,7.86,31255.04,8.03,31752.81,8.5,61157.0,8.36,57071.5
44,603637.SH,20221031,7.47,7.92,7.46,7.84,7.61,0.22999999999999954,3.02,42751.76,33062.792,7.84,41599.42,7.9,33167.33,8.18,33605.9,8.35,60518.09,8.49,77842.51,8.5,57357.45,7.91,35256.22,7.85,30184.3,8.06,31430.31,8.51,60831.12,8.35,56974.15
45,603637.SH,20221028,7.99,7.99,7.58,7.61,7.98,-0.3700000000000001,-4.64,63773.45,49071.851,7.85,39943.66,7.89,31832.22,8.22,33588.47,8.36,61631.23,8.5,78199.3,8.51,57240.4,7.92,34000.19,7.86,29833.23,8.1,31292.9,8.52,60929.82,8.35,57075.24
46,603637.SH,20221027,7.93,8.04,7.91,7.98,7.91,0.07000000000000028,0.88,27795.0,22161.386,7.95,35764.01,7.89,28182.31,8.26,33177.71,8.38,63132.21,8.5,78851.75,8.51,56718.5,7.95,30323.35,7.89,27943.8,8.14,31464.24,8.54,60776.55,8.34,57045.45
47,603637.SH,20221026,7.92,8.0,7.86,7.91,7.87,0.040000000000000036,0.51,36227.25,28714.707,7.94,35088.81,7.86,27920.28,8.3,33877.36,8.39,65587.57,8.51,80051.16,8.52,56884.33,7.93,29685.51,7.91,27732.2,8.18,32106.52,8.55,60828.97,8.34,57282.71
48,603637.SH,20221025,7.86,7.97,7.73,7.87,7.87,0.0,0.0,37449.66,29393.166,7.94,32118.36,7.85,26543.64,8.33,35047.01,8.41,67404.32,8.52,80743.61,8.52,56998.24,7.91,28602.32,7.94,27379.2,8.22,32401.78,8.57,60755.82,8.33,57532.12
49,603637.SH,20221024,8.1,8.17,7.85,7.87,8.1,-0.22999999999999954,-2.84,34472.96,27681.526,7.97,28913.02,7.85,25833.87,8.38,36769.89,8.43,69614.9,8.52,80957.68,8.53,56944.12,7.88,26489.81,7.97,27111.01,8.27,32558.76,8.58,60749.66,8.32,57827.16
50,603637.SH,20221021,7.9,8.35,7.89,8.1,7.95,0.14999999999999947,1.89,42875.16,34794.884,8.0,28056.72,7.84,25352.55,8.43,39375.8,8.44,72183.23,8.52,81118.87,8.53,57034.29,7.85,25481.37,7.99,26721.04,8.31,33069.91,8.59,60896.51,8.32,58068.74
51,603637.SH,20221020,7.9,8.07,7.84,7.95,7.91,0.040000000000000036,0.51,24419.0,19437.764,7.95,24882.69,7.84,24487.74,8.47,41260.25,8.45,73052.56,8.53,81256.57,8.54,57421.16,7.82,23026.96,8.0,26302.33,8.34,33360.18,8.6,60760.13,8.31,58091.9
52,603637.SH,20221019,8.08,8.08,7.8,7.91,8.01,-0.09999999999999964,-1.25,21375.0,16942.572,7.92,24282.21,7.84,25357.86,8.5,42799.76,8.46,74125.86,8.53,81501.74,8.54,58653.09,7.81,23407.32,8.04,27579.7,8.38,35079.39,8.61,61003.89,8.31,58450.0
53,603637.SH,20221018,8.07,8.13,7.99,8.01,8.01,0.0,0.0,21423.0,17211.17,7.89,25086.28,7.86,25712.46,8.54,44786.72,8.46,74955.4,8.54,81757.19,8.55,59043.32,7.8,24091.4,8.08,28419.88,8.43,37567.81,8.62,61718.74,8.31,58607.92
54,603637.SH,20221017,7.83,8.09,7.83,8.01,7.89,0.1200000000000001,1.52,30191.43,24201.495,7.8,24066.6,7.89,25877.07,8.58,46902.7,8.47,75632.4,8.54,82001.38,8.55,59240.15,7.81,25112.37,8.13,29517.35,8.49,40956.17,8.62,62251.87,8.32,58762.96
55,603637.SH,20221014,7.86,7.95,7.84,7.89,7.77,0.1200000000000001,1.54,27005.0,21345.673,7.71,22906.03,7.93,25798.28,8.62,49923.32,8.48,76645.4,8.54,82045.99,8.56,59358.62,7.8,25666.27,8.18,29939.25,8.53,43514.67,8.63,63094.26,8.32,58964.73
56,603637.SH,20221013,7.73,7.88,7.67,7.77,7.75,0.019999999999999574,0.26,21416.6,16640.489,7.69,21171.23,7.98,26189.13,8.67,54972.36,8.49,78779.04,8.54,82152.11,8.56,59486.18,7.83,25564.25,8.24,32034.68,8.57,45173.25,8.64,63478.53,8.32,59308.17
57,603637.SH,20221012,7.54,7.75,7.48,7.75,7.56,0.1900000000000004,2.51,25395.36,19315.929,7.7,22532.43,8.01,26593.51,8.73,63466.29,8.5,80388.93,8.54,82298.89,8.57,59734.06,7.9,25778.89,8.31,33317.03,8.62,47423.75,8.64,63615.84,8.33,59569.03
58,603637.SH,20221011,7.58,7.66,7.45,7.56,7.59,-0.03000000000000025,-0.4,16324.6,12300.342,7.71,23096.52,8.06,27293.93,8.77,65557.18,8.5,80702.37,8.55,82451.89,8.58,60188.98,7.97,26156.07,8.38,34301.51,8.68,49689.45,8.65,63691.85,8.34,59932.81
59,603637.SH,20221010,7.85,7.85,7.55,7.59,7.8,-0.20999999999999996,-2.69,24388.6,18774.278,7.81,26158.13,8.14,29881.76,8.81,69167.11,8.51,81129.59,8.55,82631.66,8.59,61035.44,8.06,27732.21,8.46,35593.23,8.73,53575.05,8.66,63815.22,8.35,60382.19
60,603637.SH,20220930,7.81,7.85,7.73,7.8,7.8,0.0,0.0,18331.0,14278.248,7.89,28426.51,8.23,30942.53,8.84,70578.35,8.52,81913.98,8.56,82849.79,8.6,61413.31,8.13,27960.71,8.54,36864.18,8.8,59384.5,8.67,63974.96,8.36,60930.34
61,603637.SH,20220929,7.9,8.0,7.75,7.8,7.82,-0.020000000000000462,-0.26,28222.58,22106.433,7.97,29957.27,8.33,32868.81,8.87,75856.73,8.54,83033.01,8.56,83340.48,8.6,62121.08,8.18,29577.69,8.6,38526.79,8.87,69113.81,8.68,64079.96,8.37,61635.27
62,603637.SH,20220928,8.05,8.15,7.8,7.82,8.06,-0.2400000000000002,-2.98,28215.83,22288.542,8.09,29025.35,8.43,33669.33,8.91,83321.29,8.54,83299.76,8.57,83561.8,8.61,62897.53,8.26,31752.07,8.67,40915.42,8.91,71389.24,8.68,64280.12,8.38,62028.99
63,603637.SH,20220927,8.12,8.12,7.88,8.06,7.95,0.11000000000000032,1.38,31632.66,25255.989,8.23,29215.62,8.52,36799.93,8.92,83130.05,8.55,83440.47,8.58,83899.17,8.62,64005.32,8.36,32748.35,8.75,44306.01,8.95,75084.12,8.69,64556.04,8.39,62852.35
64,603637.SH,20220926,8.14,8.17,7.91,7.95,8.23,-0.28000000000000025,-3.4,35730.5,28666.302,8.31,29306.29,8.6,37986.91,8.93,82899.71,8.56,83620.55,8.58,84086.61,8.63,65906.74,8.46,33922.34,8.83,48878.08,8.97,76442.06,8.69,64585.33,8.4,63524.42
65,603637.SH,20220923,8.44,8.45,8.18,8.23,8.4,-0.16999999999999993,-2.02,25984.77,21552.525,8.37,27494.91,8.69,38706.49,8.94,82670.37,8.56,83885.83,8.59,84405.4,8.64,66662.96,8.57,34212.23,8.9,52438.86,9.0,81844.24,8.7,64677.1,8.41,64236.82
66,603637.SH,20220922,8.42,8.52,8.38,8.4,8.52,-0.11999999999999922,-1.41,23563.0,19882.873,8.38,29198.12,8.77,39950.67,8.94,82860.87,8.57,84596.26,8.6,84987.87,8.63,66816.23,8.65,38505.11,8.94,54977.75,9.02,90378.67,8.7,65442.18,8.42,65051.63
67,603637.SH,20220921,8.69,8.69,8.36,8.52,8.46,0.05999999999999872,0.71,29167.19,24766.646,8.43,34478.8,8.82,41969.49,8.93,82966.73,8.57,85019.51,8.6,85350.41,8.62,67234.84,8.72,40855.16,8.98,58246.18,9.02,90317.02,8.7,66996.37,8.43,65852.58
68,603637.SH,20220920,8.3,8.52,8.3,8.46,8.22,0.2400000000000002,2.92,32086.0,27178.446,8.49,36281.08,8.87,43693.79,8.92,83388.8,8.58,85551.12,8.6,85891.67,8.62,67568.81,8.79,42446.94,9.03,61456.14,9.02,90138.15,8.7,67354.29,8.43,66637.28
69,603637.SH,20220919,8.21,8.33,8.11,8.22,8.31,-0.08999999999999986,-1.08,26673.6,21965.284,8.61,38538.39,8.92,47071.43,8.92,84298.67,8.58,86146.99,8.61,86477.2,8.61,67805.01,8.86,43454.25,9.07,66496.46,9.01,89999.72,8.7,67422.61,8.44,68061.92
70,603637.SH,20220916,8.62,8.68,8.28,8.31,8.66,-0.34999999999999964,-4.04,34500.8,29087.27,8.77,40929.55,9.01,52406.35,8.93,84499.3,8.59,86677.38,8.62,87239.13,8.61,68497.81,8.95,45767.65,9.14,75096.4,9.01,90192.66,8.7,67629.33,8.46,70172.27
71,603637.SH,20220915,8.83,8.95,8.49,8.66,8.82,-0.16000000000000014,-1.81,49966.4,43326.066,8.91,47812.11,9.12,59219.67,8.94,84916.15,8.59,87646.39,8.63,88100.48,8.61,69036.16,9.03,47475.88,9.22,88881.86,9.01,89948.05,8.7,67663.85,8.47,73062.82
72,603637.SH,20220914,8.9,9.02,8.8,8.82,9.02,-0.1999999999999993,-2.22,38178.6,33886.355,9.01,47231.52,9.17,63602.73,8.94,85051.77,8.6,88900.06,8.63,89279.1,8.6,68947.79,9.08,50078.77,9.24,91207.82,8.99,89733.07,8.69,67497.86,8.49,75128.43
73,603637.SH,20220913,9.09,9.23,8.97,9.02,9.06,-0.040000000000000924,-0.44,43372.54,39323.434,9.08,48612.79,9.19,66570.72,8.94,84838.87,8.6,89699.17,8.64,89861.78,8.59,68952.63,9.14,55863.68,9.25,96252.01,8.97,90561.18,8.68,67853.46,8.5,77775.05
74,603637.SH,20220909,8.99,9.19,8.96,9.06,8.99,0.07000000000000028,0.78,38629.4,34968.012,9.11,48370.11,9.2,70075.26,8.93,84499.62,8.59,89909.28,8.64,90442.0,8.57,68840.07,9.21,63833.81,9.23,97701.92,8.96,90231.93,8.67,68460.73,8.51,80782.88
75,603637.SH,20220908,9.15,9.24,8.94,8.99,9.16,-0.16999999999999993,-1.86,68913.6,62495.253,9.13,50605.76,9.23,74285.8,8.92,84454.06,8.59,90069.59,8.65,91277.41,8.56,68877.89,9.23,70665.49,9.22,105660.25,8.95,90566.74,8.66,68695.73,8.51,81861.46
76,603637.SH,20220907,9.13,9.21,9.08,9.16,9.17,-0.009999999999999787,-0.11,47063.48,43117.887,9.15,47139.66,9.26,79207.26,8.9,83700.25,8.59,90050.37,8.65,92084.44,8.55,68587.43,9.24,71450.38,9.21,116315.44,8.94,90088.86,8.65,68737.39,8.51,82778.63
77,603637.SH,20220906,9.26,9.32,9.06,9.17,9.16,0.009999999999999787,0.11,45084.95,41216.348,9.14,52926.02,9.29,90869.47,8.89,83336.39,8.58,90180.85,8.66,93524.58,8.53,68876.62,9.24,75637.19,9.17,115047.95,8.93,89551.42,8.64,69393.94,8.5,83560.01
78,603637.SH,20220905,9.06,9.27,9.03,9.16,9.17,-0.009999999999999787,-0.11,42159.12,38650.822,9.2,63114.56,9.35,111263.71,8.87,83158.73,8.58,90316.0,8.67,95206.95,8.51,68874.17,9.27,80465.34,9.13,113983.76,8.91,89109.86,8.63,70497.53,8.5,84175.22
79,603637.SH,20220902,9.12,9.22,9.02,9.17,9.09,0.08000000000000007,0.88,49807.63,45537.309,9.3,79297.51,9.34,115442.68,8.85,83808.94,8.57,90458.58,8.67,96320.63,8.5,68825.83,9.28,89538.68,9.09,113272.45,8.89,88940.57,8.61,72698.86,8.51,85291.1
80,603637.SH,20220901,9.18,9.38,9.02,9.09,9.13,-0.040000000000000924,-0.44,51583.1,47227.206,9.34,90725.23,9.32,122308.42,8.83,83914.91,8.57,90374.72,8.68,97648.4,8.48,68542.66,9.33,104425.15,9.04,112405.16,8.87,88723.11,8.61,73409.52,8.51,87661.44
81,603637.SH,20220831,9.46,9.5,9.02,9.13,9.43,-0.29999999999999893,-3.18,75995.31,69769.17,9.34,95761.1,9.29,123907.47,8.8,84772.32,8.56,90328.57,8.69,99360.64,8.46,68351.48,9.41,130287.84,9.0,111184.13,8.85,88160.08,8.58,73174.46,8.51,89341.92
82,603637.SH,20220830,9.61,9.76,9.35,9.43,9.69,-0.2599999999999998,-2.68,96027.64,91187.874,9.33,98348.36,9.27,133276.75,8.78,84009.54,8.55,90121.82,8.7,100872.86,8.45,67907.38,9.4,132336.87,8.95,109560.23,8.83,86928.38,8.56,72823.85,8.5,89296.38
83,603637.SH,20220829,9.2,9.79,9.11,9.69,9.35,0.33999999999999986,3.64,123073.88,118469.266,9.34,97816.11,9.23,147583.66,8.75,82057.42,8.55,89810.87,8.71,102872.42,8.42,67085.44,9.36,136640.34,8.89,107909.93,8.8,85869.68,8.54,72126.97,8.5,89144.85
84,603637.SH,20220826,9.08,9.54,9.01,9.35,9.09,0.2599999999999998,2.86,106946.22,99669.461,9.26,99779.84,9.12,139786.72,8.7,79318.65,8.54,89280.55,8.72,105776.86,8.4,65918.4,9.26,131570.03,8.84,103430.99,8.76,83547.57,8.51,70905.77,8.49,89263.75
85,603637.SH,20220825,9.09,9.17,8.77,9.09,9.09,0.0,0.0,76762.46,69087.814,9.32,118125.06,9.04,133390.95,8.66,76871.03,8.53,88963.22,8.73,107826.53,8.38,65062.81,9.2,140655.0,8.8,100517.36,8.72,82673.86,8.49,70433.89,8.5,89868.12
86,603637.SH,20220824,9.47,9.47,9.05,9.09,9.46,-0.370000000000001,-3.91,88931.62,81779.726,9.48,164814.58,8.98,129634.83,8.64,75612.52,8.53,89133.33,8.74,109566.93,8.36,65035.49,9.18,161180.51,8.79,99408.11,8.7,81783.81,8.48,70402.47,8.5,89783.72
87,603637.SH,20220823,9.39,9.55,9.34,9.46,9.33,0.13000000000000078,1.39,93366.38,88183.933,9.47,166325.39,8.92,125291.0,8.61,73721.31,8.53,88971.48,8.74,111250.25,8.35,64922.51,9.11,154458.71,8.77,96508.54,8.67,79807.93,8.46,69642.58,8.49,89446.61
88,603637.SH,20220822,9.55,9.6,9.28,9.33,9.62,-0.28999999999999915,-3.01,132892.54,124763.645,9.37,175464.57,8.83,120198.39,8.57,72158.55,8.53,88915.0,8.75,113095.41,8.32,64643.72,8.99,147502.18,8.73,93432.12,8.62,77694.25,8.43,68728.83,8.49,89148.26
89,603637.SH,20220819,9.9,9.96,9.51,9.62,9.91,-0.2900000000000009,-2.93,198672.31,192973.248,9.25,163360.22,8.73,113323.37,8.54,69566.74,8.52,88431.78,8.76,115076.5,8.29,63423.35,8.89,137006.23,8.69,88641.51,8.59,74055.4,8.41,67096.13,8.49,88656.91
90,603637.SH,20220818,9.3,9.91,9.25,9.91,9.01,0.9000000000000004,9.99,310210.05,297976.199,9.08,163184.93,8.63,102888.71,8.5,64705.49,8.52,87674.38,8.77,117255.67,8.26,61506.16,8.75,120385.18,8.64,80872.1,8.54,68565.43,8.38,64476.02,8.48,88070.36
91,603637.SH,20220817,9.06,9.16,8.86,9.01,9.0,0.009999999999999787,0.11,96485.65,86627.392,8.88,157546.44,8.53,81602.94,8.45,56794.5,8.52,86384.18,8.77,117778.3,8.23,58172.67,8.59,92080.41,8.57,67096.2,8.48,59046.11,8.35,60091.34,8.47,86189.53
92,603637.SH,20220816,8.78,9.2,8.7,9.0,8.72,0.27999999999999936,3.21,139062.29,124233.593,8.75,142592.04,8.51,77925.09,8.44,56071.1,8.52,86303.25,8.78,119407.17,8.2,57636.42,8.5,86783.58,8.55,64224.14,8.45,57171.0,8.33,59629.13,8.47,86266.49
93,603637.SH,20220815,8.83,8.86,8.65,8.72,8.77,-0.049999999999998934,-0.57,72370.82,63085.172,8.61,119539.8,8.49,71426.25,8.42,55416.74,8.52,86175.33,8.79,120820.55,8.18,56664.34,8.43,79179.53,8.52,60484.35,8.42,54027.96,8.31,58059.77,8.47,86090.06
94,603637.SH,20220812,8.65,8.97,8.56,8.77,8.91,-0.14000000000000057,-1.57,197795.86,172999.191,8.53,110652.24,8.49,68239.28,8.41,54777.67,8.52,86582.75,8.79,123085.59,8.16,56670.78,8.42,75291.94,8.51,59536.34,8.41,52728.6,8.3,57495.83,8.48,86345.71
95,603637.SH,20220811,8.39,9.19,8.38,8.91,8.35,0.5600000000000005,6.71,282017.56,254426.927,8.42,77585.42,8.48,55473.3,8.4,50024.42,8.53,86288.62,8.8,122520.83,8.13,54879.67,8.41,60379.72,8.48,53683.28,8.4,47509.95,8.29,54675.39,8.48,86147.73
96,603637.SH,20220810,8.32,8.36,8.25,8.35,8.31,0.03999999999999915,0.48,21713.66,18067.302,8.29,26614.39,8.46,36631.98,8.38,42879.1,8.53,85580.64,8.8,121660.2,8.12,51728.17,8.4,37635.7,8.46,42085.46,8.38,40505.69,8.27,50595.84,8.48,85718.38
97,603637.SH,20220809,8.31,8.4,8.25,8.31,8.3,0.009999999999999787,0.12,23801.1,19755.409,8.25,30975.11,8.47,38291.24,8.38,43316.11,8.54,87160.08,8.79,121913.95,8.11,52337.2,8.43,38558.36,8.45,42482.54,8.39,43675.71,8.26,50945.41,8.49,86814.52
98,603637.SH,20220808,8.25,8.33,8.19,8.3,8.25,0.05000000000000071,0.61,27933.0,23112.46,8.24,38819.25,8.49,39129.01,8.37,43792.76,8.55,87943.76,8.79,121886.19,8.11,52557.52,8.46,39362.05,8.44,42790.29,8.39,44570.42,8.25,51121.76,8.49,87229.75
99,603637.SH,20220805,8.24,8.28,8.13,8.25,8.25,0.0,0.0,32461.8,26619.629,8.31,39931.65,8.51,39983.73,8.37,44721.63,8.56,88731.93,8.79,121885.62,8.11,52718.78,8.5,40276.8,8.43,42579.98,8.39,44845.5,8.25,51248.65,8.49,87511.26
100,603637.SH,20220804,8.13,8.36,8.09,8.25,8.13,0.11999999999999922,1.48,27162.4,22338.78,8.39,43174.02,8.53,42430.24,8.38,46114.19,8.58,89755.21,8.78,121874.75,8.11,53011.34,8.53,41359.02,8.43,42655.55,8.39,45065.99,8.24,51420.56,8.49,87791.96
101,603637.SH,20220803,8.26,8.43,8.11,8.13,8.26,-0.129999999999999,-1.57,43517.27,36106.041,8.5,48657.01,8.54,44449.34,8.38,46866.15,8.59,90992.29,8.78,121868.68,8.11,53558.75,8.55,42111.99,8.43,42528.96,8.39,45379.65,8.23,52213.07,8.5,88114.38
102,603637.SH,20220802,8.61,8.62,8.15,8.26,8.66,-0.40000000000000036,-4.62,63021.8,52287.984,8.61,46141.61,8.55,47312.22,8.39,47686.62,8.61,92707.08,8.78,121793.2,8.12,53681.44,8.6,41664.7,8.42,42364.71,8.39,45262.64,8.23,52828.76,8.5,88289.61
103,603637.SH,20220801,8.71,8.78,8.58,8.66,8.66,0.0,0.0,33495.0,29035.022,8.69,39904.85,8.56,46315.24,8.39,48375.88,8.62,94556.96,8.77,121758.79,8.12,53761.81,8.62,41789.17,8.42,41452.17,8.39,45145.74,8.22,52986.01,8.5,88286.86
104,603637.SH,20220729,8.84,8.98,8.66,8.66,8.79,-0.129999999999999,-1.48,48673.63,42744.741,8.68,40621.94,8.53,46019.88,8.39,50664.27,8.63,95924.17,8.77,121789.17,8.12,54251.89,8.6,43780.73,8.4,41446.93,8.39,46689.54,8.19,53117.17,8.5,88322.16
105,603637.SH,20220728,8.69,8.94,8.68,8.79,8.69,0.09999999999999964,1.15,54577.37,47965.861,8.66,39544.02,8.48,44580.06,8.38,54357.37,8.64,97490.32,8.76,121738.41,8.13,54805.12,8.56,46986.85,8.39,41075.07,8.38,46824.72,8.17,53220.67,8.49,88291.04
106,603637.SH,20220727,8.6,8.7,8.57,8.69,8.64,0.049999999999998934,0.58,30940.25,26784.969,8.61,35566.96,8.44,42206.95,8.37,55471.18,8.65,99479.03,8.75,121486.66,8.13,55449.73,8.52,46535.21,8.37,41940.69,8.36,47385.91,8.15,53314.35,8.49,88221.41
107,603637.SH,20220726,8.61,8.69,8.52,8.64,8.64,0.0,0.0,31838.0,27420.208,8.58,37187.79,8.4,42440.25,8.35,55663.52,8.67,101566.67,8.74,121378.05,8.14,56043.43,8.48,46406.72,8.36,46234.38,8.35,49236.45,8.12,53736.46,8.48,88390.68
108,603637.SH,20220725,8.58,8.68,8.47,8.64,8.56,0.08000000000000007,0.93,37080.46,31761.761,8.56,43673.49,8.36,41885.84,8.33,56343.55,8.68,104359.14,8.73,121289.84,8.15,57312.51,8.42,46218.52,8.35,47174.6,8.34,51885.2,8.1,54308.43,8.48,88514.58
109,603637.SH,20220722,8.58,8.65,8.46,8.56,8.5,0.0600000000000005,0.71,43284.0,37055.356,8.52,46939.52,8.32,42128.29,8.31,56847.5,8.7,108364.99,8.72,121155.95,8.15,58315.2,8.37,44883.16,8.34,47129.85,8.34,56457.15,8.07,54904.66,8.48,88716.01
110,603637.SH,20220721,8.55,8.65,8.49,8.5,8.55,-0.05000000000000071,-0.58,34692.11,29657.609,8.46,54429.68,8.29,42242.67,8.3,57039.19,8.72,111212.62,8.71,120991.61,8.16,59354.32,8.33,43952.08,8.32,46919.48,8.34,58095.92,8.04,55240.97,8.48,89199.12
111,603637.SH,20220720,8.54,8.55,8.46,8.55,8.54,0.010000000000001563,0.12,39044.37,33197.046,8.44,57503.46,8.28,42142.52,8.29,58331.58,8.73,113547.32,8.7,120863.35,8.17,60541.91,8.3,42945.93,8.31,47013.48,8.32,58188.84,8.03,55423.68,8.49,89456.9
112,603637.SH,20220719,8.49,8.6,8.45,8.54,8.44,0.09999999999999964,1.18,64266.49,54923.685,8.37,55625.65,8.26,42311.13,8.27,59385.49,8.74,115869.32,8.7,120732.07,8.18,61617.01,8.25,43064.73,8.29,47061.62,8.3,58719.32,8.02,55896.12,8.49,89841.8
113,603637.SH,20220718,8.22,8.47,8.21,8.44,8.26,0.17999999999999972,2.18,53410.63,44977.128,8.28,48763.56,8.26,42897.54,8.26,58769.96,8.76,118236.9,8.69,120479.47,8.19,62404.55,8.22,41115.18,8.28,46824.02,8.28,58384.27,8.01,55497.1,8.5,89833.82
114,603637.SH,20220715,8.33,8.52,8.11,8.26,8.4,-0.14000000000000057,-1.67,80734.79,67236.769,8.22,42826.8,8.26,47774.74,8.24,58332.63,8.77,121113.9,8.68,120236.11,8.2,64399.65,8.21,39113.13,8.28,48143.94,8.27,58263.96,8.01,55274.05,8.5,90135.45
115,603637.SH,20220714,8.22,8.44,8.15,8.4,8.23,0.16999999999999993,2.07,50061.0,41624.6,8.21,33474.48,8.28,45459.94,8.24,56985.44,8.8,124490.4,8.67,119854.6,8.23,67055.39,8.22,35163.28,8.28,46743.65,8.26,58193.91,8.01,54835.19,8.51,90499.52
116,603637.SH,20220713,8.12,8.23,8.08,8.23,8.06,0.16999999999999993,2.11,29655.36,24275.534,8.16,28388.41,8.27,44392.58,8.22,56732.65,8.81,126910.36,8.66,119621.18,8.25,71472.79,8.22,37346.16,8.28,47811.26,8.25,59021.13,8.01,55137.82,8.52,90789.28
117,603637.SH,20220712,8.19,8.25,8.05,8.06,8.15,-0.08999999999999986,-1.1,29956.0,24345.09,8.13,30503.8,8.27,45117.3,8.21,57246.59,8.83,129286.11,8.65,119551.52,8.28,75048.59,8.25,46062.05,8.29,50651.32,8.25,59477.23,8.01,55522.21,8.52,91547.49
118,603637.SH,20220711,8.19,8.25,8.08,8.15,8.21,-0.0600000000000005,-0.73,23726.84,19340.376,8.16,33466.8,8.29,45626.22,8.2,58387.68,8.84,131702.55,8.64,119471.84,8.31,79392.81,8.29,48130.68,8.31,54718.54,8.24,59763.41,8.02,56173.77,8.53,92389.85
119,603637.SH,20220708,8.14,8.34,8.13,8.21,8.14,0.07000000000000028,0.86,33973.2,28034.257,8.19,35399.45,8.29,46878.56,8.2,59010.43,8.85,134698.64,8.64,119421.67,8.33,84467.29,8.3,49376.53,8.32,62244.15,8.24,60136.86,8.04,56949.17,8.55,93487.47
120,603637.SH,20220707,8.09,8.19,8.06,8.14,8.09,0.05000000000000071,0.62,24630.64,20014.74,8.23,36852.09,8.29,48843.28,8.19,59144.58,8.86,135173.49,8.63,119339.61,8.35,86255.1,8.31,49886.88,8.34,65167.84,8.23,60386.62,8.05,57885.72,8.56,94704.92
121,603637.SH,20220706,8.24,8.24,8.02,8.09,8.23,-0.14000000000000057,-1.7,40232.32,32538.148,8.29,46303.92,8.32,53087.77,8.19,59260.44,8.87,135950.86,8.62,119309.39,8.36,88313.0,8.32,51081.02,8.33,65810.29,8.22,61136.58,8.07,59190.59,8.57,96575.94
122,603637.SH,20220705,8.37,8.45,8.13,8.23,8.3,-0.07000000000000028,-0.84,44771.0,37043.067,8.37,61620.3,8.34,54049.05,8.18,59172.56,8.87,136120.06,8.61,119164.13,8.36,89654.3,8.33,51058.51,8.32,66546.62,8.21,62087.27,8.08,59777.85,8.59,97379.44
123,603637.SH,20220704,8.37,8.37,8.22,8.3,8.37,-0.06999999999999851,-0.84,33390.11,27663.101,8.42,62794.56,8.35,56098.45,8.17,59111.29,8.86,135941.85,8.61,119063.98,8.38,90642.83,8.34,52532.87,8.31,67018.81,8.2,62091.58,8.1,61148.65,8.6,98184.93
124,603637.SH,20220701,8.47,8.53,8.35,8.37,8.44,-0.07000000000000028,-0.83,41236.37,34816.191,8.41,63353.62,8.35,60180.48,8.16,59140.47,8.86,135903.29,8.6,118958.34,8.39,92545.15,8.35,57174.76,8.3,67839.38,8.19,62263.05,8.11,62463.52,8.61,99405.13
125,603637.SH,20220630,8.47,8.61,8.39,8.44,8.53,-0.08999999999999986,-1.06,71889.8,60863.417,8.39,62921.67,8.36,65570.02,8.14,58973.1,8.85,135829.6,8.59,118797.55,8.41,96451.97,8.35,58324.02,8.29,69709.23,8.18,61840.84,8.13,63796.55,8.63,100772.34
126,603637.SH,20220629,8.49,8.75,8.41,8.53,8.45,0.08000000000000007,0.95,116814.2,100452.535,8.36,55858.12,8.36,73443.04,8.12,58116.83,8.85,135511.86,8.58,118432.45,8.42,98869.98,8.34,58276.36,8.27,69858.61,8.16,60685.99,8.14,64661.07,8.64,102593.65
127,603637.SH,20220628,8.27,8.48,8.22,8.45,8.27,0.17999999999999972,2.18,50642.34,42564.026,8.28,40496.72,8.37,71568.64,8.1,56878.57,8.84,134914.27,8.58,117792.95,8.42,98252.87,8.32,55240.59,8.24,66184.82,8.14,58215.12,8.15,64708.78,8.66,104365.24
128,603637.SH,20220627,8.29,8.4,8.24,8.27,8.28,-0.009999999999999787,-0.12,36185.37,30089.099,8.25,42271.17,8.32,70556.12,8.08,57755.51,8.84,134959.86,8.57,117582.72,8.42,98615.57,8.32,61306.4,8.22,65579.78,8.12,57673.11,8.16,65920.27,8.67,105862.99
129,603637.SH,20220624,8.23,8.31,8.2,8.28,8.26,0.019999999999999574,0.24,39076.66,32234.579,8.29,50995.9,8.29,72000.25,8.06,58822.32,8.83,134976.83,8.57,117476.37,8.43,99964.31,8.35,75111.76,8.21,65517.02,8.1,57651.8,8.19,68701.24,8.69,107846.45
130,603637.SH,20220623,8.15,8.28,8.07,8.26,8.15,0.10999999999999943,1.35,36572.03,29939.976,8.3,53726.37,8.27,73164.72,8.03,58889.62,8.82,134983.9,8.56,117314.2,8.45,101836.24,8.38,80448.79,8.19,65636.49,8.09,57775.12,8.22,72715.21,8.71,110362.06
131,603637.SH,20220622,8.34,8.34,8.15,8.15,8.31,-0.16000000000000014,-1.93,40007.19,32795.694,8.32,60694.6,8.26,74182.37,8.01,59428.19,8.81,134813.47,8.56,117203.82,8.46,102237.07,8.33,80539.55,8.17,66164.35,8.07,59046.5,8.25,78461.78,8.73,112820.3
132,603637.SH,20220621,8.45,8.51,8.22,8.31,8.46,-0.15000000000000036,-1.77,59514.61,49814.584,8.36,69984.46,8.26,77153.62,7.98,60022.04,8.81,134623.05,8.55,117119.66,8.47,102350.02,8.31,82034.73,8.15,67601.64,8.06,60394.87,8.28,82759.0,8.75,116103.19
133,603637.SH,20220620,8.37,8.62,8.26,8.46,8.32,0.14000000000000057,1.68,79809.0,67639.485,8.39,80341.62,8.24,78335.37,7.95,59926.52,8.8,134327.33,8.55,116874.81,8.48,102324.01,8.28,81504.76,8.14,66870.94,8.04,60826.28,8.31,87696.64,8.78,120723.26
134,603637.SH,20220617,8.28,8.33,8.14,8.32,8.35,-0.02999999999999936,-0.36,52729.0,43594.563,8.4,99227.62,8.2,75529.94,7.91,59524.97,8.79,133873.47,8.54,116602.42,8.48,102245.64,8.25,78504.0,8.11,64807.2,8.0,59544.81,8.34,93105.04,8.8,123836.04
135,603637.SH,20220616,8.4,8.42,8.2,8.35,8.35,0.0,0.0,71413.21,59154.471,8.45,107171.22,8.18,74438.59,7.87,60116.89,8.78,133615.0,8.54,116444.81,8.49,103253.07,8.23,81094.44,8.09,63599.25,7.97,59616.62,8.36,95027.2,8.82,126487.37
136,603637.SH,20220615,8.4,8.45,8.32,8.35,8.48,-0.13000000000000078,-1.53,86456.5,73473.866,8.35,100384.51,8.16,71632.21,7.83,59883.04,8.77,133209.47,8.53,116143.42,8.5,103427.7,8.2,81440.86,8.07,61890.81,7.93,59242.78,8.37,96819.87,8.83,129004.04
137,603637.SH,20220614,8.39,8.63,8.19,8.48,8.5,-0.019999999999999574,-0.24,111300.41,94581.388,8.26,94085.01,8.13,68171.41,7.81,58682.99,8.76,132726.15,8.52,115743.75,8.51,103684.55,8.16,77129.05,8.05,59702.38,7.89,58236.46,8.37,97726.09,8.85,131660.22
138,603637.SH,20220613,8.71,8.71,8.41,8.5,8.59,-0.08999999999999986,-1.05,174239.0,150409.797,8.17,82667.89,8.08,63235.17,7.79,57391.53,8.75,132103.06,8.51,115362.45,8.52,103772.42,8.12,69853.16,8.01,55856.46,7.85,56731.66,8.38,97852.92,8.87,134630.2
139,603637.SH,20220610,7.86,8.59,7.83,8.59,7.81,0.7800000000000002,9.99,92447.0,78088.962,8.09,57780.37,8.01,55120.86,7.78,53452.89,8.74,130978.37,8.51,114504.82,8.53,102823.22,8.07,55922.29,7.98,48921.81,7.8,53352.17,8.4,97883.34,8.89,137902.8
140,603637.SH,20220609,8.0,8.0,7.76,7.81,7.94,-0.13000000000000078,-1.64,37479.62,29791.555,8.0,55017.66,7.98,51463.44,7.78,51911.15,8.73,130449.29,8.5,114237.38,8.53,103911.11,8.01,50824.19,7.95,46438.28,7.75,52386.01,8.41,101913.36,8.92,140453.53
141,603637.SH,20220608,8.03,8.08,7.77,7.94,8.01,-0.0699999999999994,-0.87,54959.0,44195.146,8.05,62497.21,7.99,51544.56,7.79,52408.91,8.72,130262.72,8.5,114117.53,8.55,106484.64,8.01,51789.15,7.94,48299.97,7.74,52658.52,8.44,105509.38,8.93,143239.23
142,603637.SH,20220607,8.11,8.15,7.96,8.01,8.12,-0.10999999999999943,-1.35,54214.83,44107.297,8.06,60173.09,7.99,49514.63,7.8,52798.89,8.71,130005.25,8.5,113918.86,8.56,107795.2,7.99,53168.55,7.94,49574.93,7.73,53072.92,8.45,105768.9,8.95,145930.6
143,603637.SH,20220606,8.18,8.22,8.01,8.12,8.12,0.0,0.0,49801.4,40853.962,8.07,57038.43,7.98,48209.21,7.82,52754.9,8.71,129743.27,8.5,113920.59,8.57,108054.05,7.99,52237.13,7.92,50487.04,7.74,52609.92,8.46,106162.74,8.97,149271.84
144,603637.SH,20220602,8.16,8.33,7.97,8.12,8.07,0.049999999999998934,0.62,78633.43,64687.662,8.04,54064.2,7.96,47662.03,7.83,53321.02,8.7,129503.31,8.49,113788.91,8.58,108212.89,7.98,51110.41,7.87,50065.21,7.75,52284.14,8.48,107621.73,8.98,149709.76
145,603637.SH,20220601,7.94,8.17,7.93,8.07,7.99,0.08000000000000007,1.0,74877.37,61269.327,8.01,46630.72,7.94,44258.07,7.86,53074.47,8.69,129096.87,8.49,113518.48,8.58,108046.39,7.96,46104.05,7.84,48877.71,7.76,51476.47,8.5,109302.36,8.98,150192.58
146,603637.SH,20220531,8.05,8.06,7.9,7.99,8.04,-0.049999999999998934,-0.62,43338.4,35042.358,7.97,41081.1,7.92,41232.58,7.88,53524.14,8.68,128712.47,8.49,113240.01,8.59,107926.06,7.94,42340.76,7.8,48143.74,7.76,51254.51,8.51,109164.98,8.98,150106.9
147,603637.SH,20220530,8.01,8.09,7.94,8.04,8.0,0.03999999999999915,0.5,38541.55,31325.836,7.91,46164.02,7.91,41189.36,7.92,55276.62,8.67,128520.42,8.48,113205.18,8.6,108208.82,7.93,42275.72,7.75,48790.17,7.78,51567.2,8.53,109250.65,8.98,149904.99
148,603637.SH,20220527,8.04,8.04,7.89,8.0,7.96,0.040000000000000036,0.5,34930.26,28227.563,7.92,47435.82,7.89,43971.8,7.95,56362.7,8.67,128446.14,8.48,113271.63,8.6,108530.81,7.91,41859.76,7.71,50170.91,7.8,52584.13,8.54,109567.69,8.98,149815.79
149,603637.SH,20220526,7.93,8.06,7.82,7.96,7.86,0.09999999999999964,1.27,41466.0,33422.921,7.92,48156.61,7.88,47473.96,7.99,59071.19,8.66,128311.46,8.48,113313.02,8.6,108568.16,7.9,41921.34,7.67,52067.11,7.84,53761.48,8.56,110217.7,8.97,149779.92
150,603637.SH,20220525,7.62,7.88,7.62,7.86,7.68,0.1800000000000006,2.34,47129.3,37314.578,7.91,45577.39,7.85,49857.88,8.01,61154.01,8.65,128121.16,8.48,113278.83,8.6,108614.46,7.88,42052.38,7.62,53166.93,7.87,55384.82,8.57,111664.71,8.97,149652.16
151,603637.SH,20220524,8.18,8.21,7.64,7.68,8.1,-0.41999999999999993,-5.19,68753.0,54923.773,7.92,43600.41,7.8,49414.46,8.06,63333.1,8.65,127864.63,8.48,113245.45,8.61,108602.37,7.87,44810.78,7.6,53093.2,7.91,57244.6,8.59,112287.72,8.97,149515.76
152,603637.SH,20220523,7.95,8.11,7.94,8.1,7.98,0.11999999999999922,1.5,44900.55,36518.094,7.95,38387.41,7.78,48347.56,8.1,64950.99,8.65,127447.86,8.48,113108.68,8.62,108369.02,7.89,45981.31,7.61,53025.1,7.96,57468.44,8.62,112903.84,8.97,149419.55
153,603637.SH,20220520,7.93,8.04,7.9,7.98,7.94,0.040000000000000036,0.5,38534.22,31171.163,7.9,36283.71,7.72,49524.29,8.13,67150.29,8.64,127241.01,8.47,113139.86,8.62,108393.11,7.84,48736.96,7.61,52796.32,8.0,60205.73,8.64,114120.35,8.96,149367.29
154,603637.SH,20220519,7.76,7.94,7.75,7.94,7.89,0.05000000000000071,0.63,28569.89,22838.996,7.88,35686.06,7.65,50888.35,8.17,69644.34,8.64,127099.88,8.47,113237.47,8.63,108696.01,7.77,49020.02,7.63,52871.01,8.03,62663.98,8.65,115195.6,8.96,149380.29
155,603637.SH,20220518,7.85,8.0,7.82,7.89,7.86,0.02999999999999936,0.38,37244.4,29906.866,7.86,38527.37,7.6,53779.62,8.22,74775.91,8.63,126982.53,8.47,113564.57,8.64,109665.18,7.72,51651.37,7.65,54162.68,8.08,65752.26,8.67,117620.08,8.95,149242.46
156,603637.SH,20220517,7.76,7.86,7.69,7.86,7.83,0.03000000000000025,0.38,42688.0,33644.699,7.82,46021.16,7.53,56518.83,8.29,81913.28,8.63,126848.31,8.47,113611.03,8.66,110043.59,7.66,53946.73,7.67,55711.38,8.12,68636.15,8.7,120840.91,8.95,149036.97
157,603637.SH,20220516,7.85,7.96,7.79,7.83,7.86,-0.03000000000000025,-0.38,34382.03,27385.857,7.83,53575.21,7.46,58116.86,8.35,91874.41,8.63,126730.92,8.47,113565.8,8.67,110610.85,7.58,55304.63,7.71,56212.94,8.16,71202.45,8.71,122683.63,8.94,148822.34
158,603637.SH,20220513,7.84,8.04,7.78,7.86,7.84,0.020000000000000462,0.26,35546.0,28338.648,7.78,61190.21,7.44,58983.99,8.42,99623.18,8.63,126618.09,8.47,113585.56,8.69,110996.55,7.52,58482.06,7.75,57946.32,8.21,74167.44,8.72,123337.73,8.93,148656.26
159,603637.SH,20220512,7.65,7.9,7.65,7.84,7.73,0.10999999999999943,1.42,42776.44,33822.416,7.66,62353.97,7.44,61433.61,8.49,109041.62,8.63,126605.8,8.47,113586.18,8.71,111717.35,7.44,62212.88,7.8,59681.54,8.27,79750.69,8.73,123773.87,8.93,148489.29
160,603637.SH,20220511,7.88,8.01,7.72,7.73,7.89,-0.15999999999999925,-2.03,74713.32,59509.381,7.58,64775.36,7.47,61245.04,8.56,119675.04,8.62,126489.94,8.47,113483.0,8.73,112805.96,7.35,64281.47,7.86,62051.04,8.34,87655.3,8.75,124163.36,8.92,148241.29
161,603637.SH,20220510,7.49,7.89,7.39,7.89,7.59,0.2999999999999998,3.95,80458.28,63214.744,7.5,61872.3,7.52,58576.94,8.61,122420.49,8.62,126113.31,8.47,113244.95,8.75,112940.88,7.34,61375.62,7.93,63461.51,8.42,97877.07,8.76,124015.68,8.91,147759.17
162,603637.SH,20220509,7.27,7.71,7.23,7.59,7.26,0.33000000000000007,4.55,72457.0,55408.121,7.33,57034.04,7.55,56572.7,8.63,125318.0,8.61,125685.9,8.46,112944.89,8.76,113476.65,7.32,60068.89,7.99,63212.0,8.5,105123.14,8.77,123750.47,8.91,147268.48
163,603637.SH,20220506,7.27,7.37,7.11,7.26,7.41,-0.15000000000000036,-2.02,41364.8,30434.706,7.26,55773.91,7.6,56246.66,8.66,127328.95,8.61,125508.15,8.46,112705.39,8.78,114257.74,7.39,56855.69,8.08,65940.11,8.59,114567.0,8.78,123587.71,8.9,146767.03
164,603637.SH,20220505,7.35,7.55,7.29,7.41,7.33,0.08000000000000007,1.09,54883.4,41315.59,7.22,62071.78,7.71,57120.07,8.72,129609.71,8.61,125424.37,8.46,112678.91,8.82,115778.76,7.5,56722.01,8.16,69485.96,8.68,126665.26,8.8,123527.15,8.9,146557.82
165,603637.SH,20220429,7.07,7.39,7.07,7.33,7.04,0.29000000000000004,4.12,60198.0,44390.321,7.12,63787.58,7.8,58209.78,8.78,133173.85,8.61,125371.35,8.47,112746.81,8.85,117447.89,7.59,56673.99,8.25,72802.71,8.75,130437.78,8.81,123361.4,8.89,146188.91
166,603637.SH,20220428,7.1,7.2,6.91,7.04,7.24,-0.20000000000000018,-2.76,56267.0,40056.09,7.17,60878.94,7.93,58983.05,8.85,141234.15,8.62,125072.93,8.47,112763.76,8.87,119967.29,7.69,57476.04,8.35,75980.86,8.8,134396.96,8.83,123128.48,8.89,145836.29
167,603637.SH,20220427,7.16,7.28,6.92,7.24,7.07,0.16999999999999993,2.4,66156.36,47760.137,7.32,63103.74,8.07,61590.7,8.91,147027.49,8.62,124830.68,8.47,112591.3,8.91,121039.08,7.84,57121.26,8.45,79151.36,8.85,137215.71,8.85,123044.89,8.89,145504.81
168,603637.SH,20220426,6.95,7.29,6.95,7.07,6.92,0.15000000000000036,2.17,72854.16,52701.462,7.52,57937.47,8.21,64418.88,8.94,147156.15,8.62,124749.79,8.47,112470.51,8.95,122042.74,7.98,57410.58,8.56,82010.13,8.91,138974.18,8.87,122720.73,8.88,145080.56
169,603637.SH,20220425,7.41,7.45,6.91,6.92,7.6,-0.6799999999999997,-8.95,63462.37,46352.163,7.78,51372.23,8.37,64619.94,9.0,147302.93,8.62,124435.16,8.47,112300.3,8.99,123468.86,8.17,57150.21,8.69,88519.59,8.99,142414.51,8.89,122527.36,8.88,144641.0
170,603637.SH,20220422,7.81,7.84,7.59,7.6,7.77,-0.16999999999999993,-2.19,45654.8,35557.287,8.06,49560.41,8.56,69508.93,9.06,149475.83,8.63,124223.13,8.48,112127.82,9.03,125360.05,8.36,59820.61,8.84,99342.22,9.08,151440.71,8.92,123157.28,8.88,144274.84
171,603637.SH,20220421,8.09,8.17,7.69,7.77,8.23,-0.46000000000000085,-5.59,67391.0,54012.575,8.2,54073.14,8.66,74634.08,9.11,153411.61,8.63,124099.26,8.47,111997.42,9.07,128623.96,8.52,65547.41,8.96,116127.8,9.14,158360.24,8.94,123490.12,8.88,144025.08
172,603637.SH,20220420,8.36,8.47,8.13,8.23,8.39,-0.16000000000000014,-1.91,40325.0,33889.682,8.36,51138.78,8.78,78774.66,9.15,153389.36,8.63,123891.34,8.47,111729.78,9.11,132117.47,8.65,66355.11,9.09,127650.26,9.16,158464.89,8.97,123787.48,8.87,143695.53
173,603637.SH,20220419,8.25,8.41,8.21,8.39,8.3,0.08999999999999986,1.08,40028.0,33909.459,8.43,56883.69,8.85,85192.81,9.17,153629.17,8.62,123956.95,8.46,111552.89,9.13,134651.43,8.77,75024.53,9.19,143422.65,9.18,159715.55,8.98,124170.55,8.86,143488.96
174,603637.SH,20220418,8.18,8.34,8.01,8.3,8.3,0.0,0.0,54403.24,45143.238,8.56,62928.19,8.9,91319.66,9.19,154144.93,8.62,123970.12,8.46,111380.31,9.15,137773.73,8.82,82249.91,9.28,161636.89,9.2,162959.31,8.99,124996.86,8.85,143272.58
175,603637.SH,20220415,8.6,8.62,8.29,8.3,8.57,-0.2699999999999996,-3.15,68218.44,58038.269,8.67,70080.82,8.99,96621.85,9.2,154719.28,8.61,123840.16,8.45,111164.37,9.18,141594.36,8.92,88931.43,9.34,167319.67,9.24,167128.24,9.01,126163.84,8.84,142904.13
176,603637.SH,20220414,8.62,8.74,8.53,8.57,8.61,-0.03999999999999915,-0.46,52719.2,46105.481,8.84,77021.68,9.09,106993.0,9.22,156485.98,8.61,123654.52,8.44,110850.71,9.21,145105.59,9.01,94485.68,9.35,172857.42,9.27,167075.45,9.03,126440.73,8.83,142408.47
177,603637.SH,20220413,8.92,8.99,8.61,8.61,9.0,-0.39000000000000057,-4.33,69049.57,61105.368,8.94,81571.44,9.21,124469.59,9.24,157421.02,8.6,123605.36,8.43,110601.18,9.24,150188.72,9.06,101181.46,9.36,177262.93,9.28,166934.09,9.04,127572.76,8.82,142095.08
178,603637.SH,20220412,9.01,9.05,8.57,9.0,8.87,0.13000000000000078,1.47,70250.52,62951.589,9.1,93165.37,9.31,148493.96,9.25,158499.56,8.59,123474.24,8.42,110240.3,9.28,157453.7,9.14,106609.68,9.38,179755.98,9.28,166551.24,9.05,128605.92,8.81,141671.44
179,603637.SH,20220411,9.1,9.26,8.75,8.87,9.16,-0.2900000000000009,-3.17,90166.38,82113.588,9.08,101571.63,9.41,166000.87,9.26,159900.75,8.59,123368.55,8.41,109901.66,9.31,162561.59,9.2,119888.97,9.41,185046.66,9.28,166673.93,9.06,130025.76,8.8,141183.27
180,603637.SH,20220408,9.17,9.31,8.97,9.16,9.08,0.08000000000000007,0.88,102922.75,95674.506,9.17,107782.04,9.52,186432.13,9.26,160279.65,8.58,123324.69,8.4,109446.91,9.33,166304.56,9.32,138863.82,9.44,197250.75,9.28,167944.59,9.07,131524.13,8.79,140581.19
181,603637.SH,20220407,9.28,9.34,8.97,9.08,9.38,-0.3000000000000007,-3.2,75468.0,69960.756,9.17,111949.69,9.59,209615.98,9.26,162371.3,8.57,122923.11,8.38,108968.79,9.34,169911.1,9.4,166708.19,9.45,204766.65,9.28,167330.84,9.07,133961.3,8.77,139938.36
182,603637.SH,20220406,8.9,9.4,8.9,9.38,8.9,0.4800000000000004,5.39,127019.2,118930.998,9.17,120791.49,9.62,216738.34,9.26,166930.9,8.56,122642.4,8.37,108627.66,9.36,174307.5,9.52,188945.41,9.41,204519.78,9.28,168339.24,9.09,134981.02,8.76,139460.59
183,603637.SH,20220401,9.23,9.3,8.87,8.9,9.33,-0.4299999999999997,-4.61,112281.8,102663.0,9.18,120054.0,9.57,220734.83,9.25,167702.42,8.55,122022.27,8.36,108064.92,9.38,178849.88,9.62,211820.78,9.39,202061.06,9.27,168034.97,9.1,135221.21,8.75,138683.57
184,603637.SH,20220331,9.15,9.56,9.15,9.33,9.18,0.15000000000000036,1.63,121218.43,115094.672,9.33,138206.31,9.55,222930.8,9.24,166565.56,8.54,121490.1,8.35,107469.18,9.41,184912.14,9.73,241023.87,9.39,203314.02,9.28,167727.22,9.12,136346.74,8.73,137965.32
185,603637.SH,20220330,9.09,9.5,9.08,9.18,9.08,0.09999999999999964,1.1,123761.0,116480.32,9.47,169945.61,9.54,222753.27,9.21,164815.43,8.53,120824.28,8.34,106807.43,9.44,188609.68,9.75,245707.9,9.4,206226.65,9.27,169487.89,9.13,137748.13,8.71,137125.82
186,603637.SH,20220329,9.37,9.55,9.0,9.08,9.4,-0.3200000000000003,-3.4,119677.0,112613.376,9.63,221466.69,9.55,226776.58,9.2,163120.87,8.52,120204.29,8.32,106137.89,9.45,191916.4,9.7,251229.15,9.39,203370.33,9.27,173045.67,9.15,140526.23,8.7,136252.08
187,603637.SH,20220328,9.51,9.63,9.27,9.4,9.64,-0.2400000000000002,-2.49,123331.77,117529.265,9.87,257099.34,9.6,243282.07,9.18,161537.8,8.5,119579.79,8.31,105490.84,9.46,195359.68,9.65,253344.4,9.39,199810.41,9.26,174164.8,9.18,144021.7,8.68,135645.28
188,603637.SH,20220325,9.95,10.09,9.63,9.64,10.07,-0.4299999999999997,-4.27,203043.34,201809.513,10.06,303587.56,9.58,253275.06,9.15,159808.8,8.49,118945.41,8.3,104832.81,9.47,199784.11,9.63,252902.27,9.36,196522.02,9.24,172508.03,9.18,145805.7,8.67,134861.68
189,603637.SH,20220324,9.67,10.79,9.67,10.07,9.95,0.120000000000001,1.21,279914.95,288858.072,10.14,343841.44,9.49,243081.77,9.12,155680.79,8.48,117791.56,8.28,103721.76,9.47,198441.54,9.61,250204.35,9.32,190066.41,9.2,167797.05,9.2,146991.66,8.65,133563.39
190,603637.SH,20220323,11.29,11.3,9.92,9.95,10.27,-0.3200000000000003,-3.12,381366.37,416117.876,10.03,321470.2,9.39,227537.91,9.06,148557.75,8.46,116308.53,8.27,102184.84,9.45,196530.3,9.56,255637.68,9.26,182484.97,9.15,160671.42,9.2,148008.91,8.63,131374.31
191,603637.SH,20220322,10.2,10.73,10.07,10.27,10.37,-0.09999999999999964,-0.96,297840.29,313492.915,9.76,280991.62,9.32,208766.73,9.01,138662.81,8.44,114098.09,8.25,100025.84,9.42,192306.71,9.49,242825.11,9.22,167642.17,9.1,150154.29,9.21,147178.82,8.61,128374.45
192,603637.SH,20220321,10.04,10.49,9.81,10.37,10.04,0.33000000000000007,3.29,355772.85,365370.92,9.44,249589.46,9.26,199661.41,8.95,131262.28,8.42,112218.1,8.23,98338.37,9.39,188590.29,9.3,220094.14,9.16,158036.16,9.04,142377.81,9.22,149447.38,8.59,126346.69
193,603637.SH,20220318,9.86,10.34,9.71,10.04,9.5,0.5399999999999991,5.68,404312.72,411957.756,9.2,202216.98,9.16,177420.0,8.89,122305.79,8.4,110065.11,8.21,96321.51,9.35,184217.82,9.15,192301.33,9.1,146142.07,8.98,132608.41,9.24,153749.89,8.56,123611.47
194,603637.SH,20220317,8.64,9.5,8.56,9.5,8.64,0.8599999999999994,9.95,168058.75,155277.709,9.08,156567.26,9.08,150048.14,8.84,111787.96,8.39,107563.55,8.2,93987.49,9.32,179235.32,9.05,165604.16,9.05,131078.89,8.91,120389.04,9.26,154567.04,8.54,120516.62
195,603637.SH,20220316,8.87,8.87,8.06,8.64,8.65,-0.009999999999999787,-0.12,178973.49,153361.925,9.1,189805.17,9.02,141548.55,8.81,108646.58,8.37,106634.76,8.18,93086.58,9.3,177343.01,9.05,166745.4,9.03,131377.88,8.87,116285.03,9.28,157947.55,8.53,119347.94
196,603637.SH,20220315,9.11,9.33,8.56,8.65,9.17,-0.5199999999999996,-5.67,140829.5,127971.077,9.22,204658.61,9.05,133468.36,8.81,106360.82,8.36,105555.9,8.17,92123.34,9.28,175366.84,9.09,155511.5,9.06,133953.93,8.86,111859.99,9.3,161188.2,8.52,118168.59
197,603637.SH,20220314,9.32,9.49,9.15,9.17,9.43,-0.2599999999999998,-2.76,118910.46,112376.595,9.17,190598.82,9.06,132503.5,8.82,104148.93,8.35,104731.81,8.16,91421.87,9.27,174251.88,9.12,146276.41,9.07,134575.01,8.84,108874.08,9.33,165594.35,8.51,117409.78
198,603637.SH,20220311,9.46,9.64,9.25,9.43,9.61,-0.17999999999999972,-1.87,176064.11,168029.306,9.11,182385.68,9.05,129857.34,8.82,103158.41,8.34,103978.47,8.15,90790.12,9.25,173181.47,9.09,140141.77,9.04,132310.9,8.82,106467.28,9.36,171407.47,8.5,116768.23
199,603637.SH,20220310,9.5,9.82,9.29,9.61,9.23,0.379999999999999,4.12,334248.29,323315.458,9.03,174641.06,9.02,124446.26,8.81,99842.08,8.32,102831.24,8.14,89865.18,9.22,171368.54,9.04,129928.46,8.99,126593.41,8.79,102640.2,9.39,177922.26,8.48,115598.43
200,603637.SH,20220309,8.43,9.23,8.39,9.23,8.39,0.8399999999999999,10.01,253240.68,234335.413,9.0,143685.63,9.0,107803.39,8.8,92646.73,8.3,100634.44,8.13,88013.37,9.19,167072.3,8.96,109332.26,8.94,113188.28,8.76,94873.85,9.42,178993.69,8.46,113158.75
201,603637.SH,20220308,8.89,8.93,8.39,8.39,8.88,-0.4900000000000002,-5.52,70530.57,61324.386,8.97,106364.4,8.98,96250.19,8.8,88857.96,8.29,98981.45,8.11,86694.98,9.16,163863.57,8.94,92459.23,8.91,103818.88,8.75,88620.01,9.43,180969.09,8.45,111428.74
202,603637.SH,20220307,8.99,9.15,8.77,8.88,9.04,-0.15999999999999837,-1.77,77844.77,70654.07,9.08,101954.0,9.03,104212.35,8.83,89278.59,8.28,98564.9,8.11,86390.61,9.14,163148.91,9.01,95978.18,8.91,103519.64,8.77,89110.08,9.45,186092.3,8.44,111259.07
203,603637.SH,20220304,9.44,9.44,8.98,9.04,9.47,-0.4300000000000015,-4.54,137341.0,127519.742,9.06,97897.87,9.07,115954.64,8.83,90537.3,8.26,98080.3,8.1,86078.51,9.12,162303.69,9.05,99982.8,8.89,102761.95,8.79,88625.55,9.47,192380.95,8.43,111068.95
204,603637.SH,20220303,9.1,9.47,8.98,9.47,9.06,0.41000000000000014,4.53,179471.14,169603.794,9.04,85215.87,9.05,117178.48,8.84,90351.96,8.25,97216.96,8.09,85413.97,9.09,160679.27,9.05,96553.61,8.84,97781.48,8.79,87034.4,9.48,191797.78,8.43,110623.19
205,603637.SH,20220302,9.02,9.21,8.98,9.06,8.94,0.120000000000001,1.34,66634.52,61265.49,8.92,74978.89,8.98,109036.73,8.84,89645.18,8.23,96063.09,8.07,84560.64,9.06,158459.87,9.0,96010.36,8.77,91054.84,8.78,85199.44,9.47,191082.79,8.41,109503.4
206,603637.SH,20220301,8.82,9.04,8.82,8.94,8.81,0.129999999999999,1.48,48478.58,44083.132,8.92,78554.07,8.93,108658.24,8.86,92981.47,8.22,95753.97,8.06,84322.83,9.03,157796.2,9.03,112396.37,8.74,90034.24,8.79,85806.02,9.45,191048.83,8.4,109240.15
207,603637.SH,20220228,8.91,9.04,8.76,8.81,8.94,-0.129999999999999,-1.45,57564.09,51558.196,8.94,90002.35,8.91,110017.26,8.87,98883.66,8.2,95541.04,8.05,84195.93,9.01,157437.5,9.02,122873.6,8.7,90172.91,8.79,88211.43,9.43,190559.33,8.39,109150.5
208,603637.SH,20220225,8.89,9.21,8.87,8.94,8.85,0.08999999999999986,1.02,73931.0,67479.225,9.03,102067.74,8.89,110654.84,8.91,101209.76,8.19,95362.93,8.04,84082.87,8.98,156833.75,9.0,124480.03,8.69,89630.03,8.81,90660.61,9.41,190063.9,8.38,108967.88
209,603637.SH,20220224,9.03,9.27,8.69,8.85,9.05,-0.20000000000000107,-2.21,128286.26,117197.273,9.05,107891.36,8.86,109932.9,8.94,103195.03,8.18,94930.09,8.03,83950.0,8.95,156064.8,8.94,123258.35,8.67,88996.07,8.83,93377.6,9.39,189342.13,8.37,108562.96
210,603637.SH,20220223,9.01,9.11,8.9,9.05,9.05,0.0,0.0,84510.4,77244.431,9.08,117041.83,8.82,104887.11,8.97,104710.54,8.17,94104.36,8.02,83938.06,8.92,154495.83,8.92,117044.3,8.66,87644.64,8.86,95103.67,9.37,187639.62,8.36,107781.26
211,603637.SH,20220222,9.28,9.33,8.99,9.05,9.28,-0.22999999999999865,-2.48,105720.02,97773.767,9.15,146238.67,8.75,101288.74,9.01,108263.23,8.15,93591.15,8.01,84256.75,8.89,153607.47,8.87,115178.53,8.66,86700.39,8.87,100591.75,9.35,186743.8,8.34,107324.91
212,603637.SH,20220221,8.97,9.34,8.89,9.28,9.04,0.2400000000000002,2.65,117891.03,109546.881,9.09,155744.85,8.68,96613.23,9.04,113696.39,8.14,92928.69,8.0,83686.74,8.87,152417.73,8.82,111061.1,8.66,85676.03,8.9,101622.8,9.32,185935.25,8.33,106710.42
213,603637.SH,20220218,8.84,9.12,8.78,9.04,8.98,0.05999999999999872,0.67,103049.09,94253.274,8.96,146892.32,8.61,91100.26,9.09,119917.38,8.13,92194.21,7.99,83065.77,8.84,151049.15,8.73,105541.09,8.65,82946.92,8.92,102407.45,9.29,184614.23,8.32,106035.41
214,603637.SH,20220217,9.14,9.19,8.93,8.98,9.38,-0.40000000000000036,-4.26,174038.59,159693.62,8.83,138625.34,8.54,87115.87,9.11,123662.17,8.11,91584.67,7.98,82537.05,8.81,149943.24,8.64,99009.34,8.66,82274.79,8.96,104966.26,9.26,183564.99,8.3,105729.66
215,603637.SH,20220216,8.68,9.64,8.68,9.38,8.79,0.5900000000000016,6.71,230494.6,212558.256,8.76,117046.78,8.51,77321.1,9.15,126608.11,8.1,90516.18,7.96,81622.23,8.78,147883.04,8.55,86099.33,8.67,79793.98,8.99,106008.37,9.23,180864.85,8.29,104804.86
216,603637.SH,20220215,8.62,9.06,8.36,8.79,8.6,0.1899999999999995,2.21,153250.92,135878.139,8.6,84118.4,8.44,64302.42,9.18,129856.81,8.08,89030.07,7.95,80328.34,8.74,145018.89,8.45,67672.11,8.67,72510.85,9.03,108006.8,9.19,177233.03,8.28,103110.08
217,603637.SH,20220214,8.38,8.65,8.32,8.6,8.42,0.17999999999999972,2.14,73628.4,63814.698,8.55,66377.35,8.43,60302.94,9.23,135101.22,8.07,88053.73,7.94,79506.21,8.72,143346.82,8.39,57472.22,8.68,70880.35,9.09,113878.59,9.17,174961.04,8.27,102214.18
218,603637.SH,20220211,8.57,8.64,8.36,8.42,8.62,-0.1999999999999993,-2.32,61714.2,53012.477,8.51,64189.87,8.46,59687.33,9.3,145699.03,8.06,87646.06,7.93,79168.47,8.7,142572.26,8.38,54780.04,8.71,73750.89,9.13,119103.38,9.14,173974.78,8.26,101968.01
219,603637.SH,20220210,8.58,8.68,8.48,8.62,8.56,0.05999999999999872,0.7,66145.8,57434.561,8.45,59393.35,8.51,61496.44,9.39,161940.47,8.05,87285.98,7.92,78878.03,8.68,141936.9,8.39,54733.8,8.77,78437.23,9.19,126186.26,9.12,173204.71,8.25,101739.67
220,603637.SH,20220209,8.51,8.64,8.46,8.56,8.54,0.02000000000000135,0.23,65852.67,57046.241,8.34,55151.87,8.56,61278.22,9.47,173328.59,8.05,86936.39,7.91,78529.33,8.66,141190.8,8.4,58244.98,8.82,84133.35,9.26,135346.41,9.09,172319.21,8.24,101385.26
221,603637.SH,20220208,8.4,8.59,8.28,8.54,8.4,0.1399999999999988,1.67,64545.67,55459.225,8.3,51225.82,8.6,63105.43,9.52,182300.26,8.04,86591.48,7.9,78215.3,8.65,140429.29,8.44,58222.26,8.87,93298.37,9.32,144203.35,9.07,171502.65,8.22,101021.16
222,603637.SH,20220207,8.23,8.48,8.19,8.4,8.11,0.2900000000000009,3.58,62691.0,53176.711,8.23,48567.08,8.66,67711.33,9.56,191384.58,8.03,86297.98,7.89,77881.65,8.63,139770.19,8.49,60290.96,8.94,96903.65,9.4,156516.95,9.04,170786.5,8.21,100570.2
223,603637.SH,20220128,8.21,8.25,8.01,8.11,8.08,0.02999999999999936,0.37,37731.6,31191.637,8.26,45370.2,8.72,69414.48,9.62,201458.33,8.02,85946.96,7.88,77565.73,8.62,139177.14,8.58,60352.75,9.02,100840.63,9.5,174891.36,9.01,169946.36,8.2,100138.29
224,603637.SH,20220127,8.34,8.39,8.04,8.08,8.37,-0.28999999999999915,-3.46,44938.42,37167.332,8.34,50074.25,8.8,75792.12,9.7,214104.39,8.01,85822.08,7.87,77402.09,8.61,138829.66,8.67,65540.24,9.12,107944.71,9.61,188745.04,8.99,169588.5,8.19,99973.11
225,603637.SH,20220126,8.17,8.45,8.17,8.37,8.17,0.1999999999999993,2.45,46222.4,39161.97,8.45,61338.08,8.89,82415.27,9.8,229457.72,8.01,85657.88,7.86,77197.19,8.6,138469.37,8.8,73488.63,9.22,115962.88,9.69,199610.07,8.97,169016.41,8.18,99725.37
226,603637.SH,20220125,8.51,8.58,8.16,8.17,8.56,-0.39000000000000057,-4.56,51252.0,43319.909,8.58,65218.7,8.98,90816.69,9.88,239819.83,8.0,85548.23,7.85,76968.38,8.59,138196.85,8.88,77349.58,9.32,128174.14,9.74,210516.41,8.95,168544.1,8.17,99428.08
227,603637.SH,20220124,8.43,8.67,8.43,8.56,8.52,0.040000000000000924,0.47,46706.6,40602.645,8.76,72014.83,9.1,100725.63,9.94,249246.67,7.99,85324.9,7.85,76704.65,8.58,137755.3,8.97,84288.48,9.44,142081.77,9.81,222314.62,8.93,167964.73,8.16,99068.17
228,603637.SH,20220121,8.64,8.74,8.48,8.52,8.65,-0.13000000000000078,-1.5,61251.81,53402.1,8.89,75335.3,9.16,116298.43,9.98,258988.33,7.98,85174.85,7.84,76471.63,8.57,137582.89,9.05,92721.75,9.5,151265.05,9.89,236347.66,8.9,167440.4,8.15,98787.44
229,603637.SH,20220120,9.05,9.05,8.59,8.65,9.01,-0.35999999999999943,-4.0,101257.59,89808.888,9.0,81006.23,9.28,122098.4,10.02,270573.98,7.97,84923.34,7.83,76144.62,8.55,137114.1,9.15,102140.66,9.59,161912.49,9.99,253204.32,8.87,166754.64,8.13,98387.96
230,603637.SH,20220119,8.97,9.14,8.9,9.01,9.06,-0.05000000000000071,-0.55,65625.49,59959.138,9.14,85639.18,9.38,125188.62,10.05,270606.13,7.96,84465.01,7.82,75592.93,8.53,136037.05,9.25,110021.72,9.69,173897.12,10.07,263113.54,8.84,165392.4,8.12,97728.49
231,603637.SH,20220118,9.23,9.27,8.99,9.06,9.23,-0.16999999999999993,-1.84,85232.67,78702.073,9.18,89480.47,9.46,133972.3,10.04,272692.79,7.95,84192.92,7.8,75253.42,8.51,135414.19,9.29,128374.47,9.76,187193.89,10.11,273318.17,8.81,164560.03,8.11,97330.08
232,603637.SH,20220117,9.16,9.23,9.02,9.23,9.07,0.16000000000000014,1.76,63308.96,58786.669,9.18,96562.12,9.54,143208.4,10.01,272085.85,7.94,83788.74,7.79,74791.63,8.48,134902.57,9.39,133516.35,9.86,204629.95,10.14,283074.52,8.77,163603.58,8.09,96885.78
233,603637.SH,20220114,9.33,9.41,9.05,9.07,9.32,-0.25,-2.68,89606.44,83680.338,9.2,110108.2,9.62,160680.59,9.96,270785.85,7.92,83616.16,7.78,74494.87,8.46,134449.12,9.47,141328.5,9.96,232160.67,10.16,296136.35,8.74,162807.37,8.07,96454.88
234,603637.SH,20220113,9.57,9.73,9.31,9.32,9.24,0.08000000000000007,0.87,124422.32,119821.531,9.3,123275.09,9.75,179126.61,9.92,268969.13,7.91,83351.37,7.76,74002.33,8.44,133884.35,9.56,150349.19,10.08,250347.44,10.18,296561.16,8.7,161548.31,8.06,95786.34
235,603637.SH,20220112,9.16,9.29,9.02,9.24,9.06,0.17999999999999972,1.99,84831.97,79304.723,9.37,134404.26,9.79,187276.59,9.87,266210.38,7.9,83364.19,7.75,73300.84,8.42,132455.05,9.64,158437.14,10.14,262670.79,10.16,296966.15,8.67,159644.41,8.04,94837.9
236,603637.SH,20220111,9.27,9.44,9.0,9.06,9.29,-0.22999999999999865,-2.48,120640.91,112218.809,9.4,167268.48,9.87,201843.41,9.83,264484.02,7.89,83735.98,7.73,72860.74,8.4,131609.07,9.75,178998.69,10.17,277099.83,10.11,296291.64,8.64,158376.2,8.02,94217.01
237,603637.SH,20220110,9.57,9.64,9.2,9.29,9.61,-0.3200000000000003,-3.33,131039.34,124348.175,9.6,170470.58,9.98,218790.29,9.79,261840.49,7.87,82963.38,7.72,72204.32,8.38,130727.31,9.92,199875.07,10.23,291327.7,10.06,292907.24,8.61,156617.4,8.0,93312.71
238,603637.SH,20220107,9.64,9.98,9.5,9.61,9.65,-0.040000000000000924,-0.41,155440.92,152651.628,9.73,172548.8,10.07,234215.02,9.74,259668.96,7.85,82143.3,7.71,71476.82,8.35,129347.4,9.96,209808.34,10.31,308160.61,10.01,289467.19,8.58,154736.95,7.98,92348.02
239,603637.SH,20220106,9.25,9.9,9.19,9.65,9.4,0.25,2.66,180068.17,175988.501,9.81,177423.28,10.18,255639.08,9.67,256233.33,7.84,81158.96,7.69,70598.96,8.32,127713.93,10.03,221684.31,10.4,328736.15,9.95,285306.65,8.54,152340.77,7.97,91220.81
240,603637.SH,20220105,10.04,10.04,9.08,9.4,10.05,-0.6500000000000004,-6.47,249153.05,237720.696,9.91,182470.02,10.31,289012.56,9.6,252116.47,7.82,80043.45,7.68,69572.4,8.3,125683.92,10.12,237772.53,10.48,339659.44,9.88,280175.58,8.51,149638.25,7.94,89857.7
241,603637.SH,20220104,9.98,10.1,9.85,10.05,9.96,0.08999999999999986,0.9,136651.43,138023.179,10.1,190728.91,10.47,304719.39,9.54,245142.27,7.8,78395.35,7.66,68170.11,8.27,122861.23,10.22,246013.31,10.52,345790.02,9.83,272895.84,8.48,145915.43,7.93,87886.9
242,603637.SH,20211231,10.01,10.18,9.86,9.96,10.0,-0.03999999999999915,-0.4,141430.42,143073.456,10.23,229279.56,10.5,322737.69,9.45,241493.27,7.78,77545.76,7.64,67435.63,8.24,121702.84,10.32,275743.54,10.51,357853.6,9.74,270247.71,8.43,143940.16,7.9,86872.5
243,603637.SH,20211230,10.04,10.25,9.94,10.0,10.12,-0.11999999999999922,-1.19,179813.33,183859.898,10.19,247067.89,10.49,340582.49,9.37,237831.54,7.76,76678.54,7.63,66684.71,8.21,120376.1,10.46,322992.84,10.51,373540.28,9.66,266821.01,8.39,142145.92,7.88,85776.11
244,603637.SH,20211229,10.39,10.58,10.07,10.12,10.35,-0.23000000000000043,-2.22,205301.88,214228.376,10.25,265945.34,10.51,357919.79,9.28,232967.99,7.73,75517.54,7.61,65704.38,8.18,118454.43,10.61,350345.69,10.49,369667.15,9.57,262163.72,8.35,139583.91,7.86,84409.38
245,603637.SH,20211228,11.04,11.06,10.3,10.35,10.74,-0.39000000000000057,-3.63,290447.49,310775.857,10.34,293075.04,10.58,378104.08,9.19,227385.87,7.71,74141.94,7.59,64571.37,8.14,116270.23,10.64,366904.43,10.42,366230.65,9.47,255721.34,8.3,136503.52,7.83,82833.41
246,603637.SH,20211227,9.64,10.74,9.47,10.74,9.76,0.9800000000000004,10.04,329404.67,343223.092,10.35,301297.71,10.66,399373.63,9.1,219226.13,7.69,72213.71,7.58,62970.38,8.11,113006.13,10.59,375200.97,10.29,354938.12,9.36,246459.27,8.24,131977.92,7.8,80598.69
247,603637.SH,20211224,10.06,10.36,9.69,9.76,10.3,-0.5400000000000009,-5.24,230372.07,232543.577,10.41,322207.53,10.69,404691.28,8.99,210033.61,7.66,69982.84,7.56,61159.64,8.07,109282.99,10.54,382780.32,10.14,339423.32,9.24,236043.5,8.19,127268.86,7.77,77954.85
248,603637.SH,20211223,10.4,10.75,10.16,10.3,10.56,-0.2599999999999998,-2.46,274200.61,290812.893,10.72,398917.78,10.72,415567.63,8.9,203892.55,7.64,68447.61,7.54,59890.54,8.04,106945.1,10.66,406512.89,10.03,329296.62,9.15,228846.18,8.15,123917.66,7.75,76199.67
249,603637.SH,20211222,10.4,10.94,10.06,10.56,10.4,0.16000000000000014,1.54,340950.35,363067.323,10.96,434746.04,10.69,423546.27,8.8,196189.09,7.62,66613.41,7.52,58333.18,8.01,104407.1,10.77,435787.98,9.91,317117.83,9.05,220223.16,8.11,120135.12,7.73,74092.1
250,603637.SH,20211221,11.13,11.19,10.14,10.4,11.04,-0.6399999999999988,-5.8,331560.86,351870.552,10.93,440733.83,10.64,432331.93,8.69,186639.37,7.59,64317.31,7.5,56409.62,7.97,100462.37,10.84,441546.36,9.76,301377.1,8.93,209292.02,8.06,114739.7,7.7,71504.46
251,603637.SH,20211220,10.9,12.09,10.46,11.04,11.29,-0.25,-2.21,433953.76,501006.948,10.82,449104.22,10.58,414700.39,8.59,177199.73,7.57,62067.26,7.48,54553.91,7.93,96508.82,10.81,445566.73,9.63,286337.1,8.82,198801.96,8.01,109570.08,7.67,68900.55
252,603637.SH,20211217,11.83,12.62,11.21,11.29,11.49,-0.20000000000000107,-1.74,613923.34,753352.669,10.67,443353.11,10.4,391824.86,8.46,164962.37,7.54,59100.09,7.46,52099.43,7.89,91225.72,10.69,439963.66,9.45,267499.79,8.68,185056.04,7.95,103246.0,7.64,65493.44
253,603637.SH,20211216,10.24,11.49,9.97,11.49,10.44,1.0500000000000007,10.06,453341.88,491398.911,10.61,414107.99,10.14,349568.98,8.34,147390.8,7.5,54887.6,7.44,48626.68,7.84,83515.41,10.56,424087.72,9.26,238735.09,8.53,165001.36,7.89,93473.05,7.61,60586.02
254,603637.SH,20211215,9.7,10.45,9.69,10.44,9.84,0.5999999999999996,6.1,370889.32,382165.221,10.59,436829.92,9.84,316166.43,8.2,134505.65,7.47,51780.98,7.41,46081.5,7.79,77808.72,10.37,388988.61,9.05,218072.74,8.38,150431.96,7.82,86466.2,7.57,57101.99
255,603637.SH,20211214,10.08,10.1,9.64,9.84,10.31,-0.47000000000000064,-4.56,373412.8,372354.422,10.74,442358.88,9.63,289777.86,8.1,124188.51,7.45,49261.07,7.4,44024.89,7.75,73323.29,10.19,365556.86,8.89,200129.79,8.26,138422.76,7.77,80748.32,7.55,54231.62
256,603637.SH,20211213,10.76,10.94,10.08,10.31,10.96,-0.6500000000000004,-5.93,405198.22,426456.523,10.81,442029.25,9.47,263409.56,8.01,113779.99,7.43,46725.2,7.38,41987.06,7.72,68741.1,10.0,334675.27,8.75,182088.42,8.16,126571.78,7.73,75148.97,7.52,51345.11
257,603637.SH,20211210,10.4,11.83,10.4,10.96,11.41,-0.4499999999999993,-3.94,467697.73,521155.148,10.71,436574.21,9.27,234250.91,7.91,102323.67,7.4,43961.25,7.36,39626.72,7.68,63764.87,9.73,296066.32,8.59,162675.09,8.04,113614.83,7.69,69225.2,7.5,48288.93
258,603637.SH,20211209,11.34,12.31,11.19,11.41,11.19,0.22000000000000064,1.97,566951.54,685833.414,10.52,434067.45,9.01,200640.39,7.79,89386.84,7.37,40804.72,7.34,36915.36,7.64,58020.76,9.41,252080.35,8.4,140012.83,7.91,98533.14,7.64,62128.99,7.47,44820.42
259,603637.SH,20211208,9.99,11.19,9.99,11.19,10.17,1.0199999999999996,10.03,398534.12,437561.796,10.15,341147.3,8.72,161429.3,7.66,73168.75,7.34,36911.77,7.32,33677.07,7.59,51346.2,9.04,198447.67,8.18,112440.75,7.76,80304.97,7.57,53274.6,7.43,41148.06
260,603637.SH,20211207,9.47,10.35,9.37,10.17,9.81,0.35999999999999943,3.67,371764.63,376318.01,9.65,288754.85,8.43,133744.33,7.54,61860.76,7.31,34184.94,7.29,31411.51,7.54,46873.25,8.69,161207.84,7.98,93164.85,7.61,67671.26,7.51,47323.81,7.4,38980.02
261,603637.SH,20211206,9.2,10.65,9.19,9.81,10.01,-0.1999999999999993,-2.0,377923.02,373699.547,9.19,227321.3,8.21,108231.26,7.46,51226.17,7.29,31675.85,7.27,29258.06,7.5,42278.0,8.44,127107.47,7.82,75419.57,7.5,55801.89,7.47,41888.4,7.37,35960.21
262,603637.SH,20211203,9.61,10.21,9.05,10.01,9.55,0.4599999999999991,4.82,455163.93,442624.7,8.76,155558.44,8.0,80085.67,7.38,40367.82,7.27,29118.78,7.26,27059.78,7.47,37848.92,8.22,95035.91,7.67,57602.23,7.41,44132.64,7.43,36425.84,7.35,32918.75
263,603637.SH,20211202,9.23,9.55,8.97,9.55,8.69,0.8600000000000012,9.9,102350.82,97718.652,8.29,70093.24,7.78,46041.17,7.31,27425.16,7.25,26014.11,7.24,24402.1,7.44,32367.92,7.96,53382.46,7.51,35458.19,7.31,29478.4,7.4,29756.94,7.33,29239.85
264,603637.SH,20211201,7.87,8.69,7.81,8.69,7.9,0.7899999999999991,10.0,136571.83,117675.702,7.93,55748.04,7.6,39470.46,7.24,24950.49,7.23,25352.54,7.23,23845.24,7.41,31460.75,7.73,47156.86,7.38,31153.63,7.23,26535.45,7.37,29448.61,7.3,28548.88
265,603637.SH,20211130,7.67,8.0,7.64,7.9,7.63,0.27000000000000046,3.54,64596.9,51572.36,7.74,33660.84,7.48,30076.67,7.21,21276.92,7.22,24449.81,7.22,23101.38,7.39,29954.68,7.58,34702.71,7.29,24855.7,7.18,22322.68,7.35,27924.0,7.29,27509.33
266,603637.SH,20211129,7.59,7.66,7.54,7.63,7.69,-0.0600000000000005,-0.78,19108.72,14731.66,7.69,26893.65,7.41,26300.75,7.19,19903.98,7.21,24085.71,7.21,22793.95,7.38,29388.87,7.5,29501.57,7.23,22520.03,7.16,20460.75,7.35,27431.47,7.28,27090.28
267,603637.SH,20211126,7.67,7.79,7.64,7.69,7.76,-0.0699999999999994,-0.9,27837.95,21725.642,7.68,34513.39,7.37,25832.09,7.19,20100.3,7.21,24039.98,7.21,22720.36,7.37,29273.15,7.45,29283.85,7.2,22389.08,7.16,20327.57,7.35,27741.67,7.27,27068.97
268,603637.SH,20211125,7.69,7.81,7.64,7.76,7.7,0.05999999999999961,0.78,30624.81,24036.106,7.63,36671.69,7.31,24987.56,7.19,19814.93,7.2,23947.53,7.21,22615.4,7.36,29046.81,7.4,27945.31,7.16,21759.53,7.14,20006.71,7.34,27871.87,7.27,26942.23
269,603637.SH,20211124,7.66,7.73,7.55,7.7,7.66,0.040000000000000036,0.52,26135.8,20298.996,7.53,38565.69,7.25,24291.51,7.18,19907.61,7.2,23833.03,7.2,22526.07,7.35,28877.27,7.33,26433.83,7.12,21233.62,7.13,19374.89,7.34,27783.8,7.26,26747.15
270,603637.SH,20211123,7.62,7.69,7.5,7.66,7.57,0.08999999999999986,1.19,30760.97,23761.261,7.43,35744.59,7.18,23225.91,7.17,19906.34,7.2,23747.53,7.2,22449.83,7.34,28731.59,7.26,25121.86,7.07,20902.97,7.13,19100.93,7.34,27922.9,7.25,26635.87
271,603637.SH,20211122,7.51,7.86,7.5,7.57,7.48,0.08999999999999986,1.2,57207.4,44649.101,7.31,32109.49,7.12,22110.43,7.15,19603.91,7.19,23671.97,7.2,22335.44,7.33,28462.09,7.19,23731.67,7.04,20149.1,7.13,18935.02,7.34,27906.03,7.25,26447.52
272,603637.SH,20211119,7.14,7.56,7.14,7.48,7.24,0.2400000000000002,3.31,38629.45,29038.325,7.23,24054.31,7.06,18526.27,7.14,18477.57,7.19,23437.12,7.19,22073.89,7.32,27806.82,7.13,20168.55,7.01,18681.01,7.13,17632.62,7.34,27485.58,7.24,26048.29
273,603637.SH,20211118,7.2,7.55,7.18,7.24,7.18,0.0600000000000005,0.84,40094.81,29813.538,7.16,19218.94,7.01,16930.43,7.13,18719.67,7.19,23279.24,7.19,21902.97,7.32,27465.35,7.07,17533.91,6.99,17526.36,7.13,17470.84,7.34,27456.58,7.23,25810.34
274,603637.SH,20211117,7.09,7.18,7.06,7.18,7.09,0.08999999999999986,1.27,12030.32,8715.061,7.13,14301.98,6.99,15114.65,7.14,18402.18,7.19,23077.24,7.19,21721.04,7.31,27108.28,7.03,15150.4,6.98,16224.74,7.13,17004.09,7.35,27894.33,7.23,25562.15
275,603637.SH,20211116,7.18,7.18,7.09,7.09,7.16,-0.07000000000000028,-0.98,12585.45,9100.674,7.1,14499.13,6.97,15362.09,7.16,19438.0,7.19,23103.89,7.19,21729.39,7.31,27242.81,6.99,15008.69,6.98,16132.66,7.12,17285.7,7.35,28744.87,7.23,25524.84
276,603637.SH,20211115,7.09,7.18,7.09,7.16,7.12,0.040000000000000036,0.56,16931.54,12272.2,7.08,15353.85,6.95,15940.63,7.17,19574.47,7.19,23141.12,7.19,21722.17,7.31,27312.56,6.97,15538.49,7.0,15940.34,7.13,17496.57,7.36,28987.13,7.23,25475.65
277,603637.SH,20211112,7.08,7.13,7.02,7.12,7.09,0.03000000000000025,0.42,14452.59,10378.362,7.04,16282.78,6.93,16139.97,7.18,19705.4,7.19,23156.5,7.19,21672.04,7.31,27512.36,6.95,15494.31,7.01,15849.43,7.13,18494.22,7.36,29467.31,7.22,25395.59
278,603637.SH,20211111,7.05,7.1,7.03,7.09,7.03,0.05999999999999961,0.85,15510.0,11138.227,6.97,15848.87,6.91,16234.65,7.2,20883.53,7.2,23243.84,7.2,21678.66,7.31,27474.35,6.93,15573.75,7.02,16037.4,7.14,18989.14,7.37,29961.25,7.22,25325.06
279,603637.SH,20211110,6.94,7.04,6.9,7.03,6.98,0.04999999999999982,0.72,13016.07,9199.594,6.92,15998.81,6.91,17183.54,7.21,21237.54,7.2,23297.29,7.2,21651.9,7.31,27392.63,6.9,16033.41,7.04,15845.42,7.16,20047.08,7.37,30274.63,7.22,25262.66
280,603637.SH,20211109,6.91,7.0,6.9,6.98,6.96,0.020000000000000462,0.29,16859.03,11885.136,6.88,15518.25,6.91,17377.42,7.22,21823.27,7.2,23368.85,7.2,21628.05,7.31,27360.54,6.88,16684.09,7.06,16090.47,7.18,20187.39,7.38,30451.31,7.22,25222.92
281,603637.SH,20211108,6.8,6.97,6.8,6.96,6.81,0.15000000000000036,2.2,21576.2,15168.888,6.85,15723.14,6.92,17162.29,7.24,22145.56,7.2,23453.3,7.2,21593.25,7.31,27273.43,6.88,16566.53,7.09,16536.7,7.2,20338.2,7.38,30539.67,7.22,25142.34
282,603637.SH,20211105,6.79,6.9,6.77,6.81,6.83,-0.020000000000000462,-0.29,12283.05,8511.959,6.86,14705.84,6.94,16286.33,7.26,22612.48,7.2,23347.23,7.2,21552.3,7.32,27147.41,6.88,17193.47,7.12,16364.66,7.22,21435.95,7.38,30353.9,7.22,25072.18
283,603637.SH,20211104,6.8,6.91,6.77,6.83,6.84,-0.009999999999999787,-0.15,16259.71,11267.264,6.89,15298.64,6.98,16013.72,7.28,23715.1,7.21,23327.75,7.2,21554.41,7.32,27187.32,6.9,17518.82,7.16,17439.31,7.24,21944.74,7.39,30330.22,7.22,25022.88
284,603637.SH,20211103,6.78,6.89,6.78,6.84,6.83,0.009999999999999787,0.15,10613.28,7357.922,6.88,16068.01,7.03,15925.53,7.31,24469.96,7.21,23351.5,7.2,21520.46,7.33,27239.53,6.93,17299.08,7.19,17930.94,7.26,22500.44,7.39,30357.72,7.22,24936.3
285,603637.SH,20211102,6.98,7.0,6.74,6.83,6.98,-0.15000000000000036,-2.15,17883.48,12471.435,6.88,17849.92,7.06,16510.06,7.33,25207.46,7.21,23386.51,7.2,21523.28,7.33,27317.96,6.97,17256.62,7.19,18424.21,7.29,23073.89,7.4,30434.32,7.22,24934.99
286,603637.SH,20211101,6.99,7.06,6.89,6.98,6.95,0.03000000000000025,0.43,16489.68,11660.181,6.9,17409.92,7.11,16032.13,7.35,25901.67,7.21,23316.7,7.21,21589.65,7.33,27248.28,7.03,16342.19,7.21,18475.61,7.31,23726.16,7.4,30312.07,7.22,24866.84
287,603637.SH,20211029,6.9,6.95,6.76,6.95,6.81,0.14000000000000057,2.06,15247.05,10624.342,6.91,19681.1,7.15,16141.92,7.37,26759.03,7.21,23246.73,7.21,21637.42,7.34,27227.4,7.07,16204.54,7.22,19994.18,7.34,24835.58,7.39,30171.61,7.21,24796.86
288,603637.SH,20211028,6.78,6.83,6.66,6.81,6.81,0.0,0.0,20106.55,13743.266,6.92,19738.99,7.2,16952.42,7.39,27786.16,7.21,23182.62,7.21,21626.85,7.34,27155.62,7.11,16501.05,7.25,20696.83,7.36,25724.83,7.39,30134.49,7.22,24728.83
289,603637.SH,20211027,7.04,7.04,6.78,6.81,6.96,-0.15000000000000036,-2.16,19522.86,13581.974,6.99,18530.16,7.26,16800.79,7.42,28813.32,7.22,23100.22,7.21,21579.77,7.35,27098.27,7.17,15657.44,7.3,22053.92,7.39,26244.23,7.4,30021.28,7.22,24616.1
290,603637.SH,20211026,7.01,7.07,6.95,6.96,7.01,-0.04999999999999982,-0.71,15683.44,11128.384,7.07,16663.32,7.32,17897.19,7.45,30705.32,7.22,23040.07,7.2,21550.03,7.35,27053.77,7.24,15496.85,7.33,21939.04,7.41,26976.35,7.4,30064.57,7.22,24554.79
291,603637.SH,20211025,7.31,7.31,6.97,7.01,7.02,-0.009999999999999787,-0.14,27845.6,19982.412,7.15,15274.46,7.35,18697.88,7.47,31570.38,7.22,23018.94,7.2,21578.76,7.35,27141.74,7.3,16506.87,7.36,22224.04,7.44,27974.91,7.4,30100.13,7.22,24528.47
292,603637.SH,20211022,7.13,7.24,7.01,7.02,7.13,-0.11000000000000032,-1.54,15536.52,11142.804,7.23,12727.99,7.34,18131.19,7.49,31782.12,7.22,22871.9,7.2,21453.34,7.35,26932.38,7.36,15535.84,7.39,23557.2,7.46,28719.03,7.41,30167.97,7.22,24417.46
293,603637.SH,20211021,7.25,7.3,7.11,7.13,7.24,-0.11000000000000032,-1.52,14062.38,10227.458,7.29,13263.11,7.36,18390.81,7.51,32434.6,7.22,22834.15,7.2,21420.4,7.36,26988.56,7.42,17359.8,7.41,24157.7,7.48,30035.48,7.41,30102.4,7.22,24405.8
294,603637.SH,20211020,7.44,7.45,7.23,7.24,7.35,-0.10999999999999943,-1.5,10188.66,7516.23,7.36,12784.71,7.36,20913.78,7.52,33069.53,7.22,22844.33,7.19,21413.45,7.36,27084.97,7.44,18562.8,7.43,25101.11,7.51,32361.76,7.41,30024.38,7.22,24403.81
295,603637.SH,20211019,7.38,7.43,7.33,7.35,7.43,-0.08000000000000007,-1.08,8739.12,6540.156,7.41,14330.38,7.38,22383.89,7.53,33515.17,7.22,22865.6,7.19,21432.63,7.36,27354.9,7.41,19591.79,7.44,25982.53,7.52,33525.33,7.4,30031.39,7.22,24484.57
296,603637.SH,20211018,7.31,7.45,7.22,7.43,7.32,0.10999999999999943,1.5,15113.27,11275.984,7.46,17739.28,7.42,25346.14,7.54,34272.31,7.22,22884.27,7.19,21451.53,7.36,27492.93,7.39,20609.04,7.46,27418.14,7.53,34402.18,7.4,30057.82,7.22,24606.65
297,603637.SH,20211015,7.44,7.5,7.32,7.32,7.46,-0.13999999999999968,-1.88,18212.11,13703.094,7.48,18343.69,7.42,25508.6,7.54,34702.77,7.22,22869.64,7.18,21442.04,7.35,27626.09,7.36,23783.81,7.47,29151.09,7.54,35155.77,7.39,30008.02,7.22,24613.16
298,603637.SH,20211014,7.48,7.51,7.38,7.46,7.48,-0.020000000000000462,-0.27,11670.4,8810.218,7.54,21456.49,7.44,25752.55,7.55,35107.73,7.22,22810.82,7.18,21454.22,7.35,27717.03,7.39,24892.6,7.49,30336.72,7.54,35737.03,7.39,29959.09,7.22,24553.12
299,603637.SH,20211013,7.57,7.57,7.39,7.48,7.6,-0.11999999999999922,-1.58,17917.0,13580.569,7.51,24340.89,7.45,29047.8,7.55,35849.47,7.21,22794.7,7.17,21482.42,7.35,28031.54,7.42,28450.41,7.49,31537.62,7.55,36192.7,7.39,30100.84,7.22,24588.1
300,603637.SH,20211012,7.56,7.62,7.42,7.6,7.56,0.040000000000000036,0.53,25783.6,19679.698,7.41,24853.21,7.45,29788.54,7.56,37274.24,7.21,22763.63,7.17,21457.37,7.35,28145.24,7.42,28381.23,7.5,32716.1,7.56,36744.86,7.38,30077.14,7.22,24588.34
301,603637.SH,20211011,7.6,7.64,7.47,7.56,7.6,-0.040000000000000036,-0.53,18135.36,13896.235,7.33,23478.81,7.44,30338.31,7.56,38370.69,7.21,22663.5,7.17,21417.46,7.34,28161.88,7.41,27941.21,7.5,33708.93,7.56,36877.03,7.38,29858.38,7.22,24533.04
302,603637.SH,20211008,7.33,7.66,7.33,7.6,7.33,0.2699999999999996,3.68,33776.07,25925.332,7.24,29223.93,7.44,31083.05,7.55,38634.98,7.21,22596.3,7.16,21368.64,7.34,28432.84,7.42,31578.55,7.51,35310.62,7.55,37338.55,7.37,29804.85,7.21,24607.15
303,603637.SH,20210930,7.02,7.37,6.97,7.33,6.94,0.3899999999999997,5.62,26092.4,19132.745,7.24,28328.72,7.44,31365.77,7.55,38986.93,7.21,22469.88,7.16,21226.33,7.33,28668.85,7.41,30955.6,7.51,36373.33,7.55,37442.33,7.36,29406.31,7.21,24519.07
304,603637.SH,20210929,7.23,7.23,6.89,6.94,7.2,-0.2599999999999998,-3.61,20478.6,14588.475,7.32,32559.93,7.47,33187.3,7.55,39516.23,7.21,22364.99,7.16,21113.82,7.33,30004.52,7.42,31639.42,7.54,39261.24,7.56,38784.56,7.36,29234.85,7.21,24495.98
305,603637.SH,20210928,7.27,7.27,7.1,7.2,7.15,0.04999999999999982,0.7,18911.6,13750.851,7.43,31909.25,7.52,34837.01,7.56,39923.12,7.21,22285.18,7.17,21057.29,7.34,31576.4,7.48,32373.26,7.57,40492.1,7.59,40204.04,7.36,29163.3,7.22,24567.15
306,603637.SH,20210927,7.66,7.66,7.13,7.15,7.58,-0.4299999999999997,-5.67,46861.0,34815.119,7.5,32403.61,7.55,36127.53,7.57,40061.51,7.21,22230.08,7.17,20998.9,7.34,31449.41,7.52,34227.24,7.59,41298.76,7.59,40477.69,7.36,29219.46,7.22,24462.07
307,603637.SH,20210924,7.76,7.76,7.57,7.58,7.75,-0.16999999999999993,-2.19,29300.0,22722.963,7.59,33933.17,7.59,35714.11,7.56,39335.04,7.21,22006.43,7.17,20786.83,7.33,30997.23,7.58,34518.37,7.62,40841.75,7.6,40440.4,7.36,28640.84,7.21,24150.55
308,603637.SH,20210923,7.51,7.81,7.5,7.75,7.49,0.2599999999999998,3.47,47248.46,36960.93,7.58,33582.47,7.59,36971.04,7.55,38780.04,7.21,21890.73,7.17,20662.6,7.33,30789.17,7.59,35780.85,7.62,41159.25,7.6,40933.36,7.36,28481.67,7.21,24070.38
309,603637.SH,20210922,7.49,7.58,7.43,7.49,7.54,-0.04999999999999982,-0.66,17225.2,13080.052,7.51,30718.92,7.58,37195.71,7.53,37709.86,7.2,21635.69,7.16,20454.94,7.31,30418.32,7.57,34624.84,7.62,40063.84,7.58,40502.17,7.35,28049.08,7.21,23807.1
310,603637.SH,20210917,7.57,7.63,7.47,7.54,7.57,-0.03000000000000025,-0.4,21383.4,16368.928,7.53,32837.27,7.6,40103.79,7.52,37729.98,7.2,21593.08,7.16,20418.85,7.31,30346.34,7.58,37050.97,7.63,40926.68,7.58,40715.22,7.34,28269.22,7.2,23728.81
311,603637.SH,20210916,7.55,7.84,7.5,7.57,7.54,0.03000000000000025,0.4,54508.77,42636.785,7.54,36050.87,7.63,44908.97,7.51,37548.4,7.2,21646.67,7.16,20432.64,7.3,30252.04,7.59,39476.65,7.63,41344.95,7.56,40741.15,7.34,28231.02,7.2,23604.07
312,603637.SH,20210915,7.46,7.54,7.35,7.54,7.42,0.1200000000000001,1.62,27546.54,20836.909,7.57,35103.58,7.63,44184.89,7.49,36255.44,7.19,21438.71,7.16,20213.86,7.29,29745.93,7.6,39042.69,7.62,40218.55,7.55,39271.85,7.33,27740.87,7.2,23199.96
313,603637.SH,20210914,7.58,7.61,7.41,7.42,7.58,-0.16000000000000014,-2.11,32930.67,25051.78,7.59,37979.22,7.64,44761.67,7.47,35682.37,7.19,21340.89,7.17,20327.56,7.28,29547.04,7.62,41791.06,7.63,40685.7,7.53,38715.71,7.33,27698.99,7.19,23039.08
314,603637.SH,20210913,7.59,7.62,7.52,7.58,7.59,-0.009999999999999787,-0.13,27816.97,21309.6,7.63,38530.76,7.66,45130.15,7.45,35096.76,7.18,21196.58,7.17,20302.25,7.27,29204.16,7.66,46883.06,7.63,42357.13,7.52,38215.0,7.33,27737.78,7.19,22855.16
315,603637.SH,20210910,7.71,7.78,7.58,7.59,7.74,-0.15000000000000036,-1.94,37451.4,29077.923,7.63,41264.67,7.66,45732.69,7.44,34670.2,7.17,21104.09,7.17,20280.25,7.26,29003.71,7.66,48610.94,7.64,44119.43,7.5,37794.75,7.32,27714.91,7.19,22728.7
316,603637.SH,20210909,7.59,7.79,7.58,7.74,7.63,0.11000000000000032,1.44,49772.33,38987.047,7.63,42902.43,7.66,44801.07,7.42,34219.29,7.17,20986.64,7.17,20220.99,7.25,28613.14,7.67,48370.27,7.63,43602.91,7.48,36897.98,7.31,27541.24,7.18,22472.2
317,603637.SH,20210908,7.58,7.64,7.53,7.63,7.59,0.040000000000000036,0.53,41924.73,32271.318,7.62,42981.8,7.66,43624.88,7.4,33279.42,7.16,20687.17,7.17,20296.81,7.24,28073.5,7.66,47165.13,7.61,43401.41,7.45,35507.64,7.3,27352.66,7.18,22141.6
318,603637.SH,20210907,7.62,7.68,7.57,7.59,7.62,-0.03000000000000025,-0.39,35688.38,27517.736,7.64,45602.9,7.65,42688.27,7.39,32985.06,7.15,20465.26,7.17,20467.62,7.23,27648.85,7.66,46537.65,7.6,43509.61,7.43,34544.14,7.3,27511.86,7.17,21921.63
319,603637.SH,20210906,7.59,7.63,7.45,7.62,7.59,0.03000000000000025,0.4,41486.53,31787.471,7.7,55235.37,7.64,42403.08,7.38,32276.63,7.15,20306.93,7.17,20333.68,7.22,27310.49,7.66,45502.85,7.59,43440.84,7.41,33798.33,7.29,29021.52,7.17,21734.65
320,603637.SH,20210903,7.66,7.66,7.54,7.59,7.66,-0.07000000000000028,-0.91,45640.18,35165.52,7.68,55957.2,7.64,42049.45,7.36,31332.36,7.14,20112.08,7.16,20162.9,7.21,26858.06,7.67,44802.38,7.57,42547.35,7.39,33152.8,7.29,30636.23,7.17,21484.17
321,603637.SH,20210902,7.69,7.72,7.56,7.66,7.73,-0.07000000000000028,-0.91,50169.18,38724.673,7.7,53838.11,7.64,43643.23,7.34,30302.03,7.13,19878.01,7.16,19948.87,7.2,26338.61,7.67,43213.24,7.55,41373.4,7.37,32225.35,7.28,30032.02,7.16,21212.22
322,603637.SH,20210901,7.89,7.97,7.69,7.73,7.88,-0.14999999999999947,-1.9,55030.24,43523.626,7.7,51348.45,7.64,44635.06,7.32,29130.15,7.12,19623.43,7.16,19711.81,7.19,25767.35,7.65,41394.41,7.52,39386.42,7.36,31616.92,7.27,29411.66,7.16,20875.33
323,603637.SH,20210831,7.56,7.94,7.51,7.88,7.56,0.3200000000000003,4.23,83850.71,66217.565,7.68,47472.39,7.62,42488.21,7.31,27868.24,7.12,19382.05,7.16,19432.21,7.17,25113.46,7.64,39580.33,7.49,37178.03,7.34,30169.31,7.26,28722.75,7.15,20494.65
324,603637.SH,20210830,7.7,7.72,7.53,7.56,7.68,-0.1200000000000001,-1.56,45095.69,34773.898,7.63,35770.33,7.58,39556.79,7.29,25851.34,7.11,18913.89,7.16,18990.01,7.16,24102.41,7.61,37831.19,7.45,33880.97,7.31,27686.99,7.24,27649.14,7.15,19907.92
325,603637.SH,20210827,7.72,7.75,7.6,7.68,7.67,0.009999999999999787,0.13,35044.74,27302.574,7.66,33647.56,7.57,39479.34,7.28,25118.4,7.1,18695.75,7.16,18763.79,7.15,23611.11,7.62,39627.92,7.42,32386.66,7.29,26537.44,7.23,27094.67,7.15,19626.83
326,603637.SH,20210826,7.59,7.75,7.59,7.67,7.61,0.05999999999999961,0.79,37720.88,29388.391,7.63,32588.38,7.55,39423.04,7.26,24572.82,7.1,18584.6,7.16,18587.25,7.14,23239.7,7.59,38835.56,7.39,31161.84,7.27,25713.46,7.21,26749.1,7.14,19405.28
327,603637.SH,20210825,7.59,7.66,7.56,7.61,7.62,-0.009999999999999787,-0.13,35649.93,27460.96,7.6,31440.37,7.51,38338.1,7.24,23835.67,7.1,18391.29,7.16,18399.25,7.13,22912.19,7.56,39637.69,7.35,29678.9,7.25,24860.27,7.2,26396.26,7.14,19220.7
328,603637.SH,20210824,7.72,7.75,7.58,7.62,7.7,-0.08000000000000007,-1.04,25340.41,19631.846,7.59,31688.27,7.48,37300.5,7.23,23226.07,7.1,18211.26,7.16,18215.3,7.12,22521.74,7.55,40481.58,7.31,28547.39,7.24,24181.14,7.19,26012.59,7.14,19015.18
329,603637.SH,20210823,7.61,7.73,7.53,7.7,7.55,0.15000000000000036,1.99,34481.85,26794.145,7.59,39892.05,7.44,36153.53,7.22,22770.87,7.09,18084.44,7.17,18094.52,7.11,22262.15,7.52,41378.82,7.28,27946.07,7.23,24008.99,7.18,25710.5,7.13,18878.9
330,603637.SH,20210820,7.49,7.66,7.49,7.55,7.5,0.04999999999999982,0.67,29748.82,22836.48,7.58,45608.27,7.39,34336.65,7.2,22221.55,7.09,17920.85,7.17,17942.01,7.1,21941.79,7.47,40292.31,7.25,27328.0,7.21,23409.43,7.16,25348.85,7.13,18683.03
331,603637.SH,20210819,7.54,7.72,7.49,7.5,7.6,-0.09999999999999964,-1.32,31980.84,24658.041,7.55,45082.74,7.35,33425.92,7.2,21822.63,7.09,17777.07,7.17,17821.79,7.09,21674.55,7.43,39533.55,7.23,26731.4,7.19,22839.72,7.15,24989.02,7.13,18557.25
332,603637.SH,20210818,7.54,7.7,7.5,7.6,7.59,0.009999999999999787,0.13,36889.44,28473.393,7.53,47835.01,7.32,32135.82,7.18,21537.35,7.09,17631.51,7.18,17666.34,7.08,21356.03,7.39,37378.44,7.22,26728.18,7.18,22271.14,7.14,24610.99,7.12,18396.07
333,603637.SH,20210817,7.76,7.76,7.51,7.59,7.64,-0.04999999999999982,-0.65,66359.29,51584.64,7.51,49274.89,7.27,30109.59,7.17,20809.54,7.09,17433.01,7.18,17484.03,7.07,20958.62,7.34,34775.73,7.19,25463.79,7.17,21370.28,7.13,24164.1,7.12,18176.34
334,603637.SH,20210816,7.38,7.74,7.36,7.64,7.4,0.23999999999999932,3.24,63062.98,48691.472,7.45,42865.6,7.21,25625.18,7.16,19438.67,7.09,17056.58,7.18,17144.62,7.06,20161.56,7.29,29930.74,7.16,22614.89,7.16,19685.15,7.12,23229.97,7.12,17715.77
335,603637.SH,20210813,7.42,7.47,7.3,7.4,7.42,-0.019999999999999574,-0.27,27121.13,20301.008,7.37,34976.35,7.15,21775.71,7.15,18210.14,7.08,16695.9,7.19,16810.27,7.05,19482.93,7.23,25145.4,7.13,19992.2,7.14,18122.56,7.1,22304.82,7.11,17432.74
336,603637.SH,20210812,7.49,7.62,7.37,7.42,7.48,-0.0600000000000005,-0.8,45742.21,34624.816,7.32,33984.36,7.13,20713.62,7.14,18307.56,7.08,16672.25,7.19,16680.85,7.05,19288.3,7.19,23488.12,7.12,19152.42,7.13,17961.23,7.09,21964.16,7.11,17411.42
337,603637.SH,20210811,7.37,7.53,7.32,7.48,7.32,0.16000000000000014,2.19,44088.86,33327.017,7.26,26921.87,7.1,18896.57,7.14,17523.72,7.09,16476.37,7.2,16458.05,7.05,18872.07,7.13,19720.1,7.1,17471.56,7.13,16841.29,7.08,21323.87,7.1,17142.41
338,603637.SH,20210810,7.24,7.37,7.15,7.32,7.23,0.08999999999999986,1.24,34312.82,25362.095,7.18,20276.57,7.07,16875.63,7.13,16965.22,7.09,16494.93,7.21,16237.31,7.04,18472.72,7.07,16613.2,7.08,16030.92,7.12,16029.98,7.07,20688.87,7.1,16876.25
339,603637.SH,20210809,7.19,7.23,7.13,7.23,7.14,0.09000000000000075,1.26,23616.71,17231.459,7.12,16995.89,7.07,16691.29,7.13,16692.29,7.09,16455.62,7.21,16101.89,7.04,18199.52,7.04,14513.31,7.08,15324.07,7.11,15595.99,7.06,20250.69,7.09,16711.12
340,603637.SH,20210806,7.11,7.24,7.06,7.14,7.11,0.02999999999999936,0.42,22161.19,16066.147,7.09,15314.45,7.06,15767.07,7.13,17034.7,7.09,16458.97,7.22,16016.04,7.04,18149.7,7.02,14363.7,7.08,14967.98,7.11,15823.21,7.06,19994.54,7.08,16685.48
341,603637.SH,20210805,7.11,7.13,7.03,7.11,7.08,0.03000000000000025,0.42,10429.75,7492.584,7.05,12991.89,7.05,14784.0,7.13,17160.68,7.1,16495.6,7.23,15915.85,7.05,18166.07,7.03,13929.25,7.08,14492.81,7.12,15720.9,7.05,19745.01,7.08,16556.21
342,603637.SH,20210804,7.02,7.15,7.02,7.08,7.06,0.020000000000000462,0.28,10862.36,7788.816,7.0,12518.34,7.04,14797.8,7.13,17648.97,7.1,16857.8,7.24,15911.75,7.05,18238.94,7.04,16077.91,7.08,14717.5,7.12,16209.9,7.05,19790.47,7.08,16552.38
343,603637.SH,20210803,7.08,7.26,7.04,7.06,7.08,-0.020000000000000462,-0.28,17909.43,12969.482,6.96,12949.84,7.04,14756.49,7.14,18460.59,7.11,17273.98,7.25,15937.74,7.05,18240.86,7.04,16151.86,7.08,14667.56,7.12,16682.27,7.05,19715.54,7.07,16569.26
344,603637.SH,20210802,6.85,7.12,6.85,7.08,6.94,0.13999999999999968,2.02,15209.51,10828.983,6.96,12030.74,7.04,14311.55,7.14,19447.86,7.11,17240.25,7.26,15868.18,7.05,18213.65,7.04,15299.04,7.09,14562.35,7.13,17260.57,7.04,19514.89,7.07,16531.92
345,603637.SH,20210730,6.86,6.96,6.75,6.94,6.85,0.09000000000000075,1.31,10548.39,7361.654,6.95,13412.95,7.05,14316.67,7.15,22714.27,7.11,17222.3,7.26,15836.77,7.06,18250.13,7.03,14839.01,7.1,14611.14,7.14,17635.07,7.04,19435.65,7.06,16504.62
346,603637.SH,20210729,6.9,6.95,6.85,6.85,6.88,-0.03000000000000025,-0.44,8062.0,5645.726,7.0,14866.61,7.07,15057.23,7.17,26473.71,7.11,17214.81,7.27,15816.17,7.06,18364.78,7.05,14816.71,7.11,15197.78,7.15,18184.51,7.03,19421.6,7.06,16529.3
347,603637.SH,20210728,7.05,7.05,6.75,6.88,7.05,-0.16999999999999993,-2.41,13019.85,9116.13,7.08,19637.49,7.1,15705.93,7.17,26512.71,7.12,17229.0,7.28,15815.88,7.07,18617.67,7.07,15223.02,7.12,15401.89,7.16,19197.69,7.04,19422.1,7.06,16631.04
348,603637.SH,20210727,7.03,7.15,7.01,7.05,7.05,0.0,0.0,13313.96,9551.107,7.12,19353.88,7.12,15678.07,7.17,26510.58,7.12,17192.6,7.29,15798.14,7.07,18753.5,7.1,15448.64,7.14,15738.38,7.17,20479.58,7.04,19323.17,7.06,16659.51
349,603637.SH,20210726,7.12,7.12,6.91,7.05,7.15,-0.10000000000000053,-1.4,22120.54,15763.677,7.12,18567.34,7.12,15801.88,7.17,26521.8,7.13,17163.46,7.3,15766.72,7.08,18886.93,7.12,16134.82,7.15,16137.33,7.18,24244.7,7.04,19210.93,7.06,16662.59
350,603637.SH,20210723,7.23,7.24,7.15,7.15,7.25,-0.09999999999999964,-1.38,17816.72,12974.831,7.11,16265.07,7.13,14859.04,7.16,26442.8,7.13,17057.52,7.31,15696.28,7.08,18978.91,7.13,15572.27,7.16,16552.97,7.19,28119.66,7.03,19045.01,7.06,16636.91
351,603637.SH,20210722,7.06,7.27,7.06,7.25,7.08,0.16999999999999993,2.4,31916.37,23301.205,7.09,14766.8,7.14,14704.31,7.16,26266.63,7.14,16969.97,7.31,15617.83,7.08,18825.39,7.13,15056.37,7.16,16616.73,7.19,27838.7,7.03,18956.81,7.06,16570.81
352,603637.SH,20210721,7.05,7.14,7.04,7.08,7.05,0.03000000000000025,0.43,11601.82,8329.684,7.06,10808.56,7.14,13494.23,7.14,25748.82,7.14,16789.64,7.32,15471.81,7.08,18526.2,7.11,13357.08,7.16,16275.9,7.18,27206.41,7.03,18666.94,7.06,16385.88
353,603637.SH,20210720,7.01,7.09,6.96,7.05,7.03,0.019999999999999574,0.28,9381.27,6690.988,7.08,11543.41,7.14,14315.73,7.14,25894.37,7.15,16740.76,7.33,15474.14,7.08,18633.92,7.13,13183.26,7.17,16947.47,7.17,27276.19,7.03,18709.2,7.06,16348.18
354,603637.SH,20210719,7.04,7.1,6.98,7.03,7.06,-0.02999999999999936,-0.42,10609.19,7555.008,7.12,13702.29,7.15,14528.25,7.13,25989.91,7.15,16709.84,7.34,15489.61,7.08,18717.57,7.15,13825.65,7.18,18241.33,7.17,27611.3,7.04,18783.24,7.07,16361.06
355,603637.SH,20210716,7.08,7.12,7.03,7.06,7.09,-0.03000000000000025,-0.42,10325.36,7397.848,7.14,14879.47,7.16,15231.36,7.13,25890.08,7.16,16696.63,7.34,15491.88,7.08,18680.51,7.17,14383.27,7.19,19033.09,7.16,27651.89,7.04,18937.75,7.07,16348.01
356,603637.SH,20210715,7.18,7.18,7.05,7.09,7.18,-0.08999999999999986,-1.25,12125.17,8723.147,7.16,15345.93,7.17,16075.03,7.12,25962.35,7.17,16690.43,7.35,15490.44,7.09,18628.37,7.17,15578.86,7.2,19868.41,7.16,27784.74,7.05,19155.48,7.07,16353.81
357,603637.SH,20210714,7.23,7.29,7.17,7.18,7.23,-0.05000000000000071,-0.69,15276.05,11154.846,7.17,15905.6,7.19,17483.34,7.12,25845.7,7.17,16645.87,7.36,15488.13,7.09,18546.9,7.18,15580.75,7.2,21185.02,7.15,27932.25,7.05,19218.31,7.07,16321.97
358,603637.SH,20210713,7.12,7.23,7.08,7.23,7.16,0.07000000000000028,0.98,20175.68,14658.031,7.17,14823.11,7.19,17776.87,7.11,25669.91,7.18,16582.0,7.37,15456.42,7.08,18453.11,7.18,16028.11,7.2,22995.05,7.14,27844.04,7.05,19147.15,7.07,16295.95
359,603637.SH,20210712,7.15,7.2,7.12,7.16,7.13,0.03000000000000025,0.42,16495.08,11967.309,7.17,13949.02,7.19,18155.65,7.1,25372.87,7.19,16504.39,7.37,15436.35,7.08,18328.9,7.18,16139.85,7.2,28299.65,7.13,27412.01,7.05,19075.36,7.07,16220.53
360,603637.SH,20210709,7.06,7.14,7.01,7.13,7.13,0.0,0.0,12657.68,9075.687,7.19,13887.08,7.19,18812.43,7.09,25190.99,7.2,16435.37,7.38,15554.47,7.09,18277.52,7.19,17533.66,7.23,34393.36,7.12,27288.27,7.05,19099.54,7.08,16280.7
361,603637.SH,20210708,7.21,7.21,7.07,7.13,7.19,-0.0600000000000005,-0.83,14923.5,10772.128,7.18,15811.79,7.21,20550.96,7.08,25040.88,7.21,16383.92,7.39,15754.69,7.09,18197.7,7.2,18177.09,7.22,34229.86,7.11,27138.31,7.06,19207.7,7.08,16321.34
362,603637.SH,20210707,7.23,7.25,7.16,7.19,7.25,-0.05999999999999961,-0.83,9863.6,7195.533,7.19,15255.9,7.21,21437.18,7.07,24798.47,7.22,16336.47,7.4,15712.87,7.08,18133.4,7.2,19194.71,7.21,34131.07,7.1,26950.83,7.06,19409.45,7.09,16586.66
363,603637.SH,20210706,7.24,7.28,7.13,7.25,7.24,0.009999999999999787,0.14,15805.22,11561.405,7.19,17233.11,7.21,22757.8,7.05,24723.81,7.23,16315.08,7.41,15708.19,7.09,18208.92,7.21,20711.68,7.2,34322.66,7.09,26957.93,7.06,19631.84,7.09,16743.23
364,603637.SH,20210705,7.1,7.24,7.02,7.24,7.1,0.14000000000000057,1.97,16185.4,11780.11,7.18,18330.69,7.21,24500.27,7.04,24435.08,7.24,16284.67,7.43,15680.76,7.08,18174.87,7.21,22657.01,7.18,34504.12,7.07,26774.79,7.07,19757.11,7.09,16812.35
365,603637.SH,20210702,7.15,7.29,7.08,7.1,7.18,-0.08000000000000007,-1.11,22281.24,16192.048,7.2,21180.24,7.21,27214.98,7.03,24194.98,7.24,16235.52,7.44,15651.56,7.08,18111.45,7.21,23682.91,7.16,34286.2,7.06,26487.08,7.07,19971.01,7.1,16906.11
366,603637.SH,20210701,7.2,7.2,7.14,7.18,7.18,0.0,0.0,12144.04,8825.012,7.21,20542.38,7.22,35213.94,7.02,23782.24,7.25,16117.11,7.45,15571.05,7.08,17987.77,7.22,24157.95,7.15,33887.67,7.05,25967.09,7.07,19704.69,7.1,17241.98
367,603637.SH,20210630,7.22,7.27,7.16,7.18,7.21,-0.03000000000000025,-0.42,19749.64,14383.195,7.21,23133.53,7.26,44923.58,7.01,23636.51,7.26,16100.39,7.46,15551.26,7.08,17955.76,7.22,26789.28,7.13,34108.0,7.04,25806.45,7.07,19660.25,7.11,17730.72
368,603637.SH,20210629,7.26,7.33,7.2,7.21,7.31,-0.09999999999999964,-1.37,21293.12,15655.181,7.22,24190.25,7.24,44126.51,7.01,23442.61,7.27,16069.17,7.48,15515.97,7.08,17817.08,7.23,29961.99,7.12,33752.01,7.02,25347.75,7.07,19659.1,7.11,17674.9
369,603637.SH,20210628,7.18,7.31,7.13,7.31,7.19,0.11999999999999922,1.67,30433.18,22316.549,7.24,26983.33,7.22,43484.55,7.0,23003.6,7.28,15964.05,7.49,15464.59,7.08,17712.41,7.23,40459.44,7.1,33048.09,7.01,24905.38,7.06,19565.13,7.11,17602.67
370,603637.SH,20210625,7.15,7.22,7.09,7.19,7.14,0.05000000000000071,0.7,19091.94,13844.21,7.22,26185.58,7.19,42197.03,6.98,22281.17,7.29,15821.46,7.51,15390.59,7.08,17458.16,7.26,51253.06,7.08,32165.57,7.0,24165.87,7.06,19188.41,7.11,17427.97
371,603637.SH,20210624,7.24,7.29,7.12,7.14,7.26,-0.1200000000000001,-1.65,25099.76,18263.642,7.23,27773.51,7.17,42223.37,6.97,22027.15,7.3,15737.95,7.52,15390.09,7.08,17316.39,7.24,50282.64,7.06,31618.92,6.99,23769.11,7.06,18977.12,7.11,17353.09
372,603637.SH,20210623,7.39,7.39,7.22,7.26,7.31,-0.04999999999999982,-0.68,25033.27,18452.897,7.23,30445.04,7.15,41202.39,6.96,21574.37,7.31,15619.3,7.54,15404.78,7.09,17189.34,7.22,49067.42,7.05,30828.89,6.98,23371.03,7.06,18659.04,7.11,17208.74
373,603637.SH,20210622,7.21,7.35,7.21,7.31,7.21,0.09999999999999964,1.39,35258.52,26045.104,7.24,35733.72,7.11,40377.58,6.95,21076.1,7.32,15515.04,7.55,15535.87,7.09,17002.07,7.19,47933.64,7.03,30081.05,6.97,22748.81,7.06,18379.18,7.12,17076.11
374,603637.SH,20210621,7.16,7.27,7.15,7.21,7.21,0.0,0.0,26444.41,19325.937,7.22,53935.55,7.08,38938.51,6.94,20247.44,7.32,15325.78,7.57,15578.54,7.09,16651.77,7.15,46351.23,7.01,28833.68,6.95,21769.21,7.06,17972.54,7.12,16839.5
375,603637.SH,20210618,7.15,7.24,7.13,7.21,7.18,0.03000000000000025,0.42,27031.61,19710.149,7.3,76320.54,7.05,37875.84,6.93,19663.17,7.33,15213.09,7.58,15612.41,7.09,16445.55,7.11,44889.49,6.98,27889.16,6.94,21236.24,7.06,17742.49,7.13,16662.54
376,603637.SH,20210617,7.22,7.24,7.08,7.18,7.27,-0.08999999999999986,-1.24,38457.4,27868.376,7.24,72791.76,7.03,36351.47,6.92,19225.94,7.34,15057.03,7.6,15560.82,7.09,16280.53,7.08,43617.4,6.96,26871.66,6.92,20658.7,7.06,17403.15,7.13,16486.86
377,603637.SH,20210616,7.35,7.43,7.22,7.27,7.24,0.02999999999999936,0.41,51476.67,38076.595,7.2,67689.8,7.01,34376.5,6.92,18463.21,7.35,14840.23,7.61,15632.41,7.08,15936.29,7.04,41426.72,6.94,25315.03,6.91,19646.52,7.05,16930.54,7.14,16204.4
378,603637.SH,20210615,7.63,7.67,7.23,7.24,7.61,-0.3700000000000001,-4.86,126267.66,94745.844,7.14,60133.56,6.98,31044.37,6.92,17376.38,7.35,14566.05,7.63,15860.12,7.08,15390.23,7.01,37542.03,6.92,23040.63,6.91,18166.76,7.05,16331.4,7.15,15816.5
379,603637.SH,20210611,7.0,7.61,7.0,7.61,6.92,0.6900000000000004,9.97,138369.37,104411.44,7.08,38766.91,6.95,22046.79,6.91,14078.43,7.36,13772.5,7.64,15258.55,7.08,13854.53,6.97,25636.74,6.9,17128.35,6.9,14177.15,7.05,14447.79,7.15,14836.83
380,603637.SH,20210610,6.95,6.98,6.92,6.92,6.97,-0.04999999999999982,-0.72,9387.71,6613.615,6.92,13458.43,6.89,12178.1,6.91,10415.31,7.37,12887.94,7.66,14641.38,7.07,12397.6,6.9,13078.07,6.86,10622.28,6.87,9970.36,7.04,12332.11,7.16,13762.35
381,603637.SH,20210609,6.94,6.98,6.91,6.97,6.95,0.019999999999999574,0.29,12947.6,9135.836,6.91,14443.03,6.88,12249.14,6.92,10723.9,7.38,12892.76,7.68,14733.8,7.08,12599.94,6.89,12955.2,6.86,10512.35,6.88,10074.92,7.05,12392.41,7.17,13731.7
382,603637.SH,20210608,6.93,6.99,6.88,6.95,6.93,0.020000000000000462,0.29,13695.46,9637.296,6.89,15163.64,6.87,11834.25,6.93,11031.01,7.39,12884.34,7.7,14916.77,7.07,12606.78,6.88,12590.36,6.86,10522.83,6.88,10127.48,7.05,12339.0,7.18,13674.45
383,603637.SH,20210607,6.87,6.95,6.85,6.93,6.85,0.08000000000000007,1.17,19434.4,13610.159,6.87,14950.5,6.86,11294.71,6.95,11095.7,7.4,12858.1,7.71,15077.83,7.07,12586.17,6.87,12228.46,6.86,10156.39,6.89,10142.21,7.05,12266.55,7.19,13635.32
384,603637.SH,20210604,6.85,6.87,6.81,6.85,6.84,0.009999999999999787,0.15,11827.0,8208.945,6.86,12506.57,6.84,10363.22,6.95,10847.82,7.4,12839.7,7.73,15032.48,7.06,12520.35,6.86,11316.13,6.85,9478.19,6.9,9955.18,7.05,12166.69,7.2,13528.01
385,603637.SH,20210603,6.88,6.91,6.84,6.84,6.86,-0.020000000000000462,-0.29,14310.7,9960.928,6.87,12697.72,6.84,9914.11,6.97,10966.68,7.41,13010.73,7.75,15045.77,7.06,12636.51,6.86,10888.83,6.85,9409.61,6.92,10223.61,7.06,12158.99,7.21,13473.19
386,603637.SH,20210602,6.88,6.93,6.83,6.86,6.88,-0.019999999999999574,-0.29,16550.66,11542.365,6.88,11467.38,6.84,9430.36,6.97,11073.6,7.43,13234.23,7.76,15022.55,7.06,12534.35,6.85,10125.91,6.85,9179.34,6.94,10526.22,7.07,12061.46,7.23,13421.35
387,603637.SH,20210601,6.89,6.91,6.8,6.88,6.89,-0.009999999999999787,-0.15,12629.72,8988.281,6.88,10017.08,6.84,8791.7,6.99,11149.97,7.44,13173.85,7.78,14975.86,7.05,12446.61,6.84,9203.35,6.85,8756.42,6.96,10504.36,7.08,12045.14,7.24,13339.97
388,603637.SH,20210531,6.88,6.91,6.84,6.89,6.88,0.009999999999999787,0.15,7214.76,5145.291,6.87,9506.42,6.85,8373.19,7.0,11573.47,7.46,13149.15,7.8,14976.91,7.05,12450.05,6.84,8539.23,6.86,8479.13,6.97,10450.26,7.09,12017.77,7.26,13329.93
389,603637.SH,20210528,6.87,6.94,6.85,6.88,6.89,-0.009999999999999787,-0.15,12782.74,9151.313,6.86,10125.7,6.85,8830.3,7.02,12043.83,7.48,13176.62,7.81,14996.24,7.05,12532.91,6.83,8619.96,6.86,8447.35,6.98,10738.71,7.09,12047.3,7.27,13345.71
390,603637.SH,20210527,6.84,6.91,6.84,6.89,6.84,0.04999999999999982,0.73,8159.0,5818.105,6.84,9079.95,6.85,8336.75,7.03,12353.78,7.5,13165.98,7.83,15027.67,7.04,12521.58,6.83,8166.48,6.86,8416.5,6.99,10910.82,7.1,12017.22,7.28,13282.77
391,603637.SH,20210526,6.86,6.87,6.81,6.84,6.84,0.0,0.0,9299.2,6600.189,6.82,8784.45,6.84,8160.72,7.05,12967.32,7.51,13169.56,7.85,15097.11,7.04,12592.93,6.83,8069.5,6.87,8634.78,7.0,11277.09,7.1,12125.49,7.3,13295.91
392,603637.SH,20210525,6.85,6.86,6.82,6.84,6.84,0.0,0.0,10076.4,7137.729,6.81,8389.61,6.84,8249.65,7.05,12879.17,7.53,13166.09,7.86,15182.79,7.04,12739.22,6.85,8455.3,6.88,8896.04,7.02,11868.08,7.11,12181.15,7.31,13345.54
393,603637.SH,20210524,6.8,6.86,6.79,6.84,6.8,0.040000000000000036,0.59,10311.17,7305.277,6.8,7572.05,6.84,8221.11,7.06,12861.56,7.55,13191.85,7.88,15234.78,7.04,12824.01,6.85,8084.32,6.9,9099.09,7.04,12305.76,7.11,12188.58,7.33,13312.86
394,603637.SH,20210521,6.78,6.81,6.76,6.8,6.78,0.019999999999999574,0.29,7554.0,5311.22,6.8,7114.21,6.84,8050.41,7.07,13137.13,7.57,13207.81,7.89,15264.67,7.04,12868.98,6.84,7640.25,6.92,9274.71,7.06,12739.43,7.12,12201.57,7.34,13309.45
395,603637.SH,20210520,6.79,6.8,6.74,6.78,6.78,0.0,0.0,6681.5,4687.921,6.82,7253.01,6.86,8014.25,7.08,13375.39,7.59,13279.85,7.91,15294.28,7.04,13022.11,6.84,7930.38,6.95,9890.99,7.08,13454.94,7.12,12560.66,7.35,13305.38
396,603637.SH,20210519,6.81,6.82,6.75,6.78,6.81,-0.02999999999999936,-0.44,7324.97,5145.178,6.85,7354.55,6.87,8006.39,7.09,13409.18,7.61,13365.45,7.93,15377.74,7.04,13064.83,6.85,8232.77,6.98,10726.37,7.09,13442.29,7.13,12858.68,7.37,13316.48
397,603637.SH,20210518,6.8,6.84,6.77,6.81,6.83,-0.020000000000000462,-0.29,5988.59,4218.5,6.88,8520.99,6.88,8378.75,7.1,13382.4,7.63,13506.13,7.94,15400.24,7.05,13096.83,6.86,8309.49,7.01,11154.87,7.1,13514.05,7.13,12960.94,7.38,13338.95
398,603637.SH,20210517,6.91,6.91,6.81,6.83,6.92,-0.08999999999999986,-1.3,8022.0,5700.093,6.89,8596.59,6.9,8881.52,7.11,13383.18,7.65,13792.22,7.96,15443.03,7.06,13111.35,6.88,8419.02,7.03,11405.77,7.11,13970.44,7.12,13063.63,7.39,13355.75
399,603637.SH,20210514,6.93,6.96,6.85,6.92,6.89,0.03000000000000025,0.44,8248.0,5916.324,6.88,8166.3,6.92,9381.71,7.12,13389.63,7.67,14031.44,7.98,15491.5,7.07,13150.07,6.89,8274.75,7.05,11798.09,7.12,14224.87,7.12,13171.56,7.41,13374.04
400,603637.SH,20210513,6.96,6.97,6.88,6.89,6.96,-0.07000000000000028,-1.01,7189.2,5160.877,6.85,8607.76,6.94,9834.74,7.13,13466.47,7.69,14197.56,7.99,15526.02,7.08,13160.68,6.89,8666.52,7.06,12282.99,7.12,14210.95,7.11,13376.41,7.42,13343.29
401,603637.SH,20210512,6.84,6.97,6.78,6.96,6.84,0.1200000000000001,1.75,13157.17,9387.745,6.84,9111.0,6.97,10345.07,7.14,13626.83,7.71,14274.81,8.01,15607.98,7.08,13211.77,6.9,9200.05,7.09,12880.89,7.13,14185.13,7.11,13367.41,7.43,13343.7
402,603637.SH,20210511,6.79,6.93,6.77,6.84,6.8,0.040000000000000036,0.59,6366.59,4507.417,6.83,8097.99,7.0,10862.19,7.14,13436.06,7.73,14534.53,8.03,15856.54,7.09,13147.07,6.91,9336.78,7.11,13574.46,7.14,13947.05,7.1,13314.29,7.44,13334.02
403,603637.SH,20210510,6.76,6.81,6.73,6.8,6.78,0.019999999999999574,0.29,5870.53,4116.381,6.86,8241.44,7.05,12171.61,7.15,13545.89,7.75,15115.03,8.05,16459.73,7.09,13224.23,6.95,10113.86,7.13,14416.48,7.15,14009.55,7.1,13422.98,7.46,13380.93
404,603637.SH,20210507,6.84,6.84,6.74,6.78,6.84,-0.05999999999999961,-0.88,10455.3,7337.911,6.89,8383.19,7.09,12942.72,7.16,13829.93,7.77,15245.12,8.07,16605.63,7.1,13294.3,7.01,10909.16,7.16,15289.01,7.16,14175.88,7.1,13548.95,7.47,13423.61
405,603637.SH,20210506,6.92,6.97,6.82,6.84,6.9,-0.0600000000000005,-0.87,9705.4,6925.486,6.92,8725.28,7.13,12985.13,7.17,13912.17,7.8,15409.09,8.09,16719.59,7.11,13471.09,7.06,11851.6,7.19,16217.22,7.18,14248.75,7.09,13573.58,7.48,13420.5
406,603637.SH,20210430,7.07,7.07,6.86,6.9,7.0,-0.09999999999999964,-1.43,8092.13,5800.357,6.96,9289.1,7.16,13459.2,7.18,13962.86,7.82,15515.34,8.11,16884.54,7.12,13575.49,7.12,13219.97,7.21,16047.05,7.19,14147.6,7.09,13636.99,7.49,13437.42
407,603637.SH,20210429,6.98,7.01,6.9,7.0,6.94,0.05999999999999961,0.86,7083.86,5115.703,7.0,10575.58,7.17,14217.19,7.19,14107.37,7.84,15763.8,8.13,17205.22,7.13,14091.09,7.17,14000.25,7.22,16116.33,7.19,14214.56,7.09,13839.98,7.5,13452.63
408,603637.SH,20210428,6.97,6.97,6.87,6.94,6.9,0.040000000000000036,0.58,6579.28,4716.685,7.04,11986.28,7.2,15145.14,7.19,14185.57,7.86,15998.73,8.15,17354.66,7.14,14378.66,7.19,14392.52,7.23,16746.15,7.2,14496.03,7.08,13995.84,7.51,13533.46
409,603637.SH,20210427,7.04,7.04,6.87,6.9,7.04,-0.13999999999999968,-1.99,12165.72,8738.198,7.12,13435.13,7.24,16718.17,7.19,14267.02,7.88,16034.79,8.17,17531.86,7.15,14612.26,7.22,15321.44,7.23,17199.94,7.21,14718.43,7.08,14114.25,7.53,13782.44
410,603637.SH,20210426,7.17,7.19,7.0,7.04,7.1,-0.05999999999999961,-0.85,12524.52,9201.231,7.21,14977.93,7.27,17567.49,7.2,14304.58,7.9,16048.03,8.19,17761.19,7.16,14815.87,7.24,15899.46,7.24,16983.16,7.21,14693.87,7.08,14228.8,7.54,14068.51
411,603637.SH,20210423,7.28,7.28,7.09,7.1,7.21,-0.11000000000000032,-1.53,14524.5,10742.274,7.29,17150.85,7.3,18398.01,7.21,14270.47,7.92,16033.19,8.21,17891.3,7.17,15483.36,7.27,16561.73,7.25,16677.67,7.22,14709.9,7.09,14184.81,7.56,14029.61
412,603637.SH,20210422,7.36,7.36,7.18,7.21,7.35,-0.13999999999999968,-1.9,14137.4,10634.162,7.34,17424.93,7.32,19512.99,7.22,14092.07,7.94,15992.45,8.23,18099.44,7.18,16233.6,7.31,17812.14,7.25,16252.19,7.22,14550.51,7.09,14104.82,7.58,13984.18
413,603637.SH,20210421,7.3,7.44,7.27,7.35,7.36,-0.010000000000000675,-0.14,13823.49,10524.663,7.34,16798.77,7.31,18910.27,7.23,14134.26,7.95,15983.22,8.25,18266.29,7.18,16219.13,7.32,18719.09,7.25,15957.4,7.21,14390.89,7.09,13987.17,7.6,13959.45
414,603637.SH,20210420,7.45,7.51,7.33,7.36,7.44,-0.08000000000000007,-1.08,19879.73,15237.651,7.32,17207.75,7.29,18575.99,7.23,14050.85,7.97,15960.02,8.27,18335.92,7.18,16203.15,7.32,19668.87,7.24,15809.24,7.21,14378.2,7.1,13938.87,7.61,13938.01
415,603637.SH,20210419,7.29,7.5,7.29,7.44,7.33,0.11000000000000032,1.5,23389.11,17979.185,7.27,16820.98,7.28,18560.65,7.22,13730.46,7.99,15947.61,8.28,18387.97,7.18,16064.34,7.32,20582.83,7.23,15447.32,7.21,14094.37,7.1,13758.27,7.63,13844.63
416,603637.SH,20210416,7.22,7.4,7.14,7.33,7.23,0.09999999999999964,1.38,15894.9,12014.252,7.25,15972.61,7.25,17965.71,7.21,13365.42,8.0,15923.34,8.3,18571.51,7.18,15887.23,7.29,18874.12,7.22,14611.42,7.21,13596.69,7.1,13552.13,7.65,13723.05
417,603637.SH,20210415,7.17,7.24,7.12,7.23,7.24,-0.009999999999999787,-0.14,11006.6,8189.137,7.27,18199.36,7.23,17345.35,7.21,13328.96,8.02,15978.1,8.32,18666.1,7.18,15779.01,7.27,18232.41,7.21,14321.71,7.21,13585.92,7.1,13425.63,7.66,13705.48
418,603637.SH,20210414,7.12,7.35,7.04,7.24,7.09,0.15000000000000036,2.12,15868.39,11813.051,7.29,20639.42,7.23,16992.13,7.2,13376.97,8.03,16032.66,8.33,18707.91,7.19,15753.82,7.26,19099.78,7.2,14547.78,7.21,13585.28,7.09,13444.75,7.68,13718.84
419,603637.SH,20210413,7.3,7.3,7.07,7.09,7.36,-0.27000000000000046,-3.67,17945.92,13324.821,7.32,22129.99,7.22,16234.17,7.2,13219.72,8.05,16029.14,8.35,18757.08,7.19,15633.78,7.24,19078.44,7.2,14416.93,7.21,13355.88,7.1,13365.7,7.71,13736.0
420,603637.SH,20210412,7.49,7.49,7.22,7.36,7.45,-0.08999999999999986,-1.21,19147.26,14492.959,7.38,24344.67,7.22,15487.67,7.2,13018.1,8.07,15991.72,8.36,18766.76,7.21,15463.96,7.25,18066.87,7.2,14091.08,7.21,13123.62,7.1,13461.85,7.73,13744.84
421,603637.SH,20210409,7.29,7.49,7.27,7.45,7.33,0.1200000000000001,1.64,27028.65,20732.829,7.33,21775.62,7.21,14850.22,7.19,13310.8,8.08,16003.11,8.38,18747.97,7.21,15287.99,7.23,16793.61,7.19,13783.99,7.21,12973.88,7.11,13434.99,7.75,13815.14
422,603637.SH,20210408,7.35,7.37,7.22,7.33,7.39,-0.05999999999999961,-0.81,23206.86,17526.514,7.26,18265.45,7.2,13743.51,7.18,13238.28,8.1,15892.68,8.39,18680.01,7.22,14988.43,7.2,14692.23,7.17,12919.7,7.19,12494.22,7.11,13763.87,7.77,13983.12
423,603637.SH,20210407,7.46,7.49,7.26,7.39,7.38,0.009999999999999787,0.14,23321.26,17722.785,7.23,17560.14,7.18,12471.52,7.17,12951.63,8.11,15823.33,8.4,18605.91,7.23,14744.73,7.17,13195.7,7.16,12226.78,7.19,12071.4,7.12,13854.62,7.79,14143.64
424,603637.SH,20210406,7.08,7.38,7.05,7.38,7.08,0.2999999999999998,4.24,29019.33,21901.537,7.15,16026.89,7.16,11454.57,7.15,12623.06,8.13,15773.97,8.42,18533.49,7.24,14549.87,7.16,11949.6,7.15,11732.86,7.17,11663.71,7.12,13867.58,7.81,14217.37
425,603637.SH,20210402,7.11,7.12,7.06,7.08,7.11,-0.03000000000000025,-0.42,6302.0,4618.896,7.11,11789.06,7.14,10416.77,7.12,12195.96,8.15,15670.24,8.43,18477.0,7.24,14288.71,7.15,10311.82,7.15,10850.14,7.17,11666.37,7.13,13841.21,7.83,14128.16
426,603637.SH,20210401,7.2,7.23,7.06,7.11,7.19,-0.08000000000000007,-1.11,9477.8,6989.546,7.14,11811.61,7.15,10951.34,7.11,12614.69,8.16,15772.58,8.44,18535.92,7.26,14280.81,7.15,10348.72,7.17,10957.98,7.17,12275.07,7.14,14779.28,7.85,14496.94
427,603637.SH,20210331,7.13,7.19,7.02,7.19,7.01,0.1800000000000006,2.57,19680.33,14483.586,7.14,11119.02,7.14,11101.41,7.09,12531.5,8.18,16089.86,8.46,18574.87,7.27,14235.48,7.15,10411.02,7.18,11262.67,7.16,12407.84,7.15,15801.19,7.87,15167.62
428,603637.SH,20210330,7.21,7.28,7.0,7.01,7.18,-0.16999999999999993,-2.37,15654.97,11538.525,7.12,8831.26,7.14,10587.97,7.08,12245.89,8.2,16705.31,8.47,18545.89,7.29,14093.08,7.15,9995.79,7.18,10828.03,7.14,12156.81,7.15,15690.71,7.9,15208.64
429,603637.SH,20210329,7.16,7.23,7.08,7.18,7.19,-0.010000000000000675,-0.14,7830.2,5808.98,7.16,7872.32,7.15,10133.18,7.07,12164.51,8.23,16808.59,8.49,18547.0,7.31,13971.77,7.16,9755.43,7.19,10494.6,7.12,12118.25,7.15,15640.21,7.92,15362.08
430,603637.SH,20210326,7.2,7.29,7.09,7.19,7.11,0.08000000000000007,1.13,6414.73,4784.113,7.18,8834.57,7.14,10249.98,7.05,12329.18,8.25,16960.56,8.5,18572.05,7.32,13937.35,7.15,10115.29,7.2,10651.99,7.1,12541.87,7.16,15667.54,7.95,15505.21
431,603637.SH,20210325,7.1,7.18,7.06,7.11,7.1,0.010000000000000675,0.14,6014.86,4442.319,7.16,8885.83,7.14,10790.61,7.03,12491.49,8.27,17177.0,8.52,18686.89,7.34,13959.69,7.15,10774.37,7.2,11064.01,7.09,12549.69,7.16,15729.05,7.97,15817.34
432,603637.SH,20210324,7.24,7.33,7.08,7.1,7.24,-0.14000000000000057,-1.93,8241.52,6126.808,7.15,9703.03,7.16,11202.14,7.01,12711.94,8.3,17567.78,8.53,18834.55,7.36,13969.95,7.15,11147.16,7.19,11395.22,7.07,12681.52,7.17,15758.44,7.99,16108.16
433,603637.SH,20210323,7.26,7.37,7.2,7.24,7.24,0.0,0.0,10860.3,8194.021,7.17,11160.32,7.19,11218.86,7.0,13065.75,8.32,17735.13,8.55,18934.9,7.38,14012.4,7.15,11257.87,7.19,11509.25,7.06,12836.4,7.18,15773.04,8.01,16137.58
434,603637.SH,20210322,7.22,7.27,7.1,7.24,7.1,0.14000000000000057,1.97,12641.46,9415.616,7.15,11638.53,7.2,11581.27,6.99,13229.73,8.34,17913.36,8.57,19068.2,7.4,13989.04,7.14,11516.12,7.18,11520.76,7.03,12922.03,7.19,15706.46,8.04,16164.35
435,603637.SH,20210319,6.99,7.18,6.99,7.1,7.09,0.009999999999999787,0.14,6671.0,4910.056,7.12,11396.0,7.2,11454.05,6.97,13260.4,8.36,18179.2,8.58,19147.93,7.41,13890.22,7.15,11388.45,7.18,12343.65,7.01,12898.42,7.2,15582.59,8.06,16145.56
436,603637.SH,20210318,7.2,7.2,7.08,7.09,7.2,-0.11000000000000032,-1.53,10100.86,7445.556,7.13,12662.9,7.21,11632.16,6.97,13624.15,8.38,18372.55,8.6,19358.74,7.43,13931.08,7.18,11567.24,7.18,13238.25,6.99,13126.39,7.21,15570.56,8.08,16162.13
437,603637.SH,20210317,7.08,7.3,7.08,7.2,7.13,0.07000000000000028,0.98,15528.0,11534.607,7.14,12591.29,7.22,11699.63,6.98,13617.8,8.4,18647.54,8.62,19523.62,7.45,13999.8,7.21,12114.32,7.16,13406.24,6.98,13465.4,7.23,15478.25,8.1,16184.68
438,603637.SH,20210316,7.06,7.16,7.01,7.13,7.06,0.07000000000000028,0.99,13251.34,9717.987,7.12,11355.41,7.22,11632.48,6.98,13447.13,8.43,18833.71,8.63,19592.85,7.47,13874.83,7.22,11660.28,7.14,13237.33,6.96,13495.65,7.24,15301.6,8.12,16142.64
439,603637.SH,20210315,7.16,7.28,6.99,7.06,7.18,-0.1200000000000001,-1.67,11428.8,8408.747,7.12,11393.72,7.21,11585.38,6.99,13265.56,8.45,18919.39,8.65,19724.11,7.49,13830.16,7.23,11233.78,7.11,13299.66,6.95,13510.08,7.26,15225.86,8.14,16182.99
440,603637.SH,20210312,7.08,7.22,7.06,7.18,7.12,0.05999999999999961,0.84,13005.52,9578.613,7.19,11380.91,7.21,11515.63,7.0,13250.77,8.47,19039.17,8.66,19762.57,7.51,13771.99,7.24,11188.7,7.08,13755.17,6.95,13763.73,7.27,15192.59,8.16,16253.53
441,603637.SH,20210311,7.05,7.14,7.05,7.12,7.09,0.03000000000000025,0.42,9742.78,7173.804,7.24,10471.57,7.2,11368.33,7.01,13134.24,8.49,19326.68,8.68,19758.26,7.52,13705.43,7.25,11353.66,7.06,13437.35,6.96,13659.72,7.29,15070.98,8.18,16343.32
442,603637.SH,20210310,7.11,7.32,7.05,7.09,7.17,-0.08000000000000007,-1.12,9348.6,6902.141,7.28,11637.34,7.21,12857.29,7.02,13171.83,8.51,19480.42,8.69,19782.08,7.54,13709.14,7.24,11643.28,7.03,13448.7,6.96,13659.13,7.31,15009.91,8.2,16419.32
443,603637.SH,20210309,7.43,7.45,7.09,7.17,7.4,-0.23000000000000043,-3.11,13442.88,10086.361,7.33,11965.14,7.21,14027.63,7.02,13141.13,8.53,19541.0,8.71,19781.25,7.56,13691.22,7.24,11760.63,7.01,13625.67,6.97,13583.45,7.33,15004.1,8.22,16469.44
444,603637.SH,20210308,7.42,7.53,7.39,7.4,7.4,0.0,0.0,11364.77,8785.231,7.33,11073.85,7.18,14029.0,7.02,13103.22,8.55,19615.55,8.72,19768.31,7.57,13648.21,7.23,11525.4,6.98,13624.98,6.98,13499.54,7.35,14889.33,8.24,16462.06
445,603637.SH,20210305,7.33,7.47,7.33,7.4,7.36,0.040000000000000036,0.54,8458.82,6491.032,7.3,10996.49,7.12,14089.37,7.02,13096.17,8.57,19672.61,8.73,19819.43,7.59,13557.46,7.21,13298.85,6.94,13653.4,6.99,13422.17,7.37,14787.4,8.26,16540.57
446,603637.SH,20210304,7.32,7.53,7.27,7.36,7.31,0.05000000000000071,0.68,15571.65,11949.506,7.26,12235.75,7.05,14553.92,7.02,13544.89,8.58,19724.78,8.74,19800.38,7.6,13541.18,7.17,14909.27,6.89,13905.96,6.99,13507.57,7.38,14781.25,8.28,16562.81
447,603637.SH,20210303,7.22,7.37,7.18,7.31,7.19,0.11999999999999922,1.67,10987.6,8269.903,7.2,11649.22,6.99,14936.02,7.03,13602.64,8.6,19724.59,8.75,19727.29,7.61,13493.5,7.12,14698.17,6.86,14140.94,6.98,13265.34,7.4,14634.8,8.3,16543.21
448,603637.SH,20210302,7.22,7.33,7.14,7.19,7.22,-0.02999999999999936,-0.42,8986.4,6722.036,7.15,11556.11,6.94,14602.3,7.05,14654.82,8.61,19722.48,8.77,19696.01,7.63,13506.95,7.05,14814.38,6.83,14413.34,6.98,13304.22,7.43,14642.09,8.32,16586.77
449,603637.SH,20210301,7.2,7.28,7.14,7.22,7.2,0.019999999999999574,0.28,10978.0,8213.155,7.12,11976.95,6.9,14677.94,7.07,15233.22,8.63,19737.03,8.78,19685.56,7.64,13533.69,6.98,15365.53,6.82,14648.22,6.99,13375.51,7.45,14644.13,8.34,16629.23
450,603637.SH,20210226,7.06,7.29,7.04,7.2,7.06,0.14000000000000057,1.98,14655.11,10921.904,7.12,15601.2,6.86,14824.87,7.07,15619.13,8.64,19796.02,8.79,19638.63,7.66,13521.75,6.92,16321.63,6.81,15051.25,6.99,13800.08,7.47,14548.33,8.36,16713.07
451,603637.SH,20210225,7.09,7.19,7.02,7.06,7.06,0.0,0.0,12639.0,9262.014,7.09,17582.79,6.81,14730.56,7.09,15995.06,8.66,19807.16,8.8,19565.3,7.67,13482.82,6.87,15521.04,6.81,14812.75,7.01,13896.09,7.49,14466.33,8.38,17050.66
452,603637.SH,20210224,7.06,7.18,6.98,7.06,7.06,0.0,0.0,10522.05,7710.912,7.04,17747.12,6.77,14676.27,7.11,17464.11,8.68,19830.93,8.81,19513.67,7.69,13446.52,6.82,15254.11,6.83,14667.06,7.04,15033.51,7.52,14509.93,8.41,17847.88
453,603637.SH,20210223,7.24,7.27,7.06,7.06,7.2,-0.14000000000000057,-1.94,11090.57,8187.955,6.96,18072.64,6.73,14906.11,7.13,19236.76,8.7,19860.52,8.83,19472.01,7.7,13530.02,6.79,15490.72,6.84,14494.85,7.06,15637.84,7.54,14437.15,8.44,18014.59
454,603637.SH,20210222,7.03,7.62,6.98,7.2,7.05,0.15000000000000036,2.13,29099.26,21927.189,6.85,18754.12,6.7,15612.32,7.13,19294.44,8.72,19893.51,8.84,19435.78,7.72,13868.23,6.74,15724.56,6.86,14486.62,7.07,16071.46,7.56,14417.32,8.46,18169.78
455,603637.SH,20210219,6.84,7.11,6.76,7.05,6.82,0.22999999999999954,3.37,24563.05,17744.824,6.72,17042.06,6.67,14638.18,7.13,18809.9,8.73,19775.21,8.85,19318.85,7.74,14100.17,6.67,14007.96,6.88,13483.83,7.09,16016.04,7.58,14050.1,8.49,18240.48
456,603637.SH,20210218,6.69,6.89,6.69,6.82,6.66,0.16000000000000014,2.4,13460.66,9458.497,6.65,13459.29,6.65,13801.34,7.14,18365.98,8.75,19783.96,8.86,19192.82,7.77,13877.41,6.62,12902.65,6.89,12806.73,7.11,17283.49,7.61,13774.28,8.52,18554.84
457,603637.SH,20210210,6.49,6.91,6.48,6.66,6.5,0.16000000000000014,2.46,12149.67,8355.453,6.61,12761.11,6.67,14230.41,7.16,18267.3,8.77,19905.55,8.88,19154.44,7.8,13818.91,6.61,13583.72,6.92,12548.92,7.14,19194.54,7.63,13716.95,8.55,18712.17
458,603637.SH,20210209,6.55,6.59,6.44,6.5,6.59,-0.08999999999999986,-1.37,14497.98,9779.809,6.61,12908.79,6.71,14056.21,7.19,18138.72,8.8,19996.17,8.89,19127.28,7.84,13805.84,6.62,14012.3,6.94,12549.14,7.16,19224.61,7.66,13647.87,8.58,18915.3
459,603637.SH,20210208,6.65,6.65,6.35,6.59,6.66,-0.07000000000000028,-1.05,20538.94,13796.133,6.63,12695.0,6.78,13689.08,7.22,17980.48,8.82,20127.36,8.91,19079.43,7.88,13762.55,6.65,13930.91,6.99,12380.5,7.18,19162.18,7.69,13576.51,8.61,19218.84
460,603637.SH,20210205,6.63,6.78,6.59,6.66,6.64,0.020000000000000462,0.3,6649.22,4586.102,6.61,10973.86,6.84,12653.61,7.26,17578.31,8.84,20166.09,8.92,18982.42,7.92,13604.35,6.7,13780.87,7.03,12539.31,7.21,18793.2,7.72,13310.18,8.64,19335.29
461,603637.SH,20210204,6.66,6.75,6.61,6.64,6.67,-0.03000000000000025,-0.45,9969.75,6889.376,6.59,12346.01,6.91,12982.58,7.3,17535.97,8.87,20413.64,8.94,18990.19,7.95,13633.02,6.75,14104.46,7.08,13083.62,7.23,18908.42,7.75,13319.99,8.67,19694.05
462,603637.SH,20210203,6.61,6.8,6.53,6.67,6.61,0.05999999999999961,0.91,12888.06,8930.716,6.6,14406.32,6.97,12911.33,7.34,17417.72,8.89,20608.06,8.95,18997.68,7.99,13683.91,6.83,14080.01,7.14,14923.21,7.27,18835.36,7.78,13353.75,8.7,19963.76
463,603637.SH,20210202,6.5,6.7,6.46,6.61,6.48,0.1299999999999999,2.01,13429.03,9176.109,6.62,15115.8,7.03,12767.71,7.37,17172.84,8.91,20707.65,8.97,19029.69,8.03,13680.19,6.9,13498.99,7.19,15711.41,7.3,18709.68,7.81,13338.89,8.73,20069.61
464,603637.SH,20210201,6.52,6.52,6.37,6.48,6.53,-0.04999999999999982,-0.77,11933.23,7954.474,6.67,15166.82,7.08,12373.52,7.41,16922.84,8.93,20860.46,8.98,18973.53,8.07,13740.17,6.99,13248.67,7.24,16244.91,7.34,18490.89,7.84,13298.28,8.76,20196.67
465,603637.SH,20210129,6.71,6.74,6.49,6.53,6.71,-0.17999999999999972,-2.68,13509.97,9219.141,6.78,16587.88,7.13,12390.51,7.46,16827.95,8.95,20902.1,9.0,18928.45,8.12,13834.49,7.09,12959.7,7.3,17020.08,7.39,18266.77,7.87,13267.42,8.79,20550.62
466,603637.SH,20210128,6.76,6.76,6.64,6.71,6.77,-0.05999999999999961,-0.89,20271.33,14021.785,6.92,15862.92,7.2,12207.07,7.5,16708.02,8.98,20893.54,9.01,18867.06,8.16,14022.14,7.17,12710.8,7.36,19473.91,7.44,18014.74,7.9,13237.86,8.82,20703.72
467,603637.SH,20210127,6.91,6.94,6.74,6.77,6.85,-0.08000000000000007,-1.17,16435.46,11584.373,7.06,13753.69,7.25,12471.97,7.54,16279.73,9.0,20848.37,9.02,18765.44,8.2,14381.0,7.23,11514.13,7.41,21999.95,7.48,17491.1,7.92,13065.27,8.85,20685.39
468,603637.SH,20210126,7.09,7.09,6.78,6.85,7.03,-0.1800000000000006,-2.56,13684.12,9806.217,7.18,11882.18,7.32,12556.58,7.59,15975.11,9.01,20798.18,9.04,18692.24,8.24,14728.12,7.27,11085.98,7.43,21830.77,7.52,17107.55,7.95,13071.09,8.88,20749.92
469,603637.SH,20210125,7.29,7.29,6.94,7.03,7.25,-0.21999999999999975,-3.03,19038.51,13959.218,7.31,11330.52,7.4,15101.0,7.63,15837.33,9.03,20781.32,9.05,18629.45,8.28,14974.59,7.33,10830.1,7.45,21777.81,7.56,16941.65,7.97,13450.63,8.9,20799.05
470,603637.SH,20210122,7.36,7.36,7.22,7.25,7.38,-0.1299999999999999,-1.76,9885.16,7437.858,7.39,9331.52,7.45,15840.5,7.67,15470.22,9.05,20788.03,9.06,18548.19,8.31,14964.91,7.36,11297.75,7.47,21299.36,7.59,16621.44,8.0,13908.23,8.92,20773.5
471,603637.SH,20210121,7.43,7.47,7.33,7.38,7.4,-0.020000000000000462,-0.27,9725.2,7471.469,7.42,9558.68,7.47,16933.87,7.71,15333.87,9.06,20755.76,9.07,18504.72,8.34,15507.2,7.4,12062.77,7.47,21310.39,7.62,16482.25,8.03,13874.41,8.94,20820.66
472,603637.SH,20210120,7.47,7.5,7.38,7.4,7.48,-0.08000000000000007,-1.07,7077.92,5439.433,7.4,9274.57,7.49,18296.3,7.74,15285.76,9.08,20710.59,9.08,18464.92,8.38,16576.98,7.45,15766.41,7.49,21213.03,7.65,16360.69,8.07,13863.54,8.96,20828.64
473,603637.SH,20210119,7.44,7.58,7.38,7.48,7.45,0.03000000000000025,0.4,10925.8,8465.615,7.36,10289.79,7.52,22566.19,7.77,15277.14,9.09,20701.02,9.09,18441.87,8.42,16810.65,7.48,17923.82,7.5,21315.03,7.68,16424.75,8.1,13931.74,8.98,20862.01
474,603637.SH,20210118,7.34,7.52,7.34,7.45,7.4,0.04999999999999982,0.68,9043.5,6975.997,7.34,10329.68,7.55,27171.3,7.81,15291.83,9.1,20675.3,9.1,18408.62,8.45,17119.21,7.49,19241.14,7.52,21111.99,7.71,16279.11,8.13,13937.16,8.99,20933.24
475,603637.SH,20210115,7.24,7.42,7.17,7.4,7.25,0.15000000000000036,2.07,11021.0,8377.456,7.32,13263.99,7.52,27479.63,7.84,15293.74,9.11,20633.66,9.11,18374.47,8.49,17332.04,7.51,21080.47,7.54,20920.3,7.75,16152.63,8.16,13931.0,9.01,20993.37
476,603637.SH,20210114,7.2,7.33,7.16,7.25,7.2,0.04999999999999982,0.69,8304.61,6243.569,7.38,14566.86,7.5,27603.02,7.87,15123.42,9.13,20572.83,9.12,18328.65,8.52,17770.03,7.54,26237.02,7.57,20666.71,7.78,16054.92,8.2,13893.97,9.03,21035.37
477,603637.SH,20210113,7.36,7.36,7.15,7.2,7.41,-0.20999999999999996,-2.83,12154.03,9120.622,7.51,22258.26,7.52,27692.62,7.91,15165.5,9.14,20542.34,9.13,18316.05,8.56,18204.82,7.6,32485.78,7.6,20479.59,7.83,16004.26,8.23,13985.34,9.05,21089.36
478,603637.SH,20210112,7.29,7.45,7.26,7.41,7.34,0.07000000000000028,0.95,11125.24,8514.588,7.61,25557.86,7.53,27535.06,7.95,15256.7,9.15,20482.11,9.15,18285.74,8.59,18199.71,7.59,32575.56,7.64,20118.33,7.87,15979.97,8.27,13992.92,9.07,21120.09
479,603637.SH,20210111,7.63,7.66,7.33,7.34,7.7,-0.3600000000000003,-4.68,23715.06,18288.226,7.63,28152.61,7.55,27277.58,7.98,15110.51,9.16,20439.35,9.16,18236.74,8.62,18239.02,7.57,32725.53,7.67,19997.43,7.91,15912.74,8.31,14106.3,9.09,21127.91
480,603637.SH,20210108,7.82,7.82,7.63,7.7,7.9,-0.20000000000000018,-2.53,17535.36,14005.223,7.69,28896.94,7.58,26154.72,8.01,14704.22,9.18,20339.51,9.17,18122.25,8.65,18061.31,7.58,31300.97,7.7,19283.29,7.95,15296.58,8.35,14027.83,9.11,21145.47
481,603637.SH,20210107,7.83,8.03,7.65,7.9,7.69,0.20999999999999996,2.73,46761.62,38305.356,7.7,37907.18,7.59,25333.93,8.04,14396.31,9.19,20240.4,9.18,18049.44,8.68,17942.95,7.55,30558.02,7.73,18691.99,7.97,15036.57,8.39,14195.3,9.13,21257.42
482,603637.SH,20210106,7.54,7.86,7.5,7.69,7.53,0.16000000000000014,2.12,28652.0,22713.099,7.69,42713.3,7.59,22137.63,8.05,13256.67,9.2,19964.1,9.18,17800.87,8.7,17490.23,7.52,26659.65,7.74,16657.82,8.0,13986.35,8.42,14202.37,9.15,21077.74
483,603637.SH,20210105,7.58,7.67,7.53,7.53,7.65,-0.1200000000000001,-1.57,24099.02,18954.868,7.58,39593.26,7.61,20391.25,8.07,12708.68,9.21,19817.63,9.19,17673.16,8.73,17247.97,7.53,24706.23,7.78,15675.21,8.02,13236.45,8.46,14432.67,9.16,21117.22
484,603637.SH,20210104,7.67,7.67,7.58,7.65,7.72,-0.0699999999999994,-0.91,27436.72,21678.477,7.51,37298.45,7.64,18888.42,8.1,12235.32,9.22,19694.8,9.2,17567.61,8.76,17167.9,7.56,22982.84,7.82,14798.1,8.05,12763.19,8.5,14567.16,9.18,21134.03
485,603637.SH,20201231,7.63,7.81,7.58,7.72,7.86,-0.14000000000000057,-1.78,62586.53,49820.287,7.46,33705.0,7.66,17157.05,8.12,11728.85,9.23,19533.04,9.21,17473.78,8.78,17067.33,7.58,20760.14,7.86,13688.72,8.08,12084.17,8.53,14415.1,9.2,21257.86
486,603637.SH,20201230,7.7,7.86,7.38,7.86,7.14,0.7200000000000006,10.08,70792.21,56971.956,7.4,23208.86,7.69,13012.48,8.14,10022.15,9.24,19153.71,9.22,17220.3,8.81,16549.91,7.6,15096.39,7.9,10963.87,8.1,10265.08,8.55,14214.6,9.22,21052.69
487,603637.SH,20201229,7.27,7.3,7.11,7.14,7.16,-0.020000000000000462,-0.28,13051.83,9708.049,7.36,10606.0,7.69,8292.49,8.15,8152.91,9.25,18740.12,9.23,16863.93,8.83,15857.52,7.61,8473.4,7.94,7763.5,8.12,8239.36,8.59,14534.05,9.24,20689.65
488,603637.SH,20201228,7.42,7.51,7.16,7.16,7.42,-0.2599999999999998,-3.5,12624.97,9547.896,7.47,9819.2,7.78,7727.68,8.19,8121.84,9.27,18776.55,9.24,16846.25,8.86,15888.33,7.69,7661.1,8.01,7682.17,8.16,8071.12,8.64,14726.57,9.26,20876.18
489,603637.SH,20201225,7.43,7.53,7.33,7.42,7.4,0.019999999999999574,0.27,9469.48,7284.267,7.61,8667.23,7.86,7224.09,8.22,8103.35,9.28,18716.22,9.26,16879.7,8.9,15887.43,7.78,7269.32,8.08,7506.35,8.2,7990.85,8.69,15083.95,9.28,20920.37
490,603637.SH,20201224,7.67,7.67,7.39,7.4,7.67,-0.2699999999999996,-3.52,10105.8,7868.332,7.7,7815.28,7.93,7187.96,8.25,8148.14,9.29,18680.42,9.27,16882.73,8.93,16038.32,7.83,7265.6,8.13,7294.38,8.23,7827.15,8.74,15342.88,9.3,20943.77
491,603637.SH,20201223,7.67,7.72,7.61,7.67,7.71,-0.040000000000000036,-0.52,7777.9,6176.589,7.8,6983.93,8.01,6914.96,8.28,8147.44,9.3,18632.02,9.28,16852.7,8.95,16051.95,7.91,6825.95,8.19,7275.85,8.27,7731.57,8.78,15905.63,9.32,20974.29
492,603637.SH,20201222,7.87,7.87,7.64,7.71,7.86,-0.15000000000000036,-1.91,9117.86,7336.856,7.85,6340.8,8.07,6720.43,8.3,8263.85,9.31,18599.51,9.29,16838.13,8.98,16124.5,7.96,6656.0,8.23,7649.7,8.29,7872.15,8.82,16457.89,9.33,20986.21
493,603637.SH,20201221,7.9,7.93,7.83,7.86,7.88,-0.019999999999999574,-0.25,6865.12,5593.824,7.9,5503.01,8.13,6641.34,8.31,8287.34,9.31,18564.43,9.3,16811.55,9.01,16219.12,8.03,6644.19,8.27,7501.55,8.31,7968.1,8.85,16502.11,9.34,21004.02
494,603637.SH,20201218,7.93,7.97,7.86,7.88,7.9,-0.020000000000000462,-0.25,5209.74,4270.971,7.94,5871.41,8.19,6635.15,8.32,8579.08,9.32,18538.09,9.31,16804.29,9.03,16315.34,8.08,6613.36,8.3,7653.36,8.33,8105.67,8.88,16622.25,9.36,21113.52
495,603637.SH,20201217,7.89,7.92,7.83,7.9,7.91,-0.009999999999999787,-0.13,5949.03,4859.451,7.96,6715.93,8.24,7113.27,8.34,9498.1,9.33,18538.76,9.32,16823.61,9.06,16526.4,8.15,6617.29,8.33,7746.18,8.34,8268.08,8.91,16708.54,9.37,21113.76
496,603637.SH,20201216,7.98,7.99,7.88,7.91,7.97,-0.05999999999999961,-0.75,4562.23,3744.275,8.02,6667.98,8.29,7356.31,8.36,10690.61,9.34,18515.07,9.33,16873.38,9.08,17182.62,8.21,6831.36,8.36,7849.42,8.36,8460.97,8.94,16753.69,9.38,21091.02
497,603637.SH,20201215,8.08,8.09,7.95,7.97,8.05,-0.08000000000000096,-0.99,4928.92,4080.597,8.08,6971.21,8.33,7407.69,8.4,10787.49,9.35,18504.21,9.34,16896.58,9.11,18565.86,8.27,7053.6,8.38,8122.34,8.37,8639.45,8.97,16891.11,9.39,21100.51
498,603637.SH,20201214,7.92,8.09,7.89,8.05,7.96,0.09000000000000075,1.13,8707.12,7212.794,8.16,7785.38,8.37,7777.4,8.44,10909.38,9.35,18492.09,9.35,16915.26,9.15,18907.18,8.33,7703.23,8.4,8276.12,8.38,9034.62,9.0,16983.68,9.4,21119.61
499,603637.SH,20201211,8.16,8.24,7.89,7.96,8.2,-0.23999999999999932,-2.93,9432.33,7853.137,8.22,7355.3,8.41,8281.08,8.48,10981.82,9.36,18468.47,9.35,16901.62,9.18,19187.26,8.38,7743.38,8.42,8351.61,8.39,9959.6,9.02,17140.11,9.41,21072.44
500,603637.SH,20201210,8.18,8.33,8.15,8.2,8.2,0.0,0.0,5709.29,4865.613,8.33,6518.66,8.45,8028.97,8.52,11035.3,9.37,18425.69,9.36,16889.74,9.21,19562.6,8.43,7323.16,8.44,8107.93,8.41,11195.01,9.05,17314.47,9.42,21012.69
501,603637.SH,20201209,8.38,8.43,8.2,8.2,8.39,-0.19000000000000128,-2.26,6078.4,5217.619,8.4,6994.73,8.48,8351.43,8.55,11122.5,9.38,18408.8,9.36,16913.46,9.24,20316.97,8.46,7725.75,8.44,8184.37,8.45,11266.56,9.08,17615.66,9.43,20997.73
502,603637.SH,20201208,8.38,8.45,8.26,8.39,8.37,0.02000000000000135,0.24,8999.75,7792.585,8.47,7135.99,8.49,8427.41,8.59,11202.52,9.38,18409.48,9.37,16970.06,9.27,20667.12,8.5,8643.4,8.45,8480.22,8.49,11366.39,9.1,17828.73,9.44,20976.09
503,603637.SH,20201207,8.54,8.54,8.37,8.37,8.51,-0.14000000000000057,-1.65,6556.75,5742.585,8.51,7621.09,8.5,8351.57,8.62,11343.31,9.39,18395.81,9.38,16962.46,9.29,21034.13,8.51,8358.92,8.45,8630.05,8.52,11438.73,9.12,17934.78,9.44,20942.48
504,603637.SH,20201204,8.53,8.53,8.44,8.51,8.53,-0.019999999999999574,-0.23,5249.11,4618.673,8.53,8131.46,8.5,8618.02,8.66,11521.33,9.4,18370.03,9.38,16990.21,9.32,21625.67,8.52,8693.37,8.45,8851.83,8.55,11595.2,9.14,18034.79,9.45,20965.66
505,603637.SH,20201203,8.56,8.58,8.46,8.53,8.54,-0.009999999999999787,-0.12,8089.66,7140.733,8.53,8127.65,8.49,8829.98,8.7,11894.23,9.4,18363.89,9.39,16997.58,9.34,22015.87,8.52,8875.07,8.44,9093.47,8.58,11709.37,9.16,18293.75,9.46,20949.11
506,603637.SH,20201202,8.57,8.6,8.5,8.54,8.58,-0.040000000000000924,-0.47,6784.66,6011.059,8.53,8456.77,8.48,8993.62,8.73,12215.32,9.4,18344.04,9.39,17017.62,9.37,22570.67,8.51,8867.49,8.43,9275.78,8.61,11733.02,9.18,18344.38,9.46,20939.82
507,603637.SH,20201201,8.51,8.61,8.44,8.58,8.51,0.07000000000000028,0.82,11425.26,10112.228,8.53,10150.82,8.46,8822.38,8.77,12827.06,9.41,18329.93,9.39,17038.19,9.39,23044.68,8.49,9191.08,8.42,9432.37,8.64,11966.42,9.19,18451.63,9.47,20946.28
508,603637.SH,20201130,8.49,8.59,8.46,8.51,8.48,0.02999999999999936,0.35,9108.6,8049.714,8.51,9096.74,8.44,8500.3,8.81,13878.84,9.41,18299.68,9.4,17106.89,9.41,23233.54,8.47,8849.01,8.4,9700.32,8.68,12005.88,9.21,18531.44,9.47,20904.5
509,603637.SH,20201127,8.47,8.57,8.43,8.48,8.52,-0.03999999999999915,-0.47,5230.09,4591.284,8.51,9255.27,8.43,8722.35,8.85,14860.05,9.41,18279.91,9.4,17090.68,9.44,23494.45,8.46,8959.85,8.39,11067.71,8.72,12299.85,9.23,18614.32,9.48,20863.13
510,603637.SH,20201126,8.5,8.63,8.44,8.52,8.55,-0.030000000000001137,-0.35,9735.22,8609.061,8.5,9622.48,8.43,9242.84,8.89,15652.37,9.42,18324.01,9.4,17105.59,9.46,24150.14,8.44,8892.7,8.41,13130.93,8.76,12759.08,9.25,18877.81,9.49,20885.9
511,603637.SH,20201125,8.52,8.66,8.49,8.55,8.48,0.07000000000000028,0.83,15254.95,13548.542,8.48,9278.21,8.42,9339.53,8.91,15904.66,9.43,18393.54,9.4,17088.62,9.48,24445.42,8.43,8643.0,8.44,13036.97,8.8,13354.02,9.27,19634.98,9.49,20898.4
512,603637.SH,20201124,8.49,8.52,8.45,8.48,8.52,-0.03999999999999915,-0.47,6154.86,5406.79,8.46,8231.33,8.39,8941.61,8.94,16942.94,9.43,18360.97,9.4,17043.16,9.5,24482.98,8.41,8317.03,8.48,12727.88,8.85,14418.39,9.3,21185.82,9.5,20923.76
513,603637.SH,20201123,8.45,8.55,8.44,8.52,8.44,0.08000000000000007,0.95,9901.25,8724.913,8.43,8601.28,8.39,9370.92,8.99,19407.77,9.44,18388.12,9.4,17057.93,9.52,24723.3,8.4,8901.19,8.52,12978.64,8.89,15628.89,9.33,21592.04,9.5,20905.28
514,603637.SH,20201120,8.43,8.49,8.4,8.44,8.43,0.009999999999999787,0.12,7066.12,6176.538,8.4,8664.42,8.36,9372.09,9.04,19840.17,9.45,18446.29,9.41,17076.85,9.53,24852.36,8.39,9010.29,8.56,13046.12,8.94,16371.14,9.36,21922.24,9.51,20858.73
515,603637.SH,20201119,8.44,8.49,8.37,8.43,8.41,0.019999999999999574,0.24,8013.86,6992.847,8.38,8162.93,8.35,10119.64,9.09,20634.34,9.45,18466.54,9.41,17081.4,9.55,24971.1,8.37,9311.87,8.61,13126.52,8.97,16746.04,9.4,22430.85,9.51,20825.97
516,603637.SH,20201118,8.37,8.47,8.34,8.41,8.36,0.05000000000000071,0.6,10020.58,8742.328,8.37,8007.79,8.34,12307.53,9.13,21134.09,9.46,18445.83,9.42,17097.94,9.57,25071.51,8.36,9684.08,8.66,13165.78,9.0,18164.13,9.43,23335.4,9.51,20785.0
517,603637.SH,20201117,8.4,8.41,8.31,8.36,8.38,-0.02000000000000135,-0.24,8004.59,6913.656,8.35,8402.73,8.37,15113.22,9.18,22129.68,9.46,18413.15,9.43,17094.45,9.58,25080.34,8.34,9673.66,8.72,13354.08,9.06,20828.74,9.46,23707.39,9.52,20735.37
518,603637.SH,20201116,8.4,8.43,8.32,8.38,8.32,0.0600000000000005,0.72,10216.97,8856.056,8.37,9201.1,8.44,15101.78,9.23,23097.59,9.47,18389.68,9.44,17112.7,9.59,25121.38,8.34,10551.63,8.78,13584.31,9.12,21382.02,9.49,24182.74,9.52,20694.27
519,603637.SH,20201113,8.37,8.37,8.23,8.32,8.37,-0.049999999999998934,-0.6,4558.63,3919.838,8.37,9356.15,8.51,15013.8,9.27,23143.31,9.48,18357.89,9.44,17117.46,9.61,25244.79,8.33,13175.57,8.85,13969.86,9.18,22177.05,9.52,24861.16,9.53,20653.35
520,603637.SH,20201112,8.36,8.37,8.27,8.37,8.34,0.02999999999999936,0.36,7238.16,6245.869,8.36,10460.81,8.58,15522.37,9.31,23423.14,9.49,18385.08,9.45,17170.07,9.63,25400.8,8.37,17369.16,8.92,14692.27,9.24,22858.61,9.56,25360.41,9.54,20636.51
521,603637.SH,20201111,8.43,8.45,8.28,8.34,8.45,-0.10999999999999943,-1.3,11995.31,10377.673,8.36,11360.37,8.66,15831.04,9.35,23515.76,9.49,18434.54,9.46,17189.56,9.65,25518.44,8.46,17430.94,8.99,15709.54,9.29,24079.69,9.59,26068.1,9.54,20601.18
522,603637.SH,20201110,8.39,8.47,8.34,8.45,8.35,0.09999999999999964,1.2,11996.44,10436.906,8.33,10944.58,8.74,15575.56,9.38,23417.62,9.5,18410.15,9.47,17191.04,9.66,25555.61,8.56,17138.73,9.07,17469.08,9.34,25043.63,9.63,26573.78,9.55,20527.74
523,603637.SH,20201109,8.27,8.43,8.27,8.35,8.27,0.08000000000000007,0.97,10992.2,9532.54,8.3,11902.16,8.82,15329.61,9.42,23441.46,9.51,18383.0,9.48,17195.49,9.68,25606.88,8.64,17056.09,9.14,18992.74,9.39,25036.13,9.66,26800.33,9.55,20471.99
524,603637.SH,20201106,8.48,8.48,8.24,8.27,8.39,-0.120000000000001,-1.43,10081.95,8669.79,8.29,16995.0,8.91,15544.57,9.46,23426.48,9.52,18351.11,9.49,17213.34,9.7,25621.17,8.74,17081.96,9.21,20051.57,9.43,25138.83,9.69,27095.07,9.56,20407.66
525,603637.SH,20201105,8.25,8.44,8.24,8.39,8.21,0.17999999999999972,2.19,11735.93,10127.703,8.38,24277.51,9.01,15738.97,9.5,23662.11,9.52,18332.66,9.5,17205.09,9.71,25831.04,8.86,16941.17,9.27,20463.13,9.48,25148.99,9.72,27833.82,9.57,20350.95
526,603637.SH,20201104,8.28,8.35,8.17,8.21,8.28,-0.06999999999999851,-0.85,9916.4,8460.515,8.56,23501.52,9.12,16215.27,9.53,23902.05,9.53,18318.65,9.51,17221.95,9.74,26087.49,8.96,16647.48,9.32,22404.15,9.52,25046.41,9.75,28169.58,9.57,20304.61
527,603637.SH,20201103,8.27,8.3,8.11,8.28,8.29,-0.009999999999999787,-0.12,16784.31,14291.821,8.78,23332.88,9.24,16914.54,9.58,24309.82,9.54,18358.42,9.52,17263.41,9.76,26291.27,9.09,17034.51,9.41,26406.29,9.57,25142.78,9.78,28305.51,9.58,20280.57
528,603637.SH,20201102,8.69,8.74,7.88,8.29,8.75,-0.46000000000000085,-5.26,36456.4,31272.443,8.99,22210.02,9.35,17745.25,9.62,24370.94,9.54,18295.44,9.53,17268.27,9.78,26512.67,9.23,16617.0,9.51,26797.21,9.61,24932.73,9.8,28428.75,9.59,20164.41
529,603637.SH,20201030,9.28,9.73,8.73,8.75,9.27,-0.5199999999999996,-5.61,46494.51,44785.7,9.19,17168.92,9.47,18570.61,9.65,23750.54,9.55,18120.37,9.54,17123.42,9.8,26374.8,9.37,14764.14,9.61,26677.79,9.66,24320.62,9.83,28147.48,9.6,19896.99
530,603637.SH,20201029,9.27,9.35,9.19,9.27,9.32,-0.05000000000000071,-0.54,7855.97,7553.469,9.33,9604.84,9.56,18261.0,9.68,22752.39,9.55,17842.6,9.55,16918.7,9.82,26318.82,9.47,12015.38,9.67,25603.34,9.69,23433.94,9.84,27638.78,9.6,19553.12
531,603637.SH,20201028,9.29,9.37,9.25,9.32,9.3,0.019999999999999574,0.22,9073.22,8758.661,9.36,9793.45,9.6,20131.22,9.69,23132.71,9.55,17867.74,9.55,16931.44,9.83,26720.29,9.52,13988.13,9.71,27404.07,9.7,23964.76,9.85,27766.92,9.6,19527.26
532,603637.SH,20201027,9.33,9.33,9.15,9.3,9.33,-0.02999999999999936,-0.32,11170.0,10708.274,9.4,10736.14,9.61,20841.99,9.7,23193.13,9.55,17875.99,9.56,16957.73,9.83,26962.35,9.58,17799.42,9.73,28996.08,9.71,24291.06,9.85,27793.74,9.59,19510.56
533,603637.SH,20201026,9.41,9.52,9.27,9.33,9.41,-0.08000000000000007,-0.85,11250.92,10903.275,9.47,11023.98,9.61,23871.71,9.71,23253.41,9.55,17958.39,9.56,16960.8,9.84,27285.89,9.64,20929.39,9.76,29026.15,9.72,24430.82,9.86,27792.29,9.59,19469.66
534,603637.SH,20201023,9.44,9.53,9.37,9.41,9.44,-0.02999999999999936,-0.32,8674.09,8480.745,9.55,12359.36,9.67,29926.18,9.72,23399.38,9.55,17924.48,9.57,16951.55,9.84,27374.92,9.68,23021.17,9.78,29167.26,9.73,24474.37,9.86,27929.31,9.59,19472.4
535,603637.SH,20201022,9.46,9.54,9.33,9.44,9.51,-0.07000000000000028,-0.74,8799.03,8603.086,9.62,14425.91,9.74,31151.48,9.72,23558.42,9.54,17918.07,9.57,16974.06,9.85,27422.97,9.69,23985.08,9.79,29252.9,9.73,24878.13,9.86,28055.74,9.59,19564.69
536,603637.SH,20201021,9.69,9.69,9.48,9.51,9.64,-0.13000000000000078,-1.35,13786.66,13640.547,9.68,18182.81,9.79,33095.24,9.73,23918.44,9.54,17904.66,9.58,17031.93,9.85,27489.21,9.68,28160.82,9.8,29245.88,9.74,24955.74,9.87,28176.77,9.59,19579.41
537,603637.SH,20201020,9.75,9.75,9.57,9.64,9.75,-0.10999999999999943,-1.13,12609.2,12606.516,9.76,24862.7,9.83,33958.22,9.74,25135.46,9.53,17861.5,9.58,17153.77,9.85,27428.17,9.74,35778.06,9.8,29196.91,9.74,24936.84,9.87,28193.37,9.59,19548.38
538,603637.SH,20201019,9.73,9.81,9.65,9.75,9.77,-0.019999999999999574,-0.2,17927.8,18069.197,9.81,30834.79,9.87,36362.94,9.76,27950.05,9.53,17834.0,9.58,17161.73,9.84,27410.12,9.8,36977.43,9.81,29090.59,9.75,25057.0,9.87,28247.25,9.59,19595.62
539,603637.SH,20201016,9.63,9.84,9.62,9.77,9.71,0.05999999999999872,0.62,19006.88,19117.781,9.81,33682.99,9.87,38131.08,9.78,28320.65,9.52,17800.48,9.58,17154.08,9.84,27437.81,9.84,38591.45,9.8,29098.86,9.74,24928.79,9.87,28149.52,9.59,19529.41
540,603637.SH,20201015,9.97,9.97,9.68,9.71,9.93,-0.21999999999999886,-2.22,27583.52,28105.978,9.75,33544.25,9.87,37574.49,9.8,28635.54,9.52,17722.89,9.59,17147.86,9.83,27254.23,9.87,39191.3,9.79,29143.22,9.74,24996.55,9.86,28263.11,9.58,19412.94
541,603637.SH,20201014,9.91,10.02,9.75,9.93,9.89,0.03999999999999915,0.4,47186.09,48352.183,9.69,38138.82,9.87,36535.23,9.82,28929.63,9.52,17606.4,9.59,17069.78,9.83,26929.39,9.9,40820.0,9.79,28953.07,9.74,25915.94,9.87,28319.55,9.58,19227.37
542,603637.SH,20201013,9.71,10.03,9.64,9.89,9.77,0.120000000000001,1.23,42469.67,43340.768,9.72,46693.42,9.85,33704.53,9.83,29373.77,9.51,17344.22,9.59,16894.86,9.82,26376.25,9.89,40192.75,9.78,27536.89,9.76,27953.25,9.87,27953.11,9.58,18872.7
543,603637.SH,20201012,9.44,9.86,9.42,9.77,9.46,0.3099999999999987,3.28,32168.81,32082.464,9.8,43120.07,9.83,31103.67,9.85,29075.84,9.51,17126.29,9.59,16788.12,9.81,25906.27,9.88,37122.91,9.76,26181.54,9.77,27555.19,9.87,27801.77,9.57,18565.77
544,603637.SH,20201009,9.35,9.49,9.35,9.46,9.38,0.08000000000000007,0.85,18313.15,17880.12,9.86,43499.91,9.82,29614.32,9.86,29203.98,9.51,16979.44,9.6,16919.0,9.8,25517.98,9.87,35313.34,9.75,25200.97,9.79,27473.35,9.87,27700.89,9.57,18368.31
545,603637.SH,20200930,9.65,9.75,9.3,9.38,10.09,-0.7099999999999991,-7.04,50556.4,49749.63,9.98,44838.36,9.84,29011.99,9.88,30163.07,9.52,16945.66,9.6,16832.5,9.8,25303.96,9.89,34520.73,9.76,25324.65,9.82,28115.65,9.88,28100.61,9.57,18335.38
546,603637.SH,20200929,10.18,11.1,9.96,10.09,10.28,-0.1899999999999995,-1.85,89959.09,98634.464,10.12,43501.18,9.86,26514.83,9.91,29691.23,9.52,16667.71,9.61,16556.42,9.79,24682.07,9.91,30330.94,9.77,23353.2,9.86,28506.68,9.89,27890.78,9.57,17984.76
547,603637.SH,20200928,10.1,10.28,9.88,10.28,10.11,0.16999999999999993,1.68,24602.88,25691.712,10.06,33692.08,9.82,21125.21,9.92,28507.13,9.52,16128.04,9.61,16047.53,9.78,23529.04,9.87,22615.75,9.75,19516.23,9.87,26586.04,9.89,26845.25,9.57,17302.5
548,603637.SH,20200925,10.09,10.21,9.71,10.11,10.03,0.08000000000000007,0.8,34068.01,35219.576,9.96,31125.76,9.78,21061.95,9.93,29028.68,9.52,16045.71,9.61,15921.97,9.77,23267.22,9.81,21203.75,9.72,19096.79,9.86,26983.46,9.88,27025.79,9.56,17150.81
549,603637.SH,20200924,10.1,10.24,9.97,10.03,10.1,-0.07000000000000028,-0.69,25005.4,26124.762,9.88,27126.78,9.74,19892.29,9.93,28779.31,9.51,15906.41,9.61,15757.96,9.75,22937.5,9.77,19606.28,9.7,18097.46,9.87,27545.27,9.87,26756.79,9.55,16928.79
550,603637.SH,20200923,9.81,10.19,9.71,10.1,9.78,0.3200000000000003,3.27,43870.53,45357.228,9.81,24203.1,9.69,19150.55,9.94,28887.29,9.51,15793.09,9.61,15645.79,9.74,22647.6,9.72,19095.14,9.68,17899.17,9.88,27862.21,9.86,26544.67,9.54,16801.4
551,603637.SH,20200922,9.74,9.94,9.69,9.78,9.76,0.019999999999999574,0.2,40913.56,41440.346,9.71,17160.7,9.65,16741.84,9.94,29197.19,9.51,15589.72,9.61,15422.26,9.73,22155.66,9.68,17086.15,9.66,18463.91,9.89,28056.52,9.85,26042.94,9.54,16566.17
552,603637.SH,20200921,9.73,9.77,9.65,9.76,9.72,0.03999999999999915,0.41,11771.32,11853.856,9.68,11539.43,9.64,15193.63,9.95,28931.54,9.51,15423.12,9.62,15217.61,9.72,21710.94,9.67,14881.02,9.69,21833.5,9.92,28103.92,9.85,25514.52,9.53,16289.52
553,603637.SH,20200918,9.7,9.76,9.62,9.72,9.69,0.030000000000001137,0.31,14073.1,14168.004,9.67,11281.73,9.63,15144.1,9.95,29116.86,9.51,15463.65,9.62,15175.07,9.72,21639.47,9.64,15240.17,9.72,22771.33,9.93,28564.53,9.84,25505.93,9.53,16285.14
554,603637.SH,20200917,9.6,9.73,9.5,9.69,9.58,0.10999999999999943,1.15,10386.97,10321.287,9.66,12085.77,9.63,15078.45,9.95,29414.07,9.52,15449.09,9.63,15114.3,9.71,21507.08,9.62,15088.59,9.75,23553.35,9.95,29051.31,9.84,25604.78,9.52,16221.99
555,603637.SH,20200916,9.64,9.68,9.51,9.58,9.65,-0.07000000000000028,-0.73,8658.54,8603.16,9.63,13987.18,9.63,15526.68,9.96,29684.48,9.52,15459.57,9.63,15090.55,9.71,21474.76,9.62,16128.58,9.79,24913.12,9.97,30518.65,9.83,25518.98,9.52,16231.07
556,603637.SH,20200915,9.68,9.71,9.56,9.65,9.69,-0.03999999999999915,-0.41,12807.24,12807.363,9.66,17011.6,9.64,15943.83,9.96,29899.58,9.52,15468.95,9.64,15082.38,9.7,21509.11,9.63,16375.47,9.84,27594.54,9.98,31292.75,9.82,25428.34,9.52,16244.42
557,603637.SH,20200914,9.7,9.74,9.63,9.69,9.69,0.0,0.0,10482.82,10508.21,9.66,18222.61,9.64,16577.09,9.96,29980.09,9.53,15473.87,9.64,15053.14,9.7,21582.32,9.62,16416.7,9.87,28571.18,9.99,31468.24,9.82,25309.9,9.51,16329.66
558,603637.SH,20200911,9.58,9.79,9.47,9.69,9.53,0.16000000000000014,1.68,18093.3,18118.092,9.61,19198.61,9.64,20014.2,9.95,29985.97,9.53,15482.25,9.65,15019.51,9.69,21495.05,9.62,16989.83,9.89,29873.32,9.99,31924.77,9.81,25255.54,9.5,16295.38
559,603637.SH,20200910,9.81,9.89,9.48,9.53,9.75,-0.22000000000000064,-2.26,19894.0,20023.993,9.59,18091.4,9.69,26953.6,9.95,29779.77,9.53,15423.87,9.65,14929.5,9.68,21311.34,9.62,16588.65,9.92,31514.76,10.0,31974.35,9.8,25004.77,9.5,16209.18
560,603637.SH,20200909,9.54,9.81,9.54,9.75,9.65,0.09999999999999964,1.04,23780.62,23930.948,9.61,18269.97,9.76,27771.59,9.94,29767.37,9.54,15372.38,9.66,14836.68,9.67,21087.89,9.64,16703.21,9.96,32245.75,10.0,31843.61,9.8,24710.9,9.49,16100.63
561,603637.SH,20200908,9.44,9.66,9.37,9.65,9.43,0.22000000000000064,2.33,18862.33,18603.526,9.59,15739.34,9.8,28227.96,9.94,29546.16,9.54,15336.26,9.66,14715.18,9.66,20812.12,9.63,19841.67,10.0,33541.7,10.0,31569.08,9.79,24379.79,9.48,15965.56
562,603637.SH,20200907,9.55,9.63,9.39,9.43,9.57,-0.14000000000000057,-1.46,15362.8,15151.104,9.59,14610.8,9.87,29667.96,9.94,29463.78,9.55,15444.0,9.67,14626.08,9.64,20614.82,9.71,28785.98,10.04,34715.37,9.99,31296.42,9.78,24123.45,9.47,15880.46
563,603637.SH,20200904,9.58,9.6,9.44,9.57,9.67,-0.09999999999999964,-1.03,12557.26,12417.357,9.64,14781.05,9.95,33277.52,9.95,29446.72,9.55,15434.22,9.67,14551.59,9.64,20450.96,9.81,30302.49,10.08,35226.71,9.99,31153.75,9.77,23950.18,9.47,15861.6
564,603637.SH,20200903,9.65,9.82,9.55,9.67,9.63,0.03999999999999915,0.42,20786.85,20821.046,9.66,15085.89,10.01,34799.27,9.96,29543.32,9.55,15462.54,9.68,14489.75,9.63,20354.27,9.88,32018.11,10.11,36032.68,9.99,31384.26,9.76,23896.54,9.47,15822.24
565,603637.SH,20200902,9.6,9.73,9.59,9.63,9.63,0.0,0.0,11127.46,11106.906,9.66,15136.44,10.04,36009.94,9.95,29286.77,9.56,15442.87,9.68,14380.72,9.63,20110.96,9.96,33697.66,10.14,37713.69,9.99,31233.34,9.76,23604.48,9.47,15739.09
566,603637.SH,20200901,9.64,9.72,9.58,9.63,9.68,-0.049999999999998934,-0.52,13219.61,13183.231,9.67,23944.0,10.08,39071.07,9.95,29718.96,9.56,15465.52,9.69,14335.31,9.62,20002.56,10.05,38813.62,10.16,38751.39,9.99,31397.8,9.75,23535.27,9.47,15724.96
567,603637.SH,20200831,9.72,9.85,9.68,9.68,9.69,-0.009999999999999787,-0.1,16214.07,16405.023,9.83,42961.17,10.14,40709.08,9.96,30241.03,9.56,15496.11,9.69,14276.3,9.61,19868.74,10.11,40725.66,10.17,38994.01,10.0,31449.91,9.75,23440.94,9.47,15707.19
568,603637.SH,20200828,9.61,9.74,9.56,9.69,9.66,0.02999999999999936,0.31,14081.46,14135.41,9.98,45823.94,10.21,43284.9,9.97,30505.32,9.56,15553.17,9.7,14200.03,9.6,19723.3,10.16,42756.8,10.18,39392.23,10.0,31437.49,9.74,23277.56,9.47,15663.93
569,603637.SH,20200827,9.57,9.76,9.46,9.66,9.69,-0.02999999999999936,-0.31,21039.61,20919.693,10.1,48950.33,10.27,45458.3,9.98,31073.19,9.57,15832.37,9.7,14131.7,9.59,19579.18,10.21,46440.88,10.18,39667.2,9.99,31370.25,9.73,23111.93,9.47,15658.66
570,603637.SH,20200826,10.08,10.08,9.69,9.69,10.44,-0.75,-7.18,55165.26,56389.853,10.26,52258.88,10.31,45808.29,9.99,31222.51,9.58,15711.93,9.7,14028.98,9.59,19342.35,10.29,47788.29,10.18,39413.81,9.99,31529.66,9.72,22893.99,9.47,15571.1
571,603637.SH,20200825,10.61,10.61,9.65,10.44,10.41,0.02999999999999936,0.29,108305.43,117106.368,10.42,53683.23,10.35,43770.71,10.0,30844.01,9.58,15355.9,9.71,13714.38,9.58,18689.15,10.36,47241.73,10.18,37432.78,10.0,30723.15,9.72,22161.81,9.48,15213.44
572,603637.SH,20200824,10.24,10.5,10.1,10.41,10.3,0.10999999999999943,1.07,30527.94,32506.856,10.4,38490.15,10.34,39624.68,9.98,28775.21,9.58,14631.26,9.7,13089.66,9.57,17338.83,10.37,40644.76,10.14,32551.64,9.98,27952.97,9.7,20661.69,9.47,14417.12
573,603637.SH,20200821,10.38,10.43,10.23,10.3,10.45,-0.14999999999999858,-1.44,29713.43,31805.463,10.33,39689.67,10.31,39728.8,9.96,28678.14,9.58,14442.76,9.7,12917.12,9.55,16969.73,10.35,40150.92,10.09,31579.38,9.97,28048.34,9.67,20218.51,9.47,14279.46
574,603637.SH,20200820,10.42,10.56,10.19,10.45,10.51,-0.0600000000000005,-0.57,37582.36,40404.697,10.32,43931.43,10.27,38833.31,9.95,28846.43,9.58,14280.51,9.7,12750.9,9.53,16631.75,10.34,40047.24,10.04,31067.33,9.96,27928.44,9.65,19795.21,9.46,14104.25
575,603637.SH,20200819,10.21,10.62,10.1,10.51,10.31,0.1999999999999993,1.94,62287.01,66884.965,10.31,43317.69,10.23,37802.24,9.92,28268.36,9.58,14061.54,9.7,12540.79,9.51,16200.4,10.32,41729.71,10.0,30001.18,9.94,28085.57,9.63,19221.09,9.46,13912.6
576,603637.SH,20200818,10.06,10.33,9.97,10.31,10.1,0.21000000000000085,2.08,32339.99,33940.038,10.3,40800.23,10.17,34517.15,9.89,26797.5,9.58,13671.31,9.7,12190.01,9.49,15433.27,10.28,38689.15,9.97,27689.89,9.93,27274.88,9.6,18234.6,9.45,13534.57
577,603637.SH,20200817,10.16,10.21,9.96,10.1,10.22,-0.120000000000001,-1.17,36525.54,38065.249,10.34,42799.37,10.12,33258.07,9.87,26251.24,9.58,13490.66,9.7,12031.05,9.48,15096.34,10.23,37262.36,9.94,26812.03,9.91,27104.47,9.57,17763.35,9.45,13411.8
578,603637.SH,20200814,10.52,10.52,10.07,10.22,10.42,-0.1999999999999993,-1.92,50922.25,54105.681,10.37,40612.17,10.09,31644.15,9.85,25447.8,9.58,13268.83,9.7,11819.7,9.46,14692.81,10.2,36027.66,9.92,25777.84,9.89,27068.12,9.55,17205.81,9.45,13207.22
579,603637.SH,20200813,10.42,10.57,10.34,10.42,10.47,-0.05000000000000071,-0.48,34513.65,37388.386,10.36,36163.06,10.03,28548.8,9.82,24281.13,9.59,12941.61,9.7,11524.53,9.45,14168.25,10.16,32893.51,9.88,23834.94,9.87,25968.31,9.54,16445.53,9.45,12882.01
580,603637.SH,20200812,10.42,10.57,10.14,10.47,10.48,-0.009999999999999787,-0.1,49699.71,53543.447,10.33,40141.73,9.95,26746.41,9.8,23854.39,9.59,12746.19,9.7,11329.91,9.44,13971.38,10.08,31039.34,9.84,23400.35,9.84,25227.12,9.51,15912.61,9.45,12677.8
581,603637.SH,20200811,10.27,10.48,10.1,10.48,10.27,0.21000000000000085,2.04,42335.71,45169.602,10.25,36578.08,9.87,24421.24,9.76,22546.72,9.59,12451.6,9.7,11045.22,9.43,13449.59,10.0,27623.83,9.82,22463.86,9.81,24029.37,9.49,15134.25,9.44,12376.27
582,603637.SH,20200810,10.04,10.3,10.02,10.27,10.17,0.09999999999999964,0.98,25589.51,26980.495,10.12,31725.35,9.81,22415.37,9.73,21396.26,9.59,12212.22,9.7,10802.75,9.41,13019.3,9.91,24458.53,9.79,21607.08,9.78,22925.13,9.46,14481.71,9.44,12120.88
583,603637.SH,20200807,10.27,10.39,9.98,10.17,10.25,-0.08000000000000007,-0.78,28676.72,30216.728,10.04,31443.16,9.77,21682.43,9.7,20811.3,9.59,12067.85,9.69,10661.54,9.4,12921.81,9.82,23007.84,9.78,21997.05,9.75,22447.33,9.44,14143.65,9.44,11988.36
584,603637.SH,20200806,10.09,10.71,9.96,10.25,10.07,0.17999999999999972,1.79,54407.01,58333.02,9.95,29623.96,9.74,20613.66,9.67,20180.24,9.59,11888.72,9.69,10513.7,9.39,12672.55,9.74,22087.41,9.77,21869.03,9.72,22158.25,9.43,13720.24,9.44,11853.38
585,603637.SH,20200805,9.84,10.11,9.77,10.07,9.82,0.25,2.55,31881.45,32975.089,9.83,21936.95,9.7,17647.09,9.64,18669.67,9.59,11540.11,9.69,10210.64,9.38,12014.2,9.68,18272.65,9.76,21263.5,9.69,20519.32,9.41,12868.08,9.44,11554.82
586,603637.SH,20200804,9.9,9.94,9.76,9.82,9.87,-0.049999999999998934,-0.51,18072.07,18421.333,9.75,18669.58,9.65,16122.7,9.61,17798.5,9.59,11341.25,9.7,10043.78,9.37,11659.97,9.66,16690.64,9.75,21567.74,9.67,19563.94,9.4,12439.65,9.44,11575.62
587,603637.SH,20200803,9.76,9.9,9.72,9.87,9.74,0.129999999999999,1.33,24178.55,24598.943,9.7,17191.71,9.63,16718.83,9.59,17382.09,9.6,11242.18,9.7,9957.57,9.36,11480.7,9.65,16361.7,9.74,22025.52,9.65,19151.57,9.39,12255.63,9.45,11541.3
588,603637.SH,20200731,9.78,9.79,9.61,9.74,9.65,0.08999999999999986,0.93,19580.74,19693.203,9.6,14572.52,9.65,17241.25,9.57,16773.36,9.6,11093.53,9.71,9856.87,9.36,11233.49,9.64,15528.01,9.74,22588.35,9.63,18586.31,9.37,11900.08,9.45,11478.44
589,603637.SH,20200730,9.81,9.81,9.61,9.65,9.69,-0.03999999999999915,-0.41,15971.94,16017.697,9.53,14550.86,9.66,17673.5,9.55,16343.54,9.61,10972.18,9.72,9757.51,9.35,11085.4,9.61,14776.37,9.73,22505.72,9.61,18035.19,9.36,11646.49,9.45,11464.89
590,603637.SH,20200729,9.58,9.74,9.47,9.69,9.53,0.16000000000000014,1.68,15544.62,15521.149,9.54,14608.36,9.69,19013.27,9.53,16148.44,9.61,10877.66,9.72,9680.31,9.35,11063.91,9.59,15761.36,9.72,22321.01,9.59,17578.19,9.35,11467.46,9.45,11451.69
591,603637.SH,20200728,9.47,9.66,9.46,9.53,9.39,0.1399999999999988,1.49,10682.69,10556.556,9.56,14711.69,9.71,19826.49,9.52,15787.22,9.62,10793.69,9.73,9622.99,9.35,10969.76,9.63,17303.9,9.72,22232.14,9.57,17190.51,9.34,11287.6,9.46,11469.03
592,603637.SH,20200727,9.48,9.51,9.24,9.39,9.38,0.009999999999999787,0.11,11082.6,10785.963,9.61,15531.7,9.75,22258.3,9.52,15678.17,9.62,10742.05,9.74,9576.39,9.35,10935.15,9.68,18755.63,9.71,22158.43,9.56,16950.48,9.33,11227.38,9.46,11583.6
593,603637.SH,20200724,9.71,9.83,9.33,9.38,9.7,-0.3199999999999985,-3.3,19472.46,19269.118,9.67,16483.5,9.79,24326.28,9.51,15574.56,9.63,10688.18,9.75,9526.87,9.35,10872.73,9.74,20986.25,9.71,22167.08,9.55,16746.62,9.33,11147.03,9.47,11943.63
594,603637.SH,20200723,9.7,9.76,9.43,9.7,9.78,-0.08000000000000007,-0.82,16259.43,16174.287,9.68,15001.87,9.82,24922.83,9.51,15190.4,9.64,10570.55,9.76,9453.01,9.34,10712.1,9.79,21650.66,9.72,22193.68,9.54,16408.82,9.33,11015.49,9.48,11812.16
595,603637.SH,20200722,9.82,9.88,9.67,9.78,9.8,-0.02000000000000135,-0.2,16061.26,16306.253,9.65,16914.36,9.82,26397.88,9.49,14834.06,9.64,10483.2,9.77,9400.72,9.34,10624.88,9.83,24254.34,9.7,21642.65,9.52,15975.61,9.33,11073.64,9.48,11709.14
596,603637.SH,20200721,9.57,9.86,9.57,9.8,9.69,0.11000000000000121,1.14,14782.76,14949.388,9.71,19896.11,9.8,26541.49,9.48,14595.88,9.64,10385.53,9.78,9349.96,9.33,10619.31,9.85,26444.85,9.67,21000.59,9.51,15672.73,9.32,10982.04,9.49,11608.28
597,603637.SH,20200720,9.46,9.78,9.46,9.69,9.45,0.2400000000000002,2.54,15841.61,15849.617,9.74,21979.55,9.78,26348.8,9.46,14491.52,9.65,10301.82,9.79,9337.23,9.32,10525.07,9.84,27689.34,9.64,20546.5,9.49,15431.97,9.31,10903.39,9.49,11513.28
598,603637.SH,20200717,9.52,9.6,9.15,9.45,9.53,-0.08000000000000007,-0.84,12064.31,11786.352,9.8,25489.01,9.77,26189.23,9.45,14563.77,9.65,10201.31,9.8,9272.89,9.32,10463.81,9.84,29648.68,9.63,20115.46,9.48,15117.62,9.31,10944.0,9.5,11434.18
599,603637.SH,20200716,9.99,10.06,9.45,9.53,10.08,-0.5500000000000007,-5.46,25821.86,26263.671,9.9,28299.44,9.77,25969.55,9.44,14324.75,9.66,10128.79,9.81,9228.46,9.31,10389.55,9.85,30235.06,9.61,19664.61,9.47,14853.6,9.31,10909.29,9.51,11384.06
600,603637.SH,20200715,9.99,10.14,9.84,10.08,9.95,0.13000000000000078,1.31,30970.0,32099.998,10.0,31594.32,9.76,24849.06,9.42,13692.2,9.66,9963.87,9.81,9094.44,9.31,10198.27,9.85,28880.66,9.59,18486.61,9.46,14258.31,9.31,10562.77,9.51,11219.67
601,603637.SH,20200714,9.98,10.05,9.81,9.95,10.0,-0.05000000000000071,-0.5,25199.97,25942.791,9.98,32993.59,9.72,24005.56,9.39,12873.52,9.67,9769.68,9.82,8936.39,9.3,9922.15,9.8,27160.39,9.54,17133.81,9.44,13600.47,9.29,10135.18,9.52,11014.3
602,603637.SH,20200713,9.84,10.09,9.83,10.0,9.93,0.07000000000000028,0.7,33388.89,34484.627,9.93,33399.13,9.67,22470.1,9.35,12223.45,9.67,9632.7,9.83,8808.42,9.29,9893.29,9.74,25561.23,9.5,16047.91,9.42,13370.4,9.28,9792.29,9.52,10842.49
603,603637.SH,20200710,10.04,10.18,9.89,9.93,10.05,-0.120000000000001,-1.19,26116.47,27059.143,9.87,33808.36,9.61,20149.41,9.32,11361.0,9.67,9406.44,9.83,8650.57,9.27,9533.03,9.68,23347.9,9.46,14626.8,9.38,12388.69,9.27,9329.77,9.53,10595.94
604,603637.SH,20200709,9.83,10.11,9.83,10.05,9.98,0.07000000000000028,0.7,42296.29,43749.825,9.79,32170.69,9.56,18578.98,9.29,10683.24,9.67,9232.29,9.84,8527.44,9.25,9288.14,9.64,22736.7,9.41,13787.91,9.35,11661.98,9.26,9035.73,9.53,10431.41
605,603637.SH,20200708,9.63,10.06,9.59,9.98,9.69,0.2900000000000009,2.99,37966.35,38438.18,9.7,26167.0,9.5,15880.87,9.26,9595.28,9.67,8949.84,9.85,8309.65,9.24,8815.76,9.57,19030.96,9.37,11836.24,9.31,10356.61,9.26,8570.14,9.54,10139.6
606,603637.SH,20200707,9.78,9.8,9.58,9.69,9.72,-0.030000000000001137,-0.31,27227.64,27373.179,9.61,21327.18,9.44,13194.79,9.24,8553.29,9.67,8697.2,9.86,8095.38,9.22,8410.5,9.5,15556.32,9.34,10286.68,9.27,9194.31,9.25,8078.74,9.54,9888.75
607,603637.SH,20200706,9.48,9.75,9.47,9.72,9.52,0.20000000000000107,2.1,35435.07,35322.017,9.56,17723.33,9.4,11274.35,9.22,7840.65,9.67,8517.55,9.86,7948.59,9.21,8162.8,9.45,13403.65,9.32,9303.28,9.24,8422.24,9.24,7759.74,9.55,9701.85
608,603637.SH,20200703,9.5,9.54,9.35,9.52,9.57,-0.05000000000000071,-0.52,17928.09,17495.847,9.49,12887.43,9.35,8849.66,9.19,6892.06,9.68,8283.45,9.87,7758.63,9.2,7865.0,9.41,10582.23,9.3,7852.09,9.22,7343.49,9.24,7275.83,9.55,9430.58
609,603637.SH,20200702,9.51,9.62,9.46,9.57,9.55,0.019999999999999574,0.21,12277.83,12137.945,9.49,13302.7,9.32,7738.41,9.18,6520.83,9.68,8184.59,9.88,7676.79,9.2,7730.41,9.38,9094.15,9.28,7162.88,9.2,6922.75,9.23,7100.79,9.56,9316.24
610,603637.SH,20200701,9.45,9.59,9.43,9.56,9.42,0.14000000000000057,1.49,13767.26,19279.434,9.44,11894.92,9.28,7176.01,9.17,6255.96,9.69,8121.48,9.89,7631.26,9.2,7710.83,9.33,8092.56,9.27,6947.13,9.18,6598.1,9.22,7058.13,9.57,9240.98
611,603637.SH,20200630,9.32,9.47,9.32,9.42,9.37,0.05000000000000071,0.53,9208.39,12762.92,9.38,9785.47,9.24,6835.35,9.16,5947.42,9.69,8051.45,9.9,7572.83,9.2,7653.02,9.29,7107.24,9.25,6820.51,9.17,6239.12,9.22,7089.4,9.58,9157.96
612,603637.SH,20200629,9.49,9.49,9.3,9.37,9.54,-0.16999999999999993,-1.78,11255.57,15544.316,9.35,9083.98,9.23,6378.02,9.15,5858.22,9.7,8011.82,9.91,7560.92,9.2,7678.08,9.26,6534.58,9.25,7274.99,9.15,6038.29,9.22,7064.51,9.58,9104.34
613,603637.SH,20200624,9.34,9.77,9.22,9.54,9.32,0.21999999999999886,2.36,20004.47,28118.019,9.34,8277.02,9.23,6048.74,9.15,5733.98,9.71,7983.38,9.92,7562.75,9.21,7674.97,9.23,5905.7,9.23,6909.09,9.14,5839.97,9.22,7064.36,9.59,9028.09
614,603637.SH,20200623,9.3,9.35,9.22,9.32,9.24,0.08000000000000007,0.87,5238.92,7163.165,9.26,4885.6,9.21,5091.46,9.14,5229.3,9.72,7863.83,9.93,7470.21,9.21,7587.57,9.18,4839.12,9.2,6124.62,9.13,5282.23,9.21,6839.2,9.6,8881.06
615,603637.SH,20200622,9.24,9.29,9.22,9.24,9.28,-0.03999999999999915,-0.43,3220.0,4385.507,9.22,4290.19,9.2,5181.64,9.13,5203.61,9.73,7847.76,9.94,7458.09,9.22,7658.15,9.18,4641.53,9.18,6019.43,9.13,5216.83,9.21,6943.15,9.61,8866.18
616,603637.SH,20200619,9.3,9.33,9.21,9.28,9.3,-0.02000000000000135,-0.22,5700.92,7777.419,9.19,4429.01,9.2,5252.7,9.13,5262.74,9.75,7866.07,9.95,7467.33,9.23,7778.49,9.19,5017.03,9.15,6013.31,9.13,5315.36,9.21,7060.5,9.62,8866.4
617,603637.SH,20200618,9.15,9.35,9.12,9.3,9.15,0.15000000000000036,1.64,7220.81,9827.721,9.16,3985.19,9.2,5426.7,9.12,5234.85,9.76,7845.98,9.96,7447.23,9.24,7872.44,9.19,5202.92,9.13,5931.53,9.13,5359.7,9.2,7349.41,9.63,8846.61
618,603637.SH,20200617,9.16,9.18,9.09,9.15,9.15,0.0,0.0,3047.35,4098.176,9.13,3534.37,9.2,5735.46,9.11,5230.41,9.77,7814.68,9.97,7427.67,9.25,7962.95,9.18,5121.96,9.12,5724.13,9.12,5213.86,9.2,7335.21,9.64,8807.54
619,603637.SH,20200616,9.09,9.17,9.09,9.15,9.09,0.0600000000000005,0.66,2261.87,3040.691,9.11,4792.64,9.22,6908.6,9.11,5324.93,9.78,7842.06,9.98,7426.11,9.25,8038.16,9.19,5231.6,9.12,5837.05,9.12,5257.78,9.19,7413.59,9.65,8812.82
620,603637.SH,20200615,9.1,9.26,9.06,9.09,9.11,-0.019999999999999574,-0.22,3914.1,5274.737,9.13,4992.86,9.2,7037.49,9.12,5599.0,9.79,7877.9,9.99,7437.49,9.26,8202.46,9.2,5801.71,9.11,5850.88,9.12,5356.74,9.18,7490.36,9.65,8810.61
621,603637.SH,20200612,9.06,9.15,9.01,9.11,9.13,-0.02000000000000135,-0.22,3481.83,4651.927,9.18,5605.04,9.19,7068.34,9.13,6064.72,9.81,7902.68,10.0,7456.71,9.27,8375.92,9.22,6533.77,9.1,5805.06,9.11,5384.69,9.18,7551.33,9.66,8800.73
622,603637.SH,20200611,9.06,9.14,9.01,9.13,9.06,0.07000000000000028,0.77,4966.69,6634.196,9.22,6420.64,9.17,7041.67,9.14,6273.05,9.83,7966.22,10.01,7461.11,9.28,8564.26,9.25,8015.4,9.1,5790.14,9.11,5504.29,9.17,7637.46,9.67,8783.12
623,603637.SH,20200610,9.28,9.28,9.06,9.06,9.28,-0.21999999999999886,-2.37,9338.69,12548.698,9.24,6709.55,9.14,6897.89,9.15,6422.97,9.84,7966.23,10.02,7467.16,9.3,8657.72,9.23,7912.48,9.1,5807.11,9.11,5547.44,9.17,7773.02,9.68,8755.24
624,603637.SH,20200609,9.32,9.35,9.25,9.28,9.34,-0.0600000000000005,-0.64,3263.0,4456.942,9.27,5670.56,9.12,6492.26,9.16,6685.88,9.86,7933.02,10.04,7447.36,9.31,8691.83,9.22,7410.12,9.1,5503.79,9.12,5622.16,9.18,7747.94,9.69,8694.7
625,603637.SH,20200608,9.23,9.38,9.23,9.34,9.28,0.0600000000000005,0.65,6975.01,9578.678,9.26,6610.56,9.1,6477.62,9.17,6883.5,9.87,7932.39,10.05,7463.84,9.32,8781.77,9.17,7397.33,9.1,5504.49,9.13,6171.67,9.18,7873.7,9.7,8692.56
626,603637.SH,20200605,9.28,9.3,9.18,9.28,9.24,0.03999999999999915,0.43,7559.81,10304.09,9.26,7462.5,9.09,6349.21,9.16,6826.32,9.88,7913.53,10.06,7460.37,9.34,8868.98,9.12,7009.59,9.1,5464.52,9.14,6291.34,9.19,7914.65,9.71,8680.06
627,603637.SH,20200604,9.26,9.29,9.14,9.24,9.22,0.019999999999999574,0.22,6411.22,8698.759,9.28,9610.16,9.07,5962.95,9.16,6760.29,9.89,7885.84,10.07,7466.6,9.35,8924.04,9.07,6660.15,9.1,5438.09,9.14,6374.81,9.19,7973.45,9.72,8623.79
628,603637.SH,20200603,9.2,9.26,9.18,9.22,9.24,-0.019999999999999574,-0.22,4143.78,5618.29,9.22,9115.41,9.05,5700.39,9.17,6707.79,9.91,7887.93,10.08,7469.04,9.36,8967.72,9.05,6326.3,9.09,5259.81,9.15,6770.37,9.2,8050.3,9.73,8579.02
629,603637.SH,20200602,9.31,9.32,9.22,9.24,9.32,-0.08000000000000007,-0.86,7963.0,10855.319,9.16,9149.68,9.04,5626.5,9.17,6751.73,9.92,7896.02,10.09,7511.3,9.37,9078.86,9.04,6442.49,9.09,5270.88,9.15,6964.97,9.21,8205.39,9.73,8558.02
630,603637.SH,20200601,9.35,9.41,9.18,9.32,9.36,-0.03999999999999915,-0.43,11234.68,15353.014,9.08,8184.1,9.02,5422.12,9.17,6766.77,9.94,7878.84,10.1,7507.27,9.39,9220.41,9.02,5900.04,9.07,5134.25,9.15,6867.24,9.22,8248.22,9.74,8504.87
631,603637.SH,20200529,8.92,9.49,8.92,9.36,8.96,0.3999999999999986,4.46,18298.1,24995.733,8.97,6556.68,9.01,4809.64,9.18,6858.7,9.95,7813.0,10.12,7519.31,9.4,9528.98,8.99,5076.36,9.05,4810.16,9.15,6669.9,9.24,8265.07,9.75,8422.58
632,603637.SH,20200528,8.88,8.99,8.84,8.96,8.92,0.040000000000000924,0.45,3937.49,5175.008,8.87,3710.15,9.0,3654.16,9.19,6570.02,9.96,7702.75,10.13,7496.69,9.41,9471.06,8.95,3564.88,9.04,4248.74,9.15,6214.17,9.25,8172.56,9.75,8284.46
633,603637.SH,20200527,8.94,8.94,8.82,8.92,8.86,0.0600000000000005,0.68,4315.14,5631.127,8.88,3537.19,9.02,3826.33,9.2,6692.07,9.97,7698.54,10.14,7549.22,9.42,9640.36,8.96,3701.73,9.05,4364.92,9.16,6270.86,9.26,8340.42,9.76,8282.42
634,603637.SH,20200526,8.89,8.89,8.77,8.86,8.75,0.10999999999999943,1.26,3135.09,4075.261,8.92,3735.3,9.05,4035.26,9.21,6753.41,9.99,7697.03,10.16,7596.43,9.44,9822.22,8.99,3597.45,9.07,4728.17,9.18,6409.49,9.27,8413.29,9.77,8273.04
635,603637.SH,20200525,8.97,9.02,8.75,8.75,8.84,-0.08999999999999986,-1.02,3097.59,4016.295,8.96,3615.98,9.07,4012.99,9.22,6879.6,10.0,7707.08,10.17,7625.72,9.46,9972.27,9.03,3611.64,9.11,5558.84,9.2,6783.67,9.29,8604.12,9.79,8277.61
636,603637.SH,20200522,9.03,9.03,8.79,8.84,9.03,-0.1899999999999995,-2.1,4065.43,5314.974,9.0,3596.04,9.1,4110.49,9.23,7074.32,10.02,7712.61,10.19,7677.5,9.47,10165.97,9.08,3919.45,9.15,5932.22,9.23,6963.18,9.31,8834.55,9.81,8280.97
637,603637.SH,20200521,9.06,9.21,9.0,9.03,9.13,-0.10000000000000142,-1.1,3072.72,4110.273,9.04,3419.61,9.11,4200.11,9.25,7414.85,10.03,7734.33,10.21,7743.25,9.49,10437.5,9.13,4216.03,9.17,6232.14,9.25,7097.24,9.33,9060.24,9.82,8306.77
638,603637.SH,20200520,9.07,9.26,9.03,9.13,9.05,0.08000000000000007,0.88,5305.68,7134.944,9.04,3866.27,9.1,4329.35,9.26,7551.38,10.05,7793.31,10.22,7798.25,9.51,11120.35,9.13,4193.31,9.2,6992.4,9.26,7208.17,9.34,9208.63,9.84,8304.41
639,603637.SH,20200519,9.04,9.12,9.01,9.05,8.97,0.08000000000000007,0.89,2538.46,3380.916,9.06,3459.61,9.1,4465.04,9.26,7726.12,10.06,7786.78,10.24,7880.48,9.53,11098.89,9.13,4099.26,9.21,7226.22,9.26,7278.83,9.36,9318.5,9.85,8284.56
640,603637.SH,20200518,9.03,9.09,8.94,8.97,9.03,-0.05999999999999872,-0.66,2997.89,3979.068,9.09,3607.31,9.11,4751.4,9.26,7842.49,10.08,7791.31,10.26,8067.33,9.54,11117.01,9.13,4368.46,9.22,7350.84,9.26,7518.15,9.38,9442.99,9.87,8312.22
641,603637.SH,20200515,9.06,9.07,9.0,9.03,9.02,0.009999999999999787,0.11,3183.28,4229.049,9.15,4242.86,9.14,5411.59,9.27,8091.85,10.09,7803.69,10.27,8181.28,9.56,11129.8,9.12,4543.95,9.23,7466.67,9.28,7939.68,9.4,9618.29,9.89,8310.63
642,603637.SH,20200514,9.06,9.17,9.01,9.02,9.22,-0.20000000000000107,-2.17,5306.06,7080.893,9.21,5012.46,9.19,6685.83,9.27,8300.01,10.11,7797.59,10.28,8234.85,9.58,11132.47,9.12,4932.59,9.25,7538.82,9.29,8090.73,9.42,9760.05,9.9,8306.72
643,603637.SH,20200513,9.14,9.24,9.11,9.22,9.22,0.0,0.0,3272.35,4428.783,9.22,4520.35,9.22,7090.38,9.28,8821.47,10.12,7787.93,10.29,8282.31,9.6,11146.39,9.15,5028.1,9.27,7555.42,9.29,8288.75,9.44,9833.08,9.92,8320.75
644,603637.SH,20200512,9.11,9.3,9.11,9.22,9.24,-0.019999999999999574,-0.22,3276.96,4442.477,9.2,4738.91,9.22,7612.8,9.27,8912.54,10.13,7784.53,10.29,8322.99,9.61,11183.42,9.16,5858.89,9.27,7815.51,9.29,8396.17,9.45,9986.52,9.93,8355.34
645,603637.SH,20200511,9.34,9.43,9.21,9.24,9.34,-0.09999999999999964,-1.07,6175.66,8454.294,9.16,5129.61,9.25,8766.72,9.25,9044.11,10.14,7790.85,10.3,8343.43,9.63,11220.98,9.2,7506.04,9.29,8369.69,9.29,8669.47,9.47,10241.56,9.95,8390.39
646,603637.SH,20200508,9.09,9.37,9.09,9.34,9.09,0.25,2.75,7031.27,9592.191,9.09,4845.04,9.26,9059.51,9.24,9064.47,10.16,7797.7,10.31,8334.37,9.65,11222.99,9.22,7944.99,9.31,8485.04,9.29,8805.64,9.49,10711.6,9.97,8444.19
647,603637.SH,20200507,9.11,9.15,9.06,9.09,9.12,-0.02999999999999936,-0.33,2845.5,3811.071,9.03,4852.73,9.25,8905.64,9.22,9080.37,10.17,7778.21,10.31,8345.69,9.66,11190.34,9.21,8248.26,9.31,8537.84,9.28,9339.12,9.51,10826.97,9.99,8426.99
648,603637.SH,20200506,8.85,9.13,8.85,9.12,9.0,0.11999999999999922,1.33,4365.17,5806.538,9.07,5535.85,9.27,9095.57,9.21,9251.09,10.18,7800.04,10.32,8375.16,9.68,11203.1,9.26,9791.49,9.32,8715.6,9.27,9456.57,9.52,11056.8,10.0,8441.25
649,603637.SH,20200430,8.92,9.06,8.92,9.0,8.9,0.09999999999999964,1.12,5230.45,6918.155,9.12,6978.87,9.29,9115.65,9.21,9508.0,10.19,7811.35,10.33,8392.98,9.7,11229.88,9.29,10353.17,9.32,8868.61,9.26,9569.4,9.53,11283.29,10.02,8431.31
650,603637.SH,20200429,9.04,9.13,8.84,8.9,9.04,-0.1399999999999988,-1.55,4752.83,6283.531,9.23,9882.47,9.31,9147.0,9.22,9584.58,10.21,7817.02,10.34,8410.34,9.72,11257.19,9.31,10333.22,9.33,9093.0,9.25,9623.99,9.55,11435.92,10.04,8423.21
651,603637.SH,20200428,9.3,9.32,8.35,9.04,9.28,-0.2400000000000002,-2.59,7069.69,9375.235,9.34,11044.94,9.35,9433.25,9.24,9762.69,10.22,7828.38,10.34,8461.16,9.75,11298.68,9.35,10389.4,9.36,9637.54,9.24,9717.96,9.57,11650.47,10.05,8413.38
652,603637.SH,20200427,9.37,9.51,9.19,9.28,9.36,-0.08000000000000007,-0.85,6261.12,8616.85,9.39,11643.78,9.4,9994.09,9.26,9832.17,10.24,7839.1,10.35,8432.42,9.77,11268.42,9.38,10145.05,9.37,9669.79,9.24,9770.63,9.59,11939.81,10.07,8410.4
653,603637.SH,20200424,9.43,9.6,9.24,9.36,9.58,-0.22000000000000064,-2.3,11580.28,16014.082,9.46,14047.13,9.42,10164.98,9.27,9974.13,10.25,7843.0,10.35,8413.81,9.78,11223.36,9.39,10082.73,9.37,9919.07,9.23,9998.59,9.62,12740.23,10.09,8402.45
654,603637.SH,20200423,9.52,9.92,9.3,9.58,9.45,0.13000000000000078,1.38,19748.42,28125.17,9.46,13727.47,9.42,9896.29,9.28,9957.72,10.26,7840.95,10.36,8371.08,9.79,11125.06,9.39,9772.12,9.36,9664.8,9.23,9873.72,9.63,12608.83,10.11,8351.7
655,603637.SH,20200422,9.25,9.62,9.13,9.45,9.3,0.14999999999999858,1.61,10565.18,14493.863,9.38,10783.98,9.39,8869.55,9.29,9772.45,10.28,7754.39,10.36,8286.09,9.8,10905.03,9.39,9233.33,9.34,9251.19,9.23,9575.73,9.64,12344.65,10.12,8201.75
656,603637.SH,20200421,9.52,9.52,9.27,9.3,9.59,-0.28999999999999915,-3.02,10063.92,13861.495,9.35,9733.86,9.37,8628.02,9.31,9771.48,10.29,7773.16,10.36,8258.17,9.82,10814.9,9.41,9025.09,9.32,9235.97,9.24,9537.96,9.65,12234.51,10.13,8133.88
657,603637.SH,20200420,9.61,9.92,9.52,9.59,9.39,0.1999999999999993,2.13,18277.85,26015.287,9.37,8646.32,9.36,8601.43,9.33,9835.66,10.31,7803.8,10.36,8261.92,9.83,10717.69,9.42,8827.43,9.31,9884.55,9.25,9572.09,9.67,12123.17,10.14,8077.78
658,603637.SH,20200417,9.21,9.62,9.21,9.39,9.16,0.23000000000000043,2.51,9981.97,13851.267,9.31,6118.34,9.35,8398.79,9.34,9673.0,10.32,7765.86,10.37,8182.67,9.84,10502.07,9.38,7639.72,9.28,9289.11,9.25,9330.24,9.68,11924.37,10.15,7959.61
659,603637.SH,20200416,9.26,9.31,9.11,9.16,9.32,-0.16000000000000014,-1.72,5030.97,6799.064,9.32,5816.77,9.34,8224.39,9.35,9791.44,10.33,7781.92,10.37,8173.39,9.85,10400.45,9.36,7384.06,9.24,9177.52,9.27,9445.81,9.7,11858.84,10.17,7914.62
660,603637.SH,20200415,9.3,9.44,9.28,9.32,9.38,-0.0600000000000005,-0.64,5314.57,7285.284,9.41,7682.69,9.35,8702.52,9.36,9898.99,10.35,7803.12,10.38,8176.34,9.87,10379.42,9.36,7852.78,9.22,9269.37,9.3,9629.19,9.72,11876.56,10.18,7905.14
661,603637.SH,20200414,9.3,9.42,9.28,9.38,9.32,0.0600000000000005,0.64,4626.26,6366.356,9.47,8316.32,9.33,8793.32,9.38,10171.64,10.37,7848.5,10.38,8186.93,9.89,10351.84,9.37,8885.68,9.19,9382.24,9.32,9860.24,9.74,11893.42,10.2,7920.8
662,603637.SH,20200413,9.45,9.49,9.23,9.32,9.41,-0.08999999999999986,-0.96,5637.92,7729.512,9.47,9008.53,9.32,9320.24,9.39,10533.32,10.38,7921.77,10.39,8189.46,9.9,10334.5,9.36,9194.53,9.16,9583.42,9.34,10130.94,9.76,11892.68,10.22,7978.62
663,603637.SH,20200410,9.72,9.72,9.36,9.41,9.6,-0.1899999999999995,-1.98,8474.13,11888.894,9.44,9161.1,9.31,9675.84,9.41,10885.35,10.4,7968.5,10.4,8177.91,9.92,10293.1,9.35,9755.41,9.15,9956.53,9.35,10409.98,9.78,11862.1,10.23,7968.02
664,603637.SH,20200409,9.62,9.77,9.43,9.6,9.62,-0.019999999999999574,-0.21,14360.57,20387.086,9.4,8951.34,9.28,10795.96,9.43,10988.36,10.41,8043.0,10.4,8165.74,9.93,10229.19,9.32,9557.49,9.15,9924.52,9.37,10417.09,9.8,11827.09,10.25,7923.99
665,603637.SH,20200408,9.32,9.62,9.29,9.62,9.38,0.23999999999999844,2.56,8482.73,11771.273,9.31,8022.86,9.23,10181.22,9.45,10915.91,10.43,8180.2,10.41,8108.43,9.93,10064.34,9.28,9269.05,9.15,9746.93,9.38,10424.57,9.82,11709.06,10.26,7844.16
666,603637.SH,20200407,9.41,9.41,9.26,9.38,9.2,0.1800000000000015,1.96,8087.32,11105.498,9.28,9455.04,9.15,10124.87,9.47,10960.78,10.44,8275.85,10.41,8092.94,9.94,9987.62,9.24,9446.85,9.15,9794.4,9.38,10705.92,9.84,11698.75,10.27,7792.68
667,603637.SH,20200403,9.19,9.29,9.18,9.2,9.19,0.009999999999999787,0.11,6400.73,8694.78,9.25,9380.53,9.1,10031.08,9.49,11120.44,10.45,8304.66,10.42,8080.72,9.95,9898.03,9.21,10941.68,9.16,9944.42,9.4,11023.24,9.85,11643.97,10.28,7757.91
668,603637.SH,20200402,9.18,9.26,9.12,9.19,9.18,0.009999999999999787,0.11,7425.37,10026.421,9.26,10349.72,9.07,10121.16,9.52,11275.98,10.46,8352.76,10.43,8088.36,9.97,9834.3,9.17,10938.51,9.19,10175.5,9.43,11209.09,9.87,11585.32,10.3,7727.76
669,603637.SH,20200401,9.28,9.4,9.18,9.18,9.44,-0.2599999999999998,-2.75,9718.16,13273.481,9.24,10163.64,9.04,10215.35,9.55,11342.51,10.47,8371.66,10.43,8081.29,9.98,9762.95,9.12,10970.98,9.23,10476.69,9.47,11358.16,9.89,11531.69,10.31,7700.77
670,603637.SH,20200331,9.28,9.89,9.18,9.44,9.23,0.20999999999999908,2.28,15643.6,21703.055,9.25,10515.23,9.04,10475.5,9.57,11423.71,10.48,8350.91,10.44,8067.86,10.0,9673.46,9.08,10685.97,9.27,10517.4,9.5,11367.83,9.91,11423.82,10.33,7679.47
671,603637.SH,20200330,9.18,9.26,9.11,9.23,9.26,-0.02999999999999936,-0.32,7714.77,10442.556,9.2,9438.67,9.03,9874.77,9.6,11510.06,10.48,8274.53,10.45,8029.4,10.01,9537.87,9.01,9878.79,9.29,10347.52,9.52,11296.91,9.93,11226.52,10.34,7584.31
672,603637.SH,20200327,9.16,9.41,9.16,9.26,9.11,0.15000000000000036,1.65,11246.68,15388.367,9.17,12502.84,9.06,10112.77,9.64,12294.27,10.49,8283.08,10.46,8024.43,10.02,9445.79,8.97,9972.3,9.33,10599.14,9.56,11429.38,9.95,11144.16,10.36,7569.94
673,603637.SH,20200326,9.18,9.28,9.02,9.11,9.22,-0.11000000000000121,-1.19,6494.97,8764.317,9.09,11527.3,9.09,9973.18,9.66,12373.88,10.5,8259.32,10.46,8033.91,10.04,9309.67,8.95,10157.64,9.36,10737.26,9.58,11377.4,9.97,10991.83,10.37,7526.15
674,603637.SH,20200325,9.27,9.31,9.12,9.22,9.16,0.0600000000000005,0.66,11476.14,15502.417,9.0,11778.33,9.13,10326.47,9.68,12672.13,10.51,8265.44,10.47,8066.43,10.05,9244.72,8.98,10291.56,9.39,10846.89,9.62,11576.87,9.99,10922.92,10.39,7522.42
675,603637.SH,20200324,9.35,9.35,9.05,9.16,9.11,0.05000000000000071,0.55,10260.8,13815.554,8.91,10856.71,9.17,10291.57,9.71,12862.67,10.51,8242.44,10.48,8072.94,10.06,9112.85,9.01,10224.82,9.42,11002.33,9.66,11813.65,10.01,10789.21,10.4,7480.03
676,603637.SH,20200323,8.84,9.45,8.84,9.11,8.84,0.2699999999999996,3.05,23035.59,31186.879,8.82,10318.91,9.24,10536.82,9.74,12984.07,10.52,8263.83,10.49,8048.78,10.07,8994.16,9.07,10141.95,9.45,11335.46,9.7,12617.55,10.03,10672.3,10.42,7466.29
677,603637.SH,20200320,8.72,9.01,8.72,8.84,8.67,0.16999999999999993,1.96,6368.98,8304.933,8.77,7441.77,9.29,9575.04,9.76,12824.95,10.53,8119.23,10.5,7962.65,10.09,8710.01,9.11,8947.15,9.49,11064.02,9.73,12314.81,10.05,10343.8,10.43,7331.19
678,603637.SH,20200319,8.77,8.82,8.5,8.67,8.75,-0.08000000000000007,-0.91,7750.16,9857.192,8.82,8787.99,9.38,10027.11,9.8,13356.17,10.53,8096.64,10.51,7984.54,10.1,8674.33,9.21,9412.5,9.56,11344.39,9.76,12657.03,10.08,10279.86,10.46,7372.16
679,603637.SH,20200318,8.88,8.98,8.73,8.75,8.75,0.0,0.0,6868.03,8977.144,8.96,8804.78,9.48,10411.5,9.87,14724.88,10.54,8073.09,10.52,7978.54,10.12,8613.51,9.34,9982.4,9.64,11551.75,9.81,12997.17,10.11,10212.04,10.48,7368.27
680,603637.SH,20200317,8.94,9.03,8.51,8.75,8.85,-0.09999999999999964,-1.13,7571.81,9777.19,9.12,9592.93,9.56,10960.81,9.91,14631.58,10.55,8062.79,10.53,7975.83,10.15,8571.05,9.46,10348.83,9.71,11708.76,9.86,13247.86,10.13,10130.86,10.5,7421.61
681,603637.SH,20200316,9.13,9.26,8.84,8.85,9.07,-0.22000000000000064,-2.43,8649.87,11488.89,9.31,9964.98,9.64,11046.63,9.95,14523.52,10.56,8050.81,10.54,7993.69,10.17,8516.77,9.58,10816.24,9.78,12005.97,9.9,13582.98,10.15,10050.13,10.52,7479.14
682,603637.SH,20200313,9.04,9.22,8.76,9.07,9.38,-0.3100000000000005,-3.3,13100.1,17245.585,9.46,10452.54,9.72,11503.18,9.99,14385.5,10.56,8065.03,10.55,8021.06,10.2,8496.93,9.7,11225.98,9.85,12157.92,9.94,14108.99,10.18,9928.78,10.55,7513.85
683,603637.SH,20200312,9.49,9.5,9.38,9.38,9.56,-0.17999999999999972,-1.88,7834.08,10862.798,9.6,10037.01,9.77,11797.28,10.03,14099.71,10.57,8007.98,10.56,8011.71,10.23,8359.45,9.76,11316.88,9.9,11987.28,10.0,15481.87,10.2,9737.46,10.56,7507.13
684,603637.SH,20200311,9.67,9.7,9.52,9.56,9.69,-0.129999999999999,-1.34,10808.8,15257.805,9.73,11160.01,9.81,12549.03,10.06,14056.06,10.58,8012.01,10.57,8015.68,10.25,8293.98,9.8,11402.22,9.93,12219.53,10.03,15343.93,10.21,9641.46,10.58,7509.22
685,603637.SH,20200310,9.32,9.71,9.32,9.69,9.58,0.10999999999999943,1.15,9432.04,13244.118,9.79,11104.73,9.86,12638.84,10.08,13916.09,10.58,7975.34,10.57,8034.24,10.27,8227.96,9.83,11779.83,9.98,12608.06,10.05,15113.56,10.23,9511.42,10.6,7517.89
686,603637.SH,20200309,9.66,9.79,9.56,9.58,9.81,-0.23000000000000043,-2.34,11087.68,15710.888,9.85,11667.51,9.9,12828.48,10.11,13817.92,10.59,7959.18,10.58,8024.35,10.28,8139.63,9.84,12528.97,10.02,13855.35,10.07,14931.06,10.24,9445.46,10.62,7565.76
687,603637.SH,20200306,9.89,9.92,9.74,9.81,10.0,-0.1899999999999995,-1.9,11022.45,15927.015,9.93,11999.41,9.94,12745.44,10.14,13677.88,10.59,7917.27,10.58,8034.34,10.3,8027.99,9.88,13180.89,10.04,13998.64,10.09,14674.25,10.25,9274.14,10.63,7576.43
688,603637.SH,20200305,9.94,10.07,9.83,10.0,9.88,0.11999999999999922,1.21,13449.1,19674.755,9.91,12596.75,9.97,12937.25,10.15,13488.46,10.6,7866.33,10.59,8031.83,10.32,7974.22,9.91,13276.27,10.04,14279.3,10.11,14518.5,10.25,9107.73,10.65,7644.59
689,603637.SH,20200304,9.93,9.94,9.73,9.88,9.98,-0.09999999999999964,-1.0,10532.36,15243.927,9.86,11644.42,9.99,12801.86,10.17,13204.74,10.6,7817.49,10.59,8042.8,10.33,7893.86,9.93,13121.1,10.04,14504.56,10.13,14271.86,10.25,8910.64,10.66,7816.83
690,603637.SH,20200303,10.09,10.16,9.88,9.98,10.0,-0.019999999999999574,-0.2,12245.95,17985.83,9.87,12454.94,10.0,12736.86,10.2,13082.42,10.6,7776.82,10.6,8061.6,10.35,7853.2,9.96,13068.68,10.06,14697.37,10.15,14123.92,10.26,8761.53,10.67,7914.52
691,603637.SH,20200302,9.73,10.03,9.66,10.0,9.69,0.3100000000000005,3.2,12747.2,18653.492,9.82,13390.43,10.01,12754.79,10.21,12936.33,10.61,7732.51,10.6,8096.8,10.37,7858.35,9.98,13195.69,10.06,14966.35,10.17,13926.6,10.26,8580.08,10.68,7914.44
692,603637.SH,20200228,9.69,10.06,9.45,9.69,9.77,-0.08000000000000007,-0.82,14009.15,19921.792,9.82,14362.37,10.04,13203.42,10.23,12792.72,10.61,7685.81,10.6,8105.24,10.39,7754.62,10.0,13089.87,10.06,15550.5,10.18,13654.43,10.26,8396.37,10.69,7919.27
693,603637.SH,20200227,9.96,9.97,9.73,9.77,9.92,-0.15000000000000036,-1.51,8687.44,12570.672,9.91,13955.79,10.11,14770.24,10.26,12521.86,10.61,7641.94,10.6,8090.62,10.41,7628.58,10.03,12657.69,10.13,17564.37,10.21,13314.22,10.27,8224.43,10.69,7887.08
694,603637.SH,20200226,9.64,10.02,9.58,9.92,9.74,0.17999999999999972,1.85,14584.98,21113.329,10.0,14597.79,10.13,15175.32,10.27,12351.12,10.62,7624.88,10.6,8131.4,10.43,7555.06,10.07,13036.85,10.15,17314.79,10.24,13237.09,10.28,8132.78,10.7,7870.78
695,603637.SH,20200225,9.78,9.79,9.56,9.74,9.96,-0.22000000000000064,-2.21,16923.39,24103.976,10.04,13682.42,10.12,15333.07,10.28,12045.9,10.62,7575.31,10.61,8176.96,10.44,7417.37,10.12,13436.29,10.16,16780.43,10.26,12993.55,10.29,7951.09,10.7,7787.95
696,603637.SH,20200224,10.09,10.11,9.52,9.96,10.15,-0.1899999999999995,-1.87,17606.9,25835.182,10.13,13000.95,10.15,15412.37,10.3,11643.62,10.63,7521.3,10.61,8162.38,10.46,7239.36,10.2,15181.73,10.18,16132.11,10.29,12691.59,10.3,7727.39,10.71,7721.46
697,603637.SH,20200221,10.26,10.26,10.12,10.15,10.25,-0.09999999999999964,-0.98,11976.23,17920.481,10.18,11817.37,10.16,15164.8,10.32,11237.7,10.63,7446.76,10.61,8162.68,10.48,7094.1,10.21,14816.39,10.2,15420.93,10.31,12264.69,10.32,7553.3,10.71,7639.95
698,603637.SH,20200220,10.09,10.25,10.09,10.25,10.11,0.14000000000000057,1.38,11897.43,17814.511,10.16,11359.59,10.15,15599.36,10.32,10967.03,10.64,7452.82,10.6,8158.16,10.49,7005.19,10.17,15282.33,10.21,15139.62,10.32,11961.55,10.33,7400.18,10.71,7601.62
699,603637.SH,20200219,10.17,10.19,10.07,10.11,10.19,-0.08000000000000007,-0.79,10008.16,14928.298,10.14,11475.91,10.13,16563.43,10.32,10679.06,10.64,7453.47,10.6,8151.19,10.5,6919.76,10.16,15888.02,10.22,14847.24,10.32,11705.22,10.34,7250.62,10.71,7570.51
700,603637.SH,20200218,10.22,10.22,10.07,10.19,10.22,-0.030000000000001137,-0.29,13516.01,20173.488,10.2,13190.16,10.2,19969.45,10.33,10454.12,10.64,7471.31,10.6,8147.56,10.52,6809.7,10.16,16326.06,10.24,14651.54,10.33,11479.82,10.36,7181.45,10.71,7598.28
701,603637.SH,20200217,10.03,10.24,10.01,10.22,10.03,0.19000000000000128,1.89,11689.04,17419.707,10.26,17362.52,10.2,19214.06,10.34,10158.17,10.65,7420.35,10.59,8148.8,10.53,6661.77,10.14,16737.01,10.26,14292.05,10.34,11156.13,10.37,7002.96,10.71,7504.09
702,603637.SH,20200214,10.16,10.23,9.96,10.03,10.15,-0.120000000000001,-1.18,9687.3,14352.583,10.24,17815.42,10.19,18614.72,10.35,9909.86,10.65,7398.06,10.59,8232.44,10.54,6550.34,10.11,18011.13,10.27,13936.71,10.34,10858.95,10.38,6853.39,10.71,7432.64
703,603637.SH,20200213,10.28,10.43,10.13,10.15,10.39,-0.2400000000000002,-2.31,12479.02,18797.8,10.19,19205.08,10.21,18173.93,10.36,9722.75,10.65,7400.7,10.59,8253.35,10.55,6475.81,10.22,22471.05,10.3,13642.49,10.35,10606.25,10.4,6808.43,10.71,7388.25
704,603637.SH,20200212,10.53,10.53,10.19,10.39,10.52,-0.129999999999999,-1.24,18579.44,28187.29,10.17,20300.14,10.22,17474.26,10.37,9430.21,10.65,7360.82,10.59,8292.26,10.56,6370.53,10.22,21592.74,10.32,13337.21,10.36,10268.96,10.41,6724.15,10.7,7329.13
705,603637.SH,20200211,11.08,11.08,10.4,10.52,10.09,0.4299999999999997,4.26,34377.79,54248.617,10.12,19461.96,10.22,16533.53,10.37,8992.01,10.66,7276.31,10.59,8264.58,10.57,6174.71,10.2,20124.57,10.33,12772.17,10.36,9764.77,10.43,6539.21,10.7,7223.02
706,603637.SH,20200210,9.77,10.15,9.69,10.09,9.79,0.3000000000000007,3.06,13953.53,20460.28,10.02,16111.5,10.22,14354.47,10.35,8039.64,10.66,7111.12,10.59,8173.1,10.58,5812.26,10.16,17082.49,10.34,11446.51,10.36,8727.05,10.45,6176.77,10.69,7025.69
707,603637.SH,20200207,10.04,10.07,9.77,9.79,10.06,-0.27000000000000135,-2.68,16635.61,24110.684,9.99,18206.85,10.25,13749.89,10.36,7709.49,10.66,7106.42,10.6,8208.48,10.6,5780.41,10.18,16025.46,10.36,10988.84,10.37,8372.79,10.47,6027.01,10.69,6950.12
708,603637.SH,20200206,9.99,10.17,9.78,10.06,10.13,-0.07000000000000028,-0.69,17954.34,26274.224,10.25,25737.02,10.31,12956.87,10.37,7260.46,10.67,7070.89,10.6,8235.03,10.61,5616.81,10.25,14996.9,10.39,10301.16,10.39,7902.69,10.49,5825.69,10.7,6881.6
709,603637.SH,20200205,10.0,10.41,9.86,10.13,10.02,0.11000000000000121,1.1,14388.54,21417.266,10.27,22885.34,10.33,11928.24,10.38,6780.07,10.67,7005.27,10.6,8270.9,10.63,5419.95,10.29,13806.46,10.4,9613.82,10.4,7426.9,10.51,5579.33,10.7,6778.06
710,603637.SH,20200204,9.82,10.57,9.72,10.02,9.96,0.05999999999999872,0.6,17625.5,26389.354,10.27,20787.17,10.37,11113.96,10.39,6417.87,10.67,7002.19,10.61,8317.43,10.64,5291.86,10.33,12977.01,10.41,9056.69,10.4,7013.86,10.52,5410.5,10.7,6717.36
711,603637.SH,20200203,10.33,10.33,9.96,9.96,11.06,-1.0999999999999996,-9.95,24430.28,36092.242,10.31,18053.47,10.42,10248.41,10.4,5987.9,10.67,6933.68,10.61,8364.38,10.65,5087.58,10.38,11847.09,10.43,8365.68,10.4,6517.29,10.54,5176.29,10.7,6612.58
712,603637.SH,20200121,10.23,11.21,10.17,11.06,10.19,0.870000000000001,8.54,54286.46,88196.516,10.37,13844.07,10.47,8929.07,10.41,5430.38,10.68,6852.76,10.62,8513.03,10.66,4814.04,10.42,9862.28,10.45,7282.85,10.42,5748.57,10.56,4880.98,10.71,6439.72
713,603637.SH,20200120,10.18,10.22,10.06,10.19,10.13,0.05999999999999872,0.59,3695.91,5502.582,10.25,4256.78,10.44,5358.15,10.38,3857.49,10.68,6549.36,10.63,8489.47,10.66,4127.33,10.38,4813.93,10.41,4673.85,10.39,3993.05,10.56,4064.68,10.7,6040.81
714,603637.SH,20200117,10.2,10.25,10.06,10.13,10.19,-0.05999999999999872,-0.59,3897.7,5814.76,10.31,4727.58,10.46,5443.08,10.38,3779.32,10.68,6629.97,10.65,8793.8,10.67,4133.87,10.43,5081.67,10.43,4607.07,10.4,3938.99,10.58,4094.58,10.7,6048.97
715,603637.SH,20200116,10.3,10.37,10.13,10.19,10.3,-0.11000000000000121,-1.07,3957.0,5972.587,10.38,5166.85,10.47,5364.97,10.38,3712.43,10.68,6698.1,10.66,9088.86,10.68,4177.4,10.47,5419.78,10.45,4584.87,10.4,3909.28,10.6,4058.85,10.71,6065.37
716,603637.SH,20200115,10.43,10.45,10.27,10.3,10.43,-0.129999999999999,-1.25,3383.28,5140.002,10.45,5640.71,10.48,5384.23,10.37,3642.7,10.68,6796.98,10.68,9289.29,10.7,4180.97,10.52,5810.54,10.46,4549.33,10.41,3959.86,10.61,4033.25,10.71,6082.58
717,603637.SH,20200114,10.48,10.52,10.43,10.43,10.48,-0.05000000000000071,-0.48,6350.0,9761.407,10.47,5880.5,10.49,5373.67,10.37,3583.16,10.68,6871.92,10.69,9572.5,10.71,4215.72,10.54,5952.21,10.47,4546.45,10.4,3874.03,10.62,4032.4,10.71,6118.49
718,603637.SH,20200113,10.54,10.55,10.43,10.48,10.5,-0.019999999999999574,-0.19,6049.9,9325.596,10.52,5371.08,10.49,5177.93,10.36,3447.11,10.68,6907.94,10.71,9951.93,10.71,4210.96,10.53,5605.43,10.47,4355.59,10.39,3696.97,10.63,3994.85,10.71,6117.49
719,603637.SH,20200110,10.72,10.72,10.42,10.5,10.53,-0.02999999999999936,-0.28,6094.08,9417.363,10.55,5435.77,10.48,4925.9,10.35,3377.78,10.68,6974.11,10.72,10262.99,10.72,4210.92,10.51,5421.19,10.46,4237.13,10.38,3549.42,10.64,3970.4,10.71,6129.14
720,603637.SH,20200109,10.45,10.62,10.44,10.53,10.43,0.09999999999999964,0.96,6326.3,9787.697,10.55,5672.7,10.47,4619.17,10.34,3292.33,10.68,7086.55,10.74,10819.52,10.73,4214.85,10.5,5136.38,10.44,4032.28,10.36,3399.15,10.65,3933.72,10.71,6154.56
721,603637.SH,20200108,10.64,10.67,10.39,10.43,10.64,-0.21000000000000085,-1.97,4582.2,7073.986,10.58,5980.37,10.46,4314.08,10.34,3214.6,10.67,7143.03,10.76,11462.26,10.74,4245.34,10.49,4884.28,10.42,3852.39,10.35,3233.57,10.66,3948.18,10.71,6159.12
722,603637.SH,20200107,10.56,10.7,10.56,10.64,10.64,0.0,0.0,3802.91,5950.51,10.6,6023.92,10.47,4227.28,10.35,3182.8,10.67,7233.83,10.77,11939.42,10.74,4275.22,10.48,4703.42,10.41,3691.71,10.34,3138.31,10.67,4064.56,10.71,6228.01
723,603637.SH,20200106,10.53,10.67,10.43,10.64,10.53,0.11000000000000121,1.04,6373.35,9943.483,10.53,5839.78,10.46,4184.46,10.36,3281.59,10.66,7285.29,10.79,12481.45,10.76,4374.99,10.45,4533.77,10.4,3582.61,10.32,3134.63,10.68,4073.94,10.71,6296.24
724,603637.SH,20200103,10.66,10.7,10.48,10.53,10.67,-0.14000000000000057,-1.31,7278.76,11336.083,10.47,5406.61,10.44,3950.03,10.36,3176.17,10.65,7315.47,10.8,12927.41,10.77,4387.12,10.43,4132.46,10.38,3367.64,10.31,3028.48,10.69,4020.88,10.71,6347.94
725,603637.SH,20200102,10.51,10.86,10.41,10.67,10.51,0.16000000000000014,1.52,7864.62,12278.818,10.44,4600.05,10.43,3584.95,10.38,3048.09,10.65,7330.16,10.82,13519.66,10.78,4466.99,10.43,3749.97,10.37,3154.03,10.31,2908.64,10.7,3979.27,10.71,6338.77
726,603637.SH,20191231,10.28,10.53,10.28,10.51,10.32,0.1899999999999995,1.84,4799.98,7354.899,10.39,3788.19,10.4,3263.1,10.39,2989.05,10.64,7370.86,10.83,13911.09,10.79,4555.13,10.41,3288.13,10.36,3034.52,10.32,2763.19,10.7,3886.6,10.71,6343.89
727,603637.SH,20191230,10.24,10.36,10.11,10.32,10.31,0.009999999999999787,0.1,2882.18,4342.823,10.36,3382.91,10.37,3047.5,10.4,2930.44,10.64,7516.87,10.84,14077.29,10.8,4662.0,10.4,3140.7,10.34,2834.93,10.33,2841.91,10.71,3871.85,10.71,6387.79
728,603637.SH,20191227,10.53,10.53,10.3,10.31,10.38,-0.07000000000000028,-0.67,4207.49,6409.451,10.36,3227.77,10.36,3035.67,10.42,2925.51,10.63,7588.67,10.84,14359.5,10.82,4787.49,10.41,3105.75,10.33,2742.74,10.35,2838.81,10.72,3870.2,10.71,6419.9
729,603637.SH,20191226,10.46,10.53,10.28,10.38,10.45,-0.06999999999999851,-0.67,3246.0,4965.53,10.39,2858.32,10.35,2817.3,10.44,3007.34,10.63,7691.78,10.86,14905.9,10.83,4839.18,10.41,3053.07,10.31,2613.53,10.37,2796.03,10.73,3869.85,10.72,6438.26
730,603637.SH,20191225,10.32,10.52,10.32,10.45,10.36,0.08999999999999986,0.87,3805.3,5852.518,10.43,2899.88,10.35,2692.3,10.46,3130.17,10.63,7765.77,10.87,15317.98,10.85,4953.89,10.38,2928.18,10.3,2530.53,10.39,2883.07,10.74,3935.12,10.72,6499.47
731,603637.SH,20191224,10.3,10.4,10.18,10.36,10.3,0.05999999999999872,0.58,2773.59,4210.479,10.43,2788.06,10.35,2559.12,10.49,3238.34,10.63,7870.71,10.88,15468.65,10.86,5105.51,10.35,2820.49,10.28,2408.21,10.4,2849.8,10.75,3942.11,10.72,6578.39
732,603637.SH,20191223,10.49,10.51,10.28,10.3,10.45,-0.14999999999999858,-1.44,2106.47,3229.646,10.44,2898.49,10.34,2577.03,10.52,3528.28,10.64,7989.88,10.89,15744.15,10.88,5233.43,10.34,2679.99,10.27,2355.75,10.42,2847.83,10.76,3995.71,10.72,6651.27
733,603637.SH,20191220,10.58,10.58,10.45,10.45,10.57,-0.120000000000001,-1.14,2360.24,3649.435,10.46,2983.74,10.35,2836.11,10.55,3612.45,10.64,8121.93,10.9,15810.68,10.9,5461.37,10.35,2631.45,10.26,2435.06,10.45,3010.6,10.77,4060.48,10.72,6704.6
734,603637.SH,20191219,10.45,10.6,10.41,10.57,10.45,0.120000000000001,1.15,3453.79,5325.511,10.42,3247.82,10.32,2716.72,10.57,3677.04,10.64,8272.32,10.9,15854.73,10.92,5884.8,10.34,2602.82,10.25,2476.49,10.47,3179.34,10.78,4121.92,10.73,6801.13
735,603637.SH,20191218,10.49,10.53,10.4,10.45,10.43,0.019999999999999574,0.19,3246.23,4999.625,10.33,2956.49,10.29,2530.91,10.58,3668.77,10.64,8402.86,10.91,15904.26,10.93,6135.49,10.31,2558.08,10.25,2487.98,10.5,3313.65,10.79,4170.84,10.72,6837.02
736,603637.SH,20191217,10.39,10.49,10.32,10.43,10.39,0.03999999999999915,0.38,3325.71,5094.421,10.27,2852.92,10.26,2406.07,10.6,3698.55,10.64,8557.82,10.91,15971.93,10.93,6255.36,10.31,2780.92,10.27,2500.72,10.53,3626.5,10.8,4260.29,10.73,6916.44
737,603637.SH,20191216,10.32,10.42,10.26,10.39,10.28,0.11000000000000121,1.07,2532.72,3854.19,10.24,2461.5,10.23,2272.25,10.62,3705.81,10.65,8878.83,10.92,16047.39,10.93,6388.7,10.28,2529.17,10.29,2692.51,10.56,3681.24,10.81,4318.58,10.73,6977.04
738,603637.SH,20191213,10.18,10.32,10.08,10.28,10.08,0.1999999999999993,1.98,3680.66,5541.608,10.23,2279.16,10.21,2181.96,10.64,3828.73,10.66,9210.59,10.92,16155.52,10.93,6490.23,10.25,2379.72,10.31,2705.33,10.58,3748.69,10.83,4464.46,10.73,7083.47
739,603637.SH,20191212,10.17,10.17,10.05,10.08,10.17,-0.08999999999999986,-0.88,1997.14,2968.296,10.25,1957.83,10.2,2031.48,10.68,3876.59,10.68,9567.86,10.93,16457.99,10.94,6530.89,10.22,2173.99,10.35,2667.5,10.61,3731.76,10.85,4524.51,10.73,7167.03
740,603637.SH,20191211,10.38,10.38,10.02,10.17,10.29,-0.11999999999999922,-1.17,2728.37,4100.277,10.3,2159.68,10.2,2161.9,10.71,3979.33,10.7,9927.34,10.95,16730.6,10.94,6566.2,10.22,2132.87,10.39,2860.52,10.64,3807.15,10.88,4712.36,10.73,7302.02
741,603637.SH,20191210,10.32,10.39,10.23,10.29,10.34,-0.05000000000000071,-0.48,1368.62,2072.539,10.34,2708.92,10.21,2197.33,10.73,3950.67,10.72,10171.1,10.95,17006.44,10.94,6649.09,10.22,1995.94,10.43,2864.45,10.67,3835.29,10.9,4908.14,10.73,7397.4
742,603637.SH,20191209,10.52,10.52,10.31,10.34,10.38,-0.040000000000000924,-0.39,1621.0,2470.01,10.31,2596.83,10.23,2375.4,10.75,3981.63,10.74,10517.47,10.96,17179.29,10.94,6735.18,10.21,2031.51,10.47,2931.75,10.7,4013.4,10.91,5098.92,10.73,7482.14
743,603637.SH,20191206,10.24,10.44,10.21,10.38,10.3,0.08000000000000007,0.78,2074.0,3155.512,10.26,2480.28,10.26,2520.02,10.77,4031.95,10.76,10995.61,10.97,17253.2,10.94,6811.92,10.18,2238.67,10.5,3200.18,10.74,4136.3,10.93,5276.8,10.73,7598.46
744,603637.SH,20191205,10.3,10.54,10.28,10.3,10.39,-0.08999999999999986,-0.87,3006.4,4573.082,10.19,2390.15,10.3,2911.36,10.79,4091.46,10.77,11388.29,10.97,17292.59,10.94,6893.13,10.17,2350.16,10.54,3467.6,10.76,4250.17,10.95,5376.98,10.73,7766.89
745,603637.SH,20191204,10.13,10.68,10.13,10.39,10.13,0.2599999999999998,2.57,5474.58,8447.843,10.15,2106.07,10.34,2894.65,10.81,4137.82,10.79,12062.88,10.98,17317.52,10.94,7030.92,10.19,2417.88,10.59,3691.44,10.79,4208.43,10.97,5524.35,10.73,7862.33
746,603637.SH,20191203,10.19,10.19,10.02,10.13,10.09,0.040000000000000924,0.4,808.18,1201.661,10.1,1282.95,10.38,2698.46,10.83,4091.31,10.82,12823.12,10.98,17354.48,10.93,6987.43,10.23,2220.52,10.64,4049.29,10.81,4106.64,10.99,5686.07,10.72,7963.84
747,603637.SH,20191202,10.07,10.13,10.03,10.09,10.06,0.02999999999999936,0.3,1038.24,1541.009,10.1,1466.2,10.45,3086.86,10.86,4279.13,10.84,13409.33,10.99,17459.3,10.93,7018.2,10.3,2855.86,10.7,4257.27,10.83,4190.77,11.02,5878.72,10.72,8050.55
748,603637.SH,20191129,10.06,10.15,9.95,10.06,10.07,-0.009999999999999787,-0.1,1623.35,2399.629,10.1,1997.07,10.52,3222.93,10.9,4588.74,10.86,14064.66,11.0,17519.21,10.93,7062.49,10.38,3030.95,10.75,4433.18,10.86,4292.74,11.04,6181.44,10.71,8131.22
749,603637.SH,20191128,10.17,10.22,10.07,10.07,10.17,-0.09999999999999964,-0.98,1586.0,2367.821,10.15,2310.17,10.59,3306.87,10.93,4669.39,10.88,14621.03,11.01,17602.11,10.93,7112.64,10.47,3161.02,10.81,4510.65,10.89,4391.39,11.08,6723.02,10.71,8195.99
750,603637.SH,20191127,10.13,10.18,10.07,10.17,10.13,0.03999999999999915,0.39,1359.0,2024.878,10.24,2729.69,10.65,3722.53,10.96,4716.57,10.9,15355.64,11.01,17771.35,10.92,7169.43,10.56,3588.16,10.85,4644.28,10.93,4468.29,11.09,7067.51,10.71,8297.15
751,603637.SH,20191126,10.07,10.23,10.0,10.13,10.07,0.0600000000000005,0.6,1724.4,2572.353,10.36,3158.09,10.73,4188.95,10.99,4817.24,10.92,15860.21,11.02,17912.33,10.91,7293.97,10.64,3732.97,10.9,4754.96,10.96,4662.79,11.1,7248.8,10.7,8501.03
752,603637.SH,20191125,10.35,10.35,10.01,10.07,10.3,-0.23000000000000043,-2.23,3692.6,5502.854,10.5,4245.52,10.83,4631.92,11.01,4834.3,10.93,16076.62,11.03,18088.16,10.91,7336.1,10.73,3831.98,10.95,5004.34,11.01,4990.81,11.11,7442.17,10.7,8596.84
753,603637.SH,20191122,10.53,10.53,10.3,10.3,10.52,-0.21999999999999886,-2.09,3188.87,4873.176,10.67,4064.83,10.93,5319.54,11.04,4840.84,10.94,16402.19,11.04,18435.74,10.92,7399.05,10.81,4161.69,11.02,5085.11,11.04,5013.24,11.12,7549.74,10.7,8724.86
754,603637.SH,20191121,10.7,10.7,10.43,10.52,10.77,-0.25,-2.32,3683.59,5710.26,10.79,4011.87,11.01,5456.39,11.06,4828.91,10.96,17050.53,11.05,18490.72,10.92,7430.25,10.9,4585.04,11.06,5200.18,11.07,5013.29,11.12,7608.77,10.71,8814.12
755,603637.SH,20191120,10.85,10.85,10.66,10.77,10.85,-0.08000000000000007,-0.74,3501.0,5533.125,10.89,4446.63,11.06,5523.52,11.07,4843.7,10.97,17531.1,11.05,18678.83,10.91,7475.87,10.98,4964.99,11.08,5103.7,11.08,5049.89,11.12,7624.8,10.71,8941.07
756,603637.SH,20191119,10.81,10.94,10.64,10.85,10.89,-0.040000000000000924,-0.37,7161.53,11362.697,10.93,4307.84,11.08,5498.27,11.07,4951.38,10.98,17710.05,11.05,18758.33,10.91,7496.56,11.06,5878.05,11.09,5049.7,11.09,5010.0,11.11,7715.53,10.7,9078.01
757,603637.SH,20191118,10.87,10.89,10.79,10.89,10.94,-0.049999999999998934,-0.46,2789.15,4445.728,10.95,3418.45,11.09,5274.97,11.08,4865.01,10.99,18002.91,11.05,18828.16,10.9,7450.23,11.1,5658.69,11.1,4858.23,11.09,4901.78,11.1,7726.6,10.7,9194.34
758,603637.SH,20191115,10.97,11.01,10.84,10.94,10.99,-0.05000000000000071,-0.45,2924.07,4688.337,10.96,4258.56,11.11,5335.24,11.09,4959.14,10.99,18076.25,11.05,18917.64,10.9,7498.59,11.13,5835.41,11.1,4923.63,11.1,4901.59,11.09,7803.06,10.7,9371.24
759,603637.SH,20191114,10.92,11.0,10.78,10.99,10.96,0.02999999999999936,0.27,5857.39,9360.066,11.0,5158.22,11.13,5626.61,11.09,5049.39,10.99,18124.03,11.05,19047.84,10.89,7521.95,11.14,5860.28,11.1,5006.57,11.1,4943.67,11.08,7890.4,10.7,9532.31
760,603637.SH,20191113,10.98,10.98,10.83,10.96,10.96,0.0,0.0,2807.08,4499.036,11.08,5483.35,11.16,5584.36,11.09,5054.97,11.0,18165.46,11.05,19171.34,10.88,7522.06,11.14,5700.4,11.11,4908.35,11.09,4987.16,11.07,8015.12,10.7,9696.5
761,603637.SH,20191112,10.87,11.02,10.87,10.96,10.96,0.0,0.0,2714.57,4370.399,11.19,7448.26,11.17,5790.75,11.09,5160.31,11.0,18247.94,11.05,19273.09,10.88,7564.93,11.15,5776.96,11.12,5127.71,11.1,5034.42,11.05,8005.22,10.7,10086.03
762,603637.SH,20191111,11.12,11.14,10.89,10.96,11.15,-0.1899999999999995,-1.7,6989.67,11278.085,11.25,7898.93,11.18,5716.86,11.1,5333.8,11.0,18340.74,11.04,19398.26,10.87,7631.29,11.18,6176.69,11.15,5570.22,11.1,5143.59,11.03,8011.9,10.71,10482.62
763,603637.SH,20191108,11.45,11.53,11.11,11.15,11.37,-0.21999999999999886,-1.93,7422.4,12405.136,11.29,7412.26,11.18,5365.43,11.1,5328.9,11.01,18436.69,11.04,19468.0,10.86,7621.16,11.22,6008.54,11.16,5439.02,11.1,5110.35,11.01,7968.07,10.73,10883.77
764,603637.SH,20191107,11.59,11.59,11.32,11.37,11.49,-0.120000000000001,-1.04,7483.05,12543.312,11.28,6562.33,11.17,5050.79,11.11,5442.52,11.01,18765.69,11.04,19474.78,10.85,7621.5,11.22,5815.31,11.15,5227.41,11.1,5064.5,10.99,7934.11,10.75,11269.95
765,603637.SH,20191106,11.16,11.62,11.16,11.49,11.28,0.21000000000000085,1.86,12631.59,21322.464,11.2,5917.46,11.13,4790.34,11.11,5436.65,11.02,19047.53,11.03,19506.45,10.84,7643.66,11.18,5242.4,11.13,5092.34,11.09,5028.03,10.97,7906.82,10.76,11522.83
766,603637.SH,20191105,11.17,11.28,11.08,11.28,11.15,0.129999999999999,1.17,4967.95,8216.519,11.12,4105.67,11.09,4171.21,11.11,5455.39,11.02,19302.48,11.03,19552.65,10.83,7566.89,11.13,4221.36,11.1,4575.98,11.08,4894.08,10.94,7874.61,10.76,11844.62
767,603637.SH,20191104,11.09,11.32,10.98,11.15,11.09,0.0600000000000005,0.54,4556.3,7505.885,11.11,4454.46,11.08,4088.52,11.12,5735.01,11.02,19480.35,11.02,19718.36,10.82,7671.97,11.1,4057.77,11.09,4523.33,11.07,4955.92,10.92,7873.22,10.78,12390.5
768,603637.SH,20191101,11.0,11.13,10.8,11.09,11.0,0.08999999999999986,0.82,3172.76,5135.933,11.14,4604.82,11.08,4291.43,11.12,5977.92,11.02,19546.71,11.02,19904.45,10.82,7771.09,11.08,4011.86,11.08,4434.68,11.08,5180.23,10.9,7937.5,10.79,12841.02
769,603637.SH,20191031,10.98,11.1,10.88,11.0,11.09,-0.08999999999999986,-0.81,4258.68,6868.088,11.16,5068.29,11.11,4936.98,11.13,6246.19,11.02,19585.3,11.01,19961.47,10.81,7896.48,11.06,4152.87,11.07,4485.36,11.09,5317.25,10.89,7976.78,10.81,13649.15
770,603637.SH,20191030,11.21,11.21,10.95,11.09,11.22,-0.13000000000000078,-1.16,3572.65,5815.63,11.16,4567.35,11.12,4945.2,11.15,6358.71,11.02,19605.87,11.01,20068.84,10.8,7922.08,11.08,4116.3,11.07,4630.54,11.11,5617.58,10.88,8024.22,10.84,14571.56
771,603637.SH,20191029,11.4,11.47,11.15,11.22,11.32,-0.09999999999999964,-0.88,6711.9,11222.931,11.14,4337.05,11.12,4915.78,11.16,6602.13,11.03,19662.46,11.01,20221.34,10.8,7987.49,11.09,4478.45,11.07,4663.15,11.12,5981.0,10.87,8048.88,10.85,15251.99
772,603637.SH,20191028,11.28,11.39,11.21,11.32,11.19,0.13000000000000078,1.16,5308.1,8816.121,11.09,3661.09,11.1,4767.31,11.17,6851.12,11.03,19744.47,11.0,20270.27,10.79,8032.25,11.12,4963.75,11.06,4627.04,11.13,6184.44,10.86,7998.46,10.87,15991.1
773,603637.SH,20191025,10.91,11.3,10.91,11.19,11.0,0.1899999999999995,1.73,5490.12,9006.866,11.01,3418.9,11.07,4536.25,11.18,7058.75,11.03,19785.13,10.99,20360.71,10.78,8051.28,11.1,4869.5,11.05,4661.26,11.13,6417.31,10.84,8016.94,10.88,16628.04
774,603637.SH,20191024,10.92,11.03,10.91,11.0,10.96,0.03999999999999915,0.36,1754.0,2829.123,10.96,3237.46,11.05,4415.08,11.19,7462.03,11.03,19855.57,10.99,20401.93,10.77,8063.54,11.08,4639.5,11.04,4689.1,11.14,6503.78,10.83,8003.37,10.9,17477.03
775,603637.SH,20191023,11.08,11.1,10.96,10.96,11.0,-0.03999999999999915,-0.36,2421.13,3919.447,10.99,3665.26,11.05,4494.26,11.23,8413.9,11.03,20053.02,10.98,20458.15,10.77,8181.37,11.08,4942.28,11.04,4920.85,11.16,6840.28,10.82,8071.89,10.91,18079.22
776,603637.SH,20191022,10.96,11.19,10.91,11.0,10.91,0.08999999999999986,0.82,3332.1,5389.291,11.05,4619.85,11.05,4630.05,11.23,8997.26,11.04,20211.11,10.98,20516.78,10.76,8326.1,11.08,4930.6,11.05,5230.44,11.18,7265.49,10.81,8131.91,10.92,18333.11
777,603637.SH,20191021,10.87,10.99,10.68,10.91,10.95,-0.03999999999999915,-0.37,4097.15,6529.614,11.14,6266.42,11.05,4924.68,11.22,9259.16,11.04,20406.3,10.97,20627.1,10.76,8435.26,11.08,4988.88,11.05,5404.99,11.2,7566.67,10.8,8204.57,10.93,18726.8
778,603637.SH,20191018,11.21,11.28,10.84,10.95,11.12,-0.16999999999999993,-1.53,4582.9,7398.934,11.18,6320.09,11.06,4934.51,11.21,9530.61,11.05,20811.41,10.97,20662.24,10.75,8494.05,11.08,4857.5,11.08,5764.42,11.22,8070.15,10.79,8240.12,10.94,19497.24
779,603637.SH,20191017,11.18,11.32,11.01,11.12,11.25,-0.13000000000000078,-1.16,3893.0,6384.116,11.19,6041.55,11.07,5042.71,11.2,9694.25,11.05,20866.25,10.96,20689.43,10.75,8618.87,11.08,4817.85,11.11,5899.44,11.26,9054.64,10.78,8287.87,10.95,20066.43
780,603637.SH,20191016,11.38,11.5,11.17,11.25,11.45,-0.1999999999999993,-1.75,7194.09,11939.906,11.17,6219.3,11.06,5204.22,11.18,9777.72,11.05,21085.57,10.95,20726.91,10.74,8670.43,11.07,5144.78,11.13,6368.22,11.26,9666.73,10.77,8375.4,10.96,20277.89
781,603637.SH,20191015,11.12,11.61,11.12,11.45,11.12,0.33000000000000007,2.97,11564.95,19428.049,11.11,5241.36,11.04,5115.97,11.15,9702.75,11.05,21153.23,10.94,20735.91,10.73,8744.87,11.05,4847.86,11.14,6732.28,11.24,9834.81,10.76,8370.06,10.97,20629.06
782,603637.SH,20191014,11.0,11.13,11.0,11.12,11.01,0.10999999999999943,1.0,4365.53,7125.576,11.01,3711.35,11.02,4717.82,11.12,9625.69,11.04,21204.6,10.93,20711.5,10.72,8731.96,11.01,4290.32,11.13,6794.79,11.21,9893.52,10.75,8391.46,10.97,20643.94
783,603637.SH,20191011,11.11,11.11,10.94,11.01,11.04,-0.02999999999999936,-0.27,3190.2,5177.977,10.99,3394.92,11.02,5044.54,11.1,9727.46,11.04,21298.67,10.93,20747.51,10.71,8877.81,11.0,4453.03,11.14,7191.21,11.19,10086.24,10.74,8518.55,10.97,20689.26
784,603637.SH,20191010,10.93,11.1,10.89,11.04,10.94,0.09999999999999964,0.91,4781.75,7742.654,10.98,3594.15,11.02,5324.0,11.08,9850.59,11.04,21449.63,10.92,20779.86,10.7,9018.06,11.0,4738.7,11.17,7435.92,11.18,10204.25,10.74,8674.99,10.97,20761.2
785,603637.SH,20191009,10.95,10.95,10.78,10.94,10.96,-0.02000000000000135,-0.18,2304.35,3687.345,10.96,4070.25,11.05,5824.3,11.05,9950.08,11.03,21602.03,10.91,20826.15,10.69,9196.91,11.01,4899.41,11.2,7789.28,11.15,10199.7,10.73,8698.27,10.97,20843.72
786,603637.SH,20191008,11.0,11.06,10.87,10.96,10.99,-0.02999999999999936,-0.27,3914.92,6305.31,10.98,4454.36,11.1,6207.31,11.03,10274.68,11.03,21724.94,10.91,20867.77,10.68,9355.17,11.02,5530.28,11.23,8432.93,11.13,10421.06,10.72,8801.18,10.98,20958.5
787,603637.SH,20190930,10.87,11.2,10.85,10.99,10.96,0.02999999999999936,0.27,2783.36,4503.845,11.01,4869.28,11.14,6926.82,11.0,10224.63,11.03,21863.5,10.91,20915.05,10.67,9456.81,11.03,5821.1,11.27,8855.56,11.11,10551.41,10.71,8903.74,10.98,21099.26
788,603637.SH,20190927,10.76,11.01,10.74,10.96,10.94,0.02000000000000135,0.18,4186.38,6720.192,11.01,5511.14,11.17,7826.19,10.97,10234.4,11.03,21974.57,10.9,20968.96,10.66,9627.41,11.07,6671.33,11.3,9676.47,11.09,10704.52,10.71,8969.61,10.99,21532.72
789,603637.SH,20190926,11.02,11.1,10.54,10.94,11.05,-0.11000000000000121,-1.0,7162.24,11450.758,11.02,5883.24,11.2,8489.95,10.94,10239.5,11.02,22004.99,10.9,21046.56,10.65,9868.74,11.13,6981.03,11.35,11173.04,11.07,10837.13,10.7,9006.67,11.0,21898.41
790,603637.SH,20190925,11.06,11.1,10.87,11.05,11.09,-0.03999999999999915,-0.36,4224.9,6837.48,11.05,5728.58,11.23,8884.7,10.91,10187.22,11.02,22044.39,10.9,21233.8,10.64,9966.03,11.19,7591.67,11.36,11927.7,11.04,11043.08,10.7,9063.82,11.0,22249.92
791,603637.SH,20190924,10.94,11.18,10.81,11.09,10.99,0.09999999999999964,0.91,5989.54,9698.958,11.06,6606.19,11.27,9181.58,10.87,10234.89,11.02,22156.99,10.89,21390.85,10.62,10145.12,11.23,8616.69,11.34,12328.28,11.0,10976.01,10.69,9214.66,11.01,22469.55
792,603637.SH,20190923,11.06,11.06,10.79,10.99,11.04,-0.049999999999998934,-0.45,5992.64,9625.001,11.06,6772.91,11.31,9632.3,10.83,10373.4,11.01,22344.38,10.89,21486.74,10.61,10214.76,11.25,9299.26,11.32,12695.13,10.96,10880.21,10.68,9306.82,11.01,22537.24
793,603637.SH,20190920,11.1,11.18,10.98,11.04,11.1,-0.0600000000000005,-0.54,6046.9,9851.086,11.14,7831.52,11.36,10338.82,10.8,10340.81,11.01,22552.79,10.88,21525.81,10.58,10277.78,11.29,9929.4,11.29,12902.84,10.93,10825.79,10.67,9348.71,11.01,22560.06
794,603637.SH,20190919,11.18,11.2,10.96,11.1,11.09,0.009999999999999787,0.09,6388.9,10391.315,11.24,8078.82,11.41,10825.02,10.78,10410.41,11.01,22599.76,10.87,21545.22,10.57,10322.43,11.34,10133.15,11.26,12937.03,10.89,10803.71,10.67,9480.34,11.01,22569.84
795,603637.SH,20190918,11.08,11.18,10.98,11.09,11.06,0.02999999999999936,0.27,8612.99,14014.034,11.33,9454.76,11.44,11810.61,10.76,10385.12,11.0,22710.97,10.86,21549.72,10.55,10420.25,11.39,10679.15,11.22,12849.85,10.85,10785.61,10.65,9503.19,11.02,22614.27
796,603637.SH,20190917,11.35,11.35,11.0,11.06,11.42,-0.35999999999999943,-3.15,6823.14,11219.141,11.39,10627.19,11.52,13772.51,10.73,10340.78,11.0,22854.95,10.85,21599.76,10.53,10649.74,11.44,11335.59,11.19,12866.45,10.8,10855.14,10.65,9572.6,11.02,22696.85
797,603637.SH,20190916,11.67,11.76,11.32,11.42,11.55,-0.13000000000000078,-1.13,11285.69,19160.351,11.44,11825.61,11.52,14959.62,10.72,10288.7,10.99,22911.6,10.84,21700.12,10.52,10735.05,11.51,11890.02,11.16,12916.56,10.77,10790.52,10.64,9635.49,11.02,22733.02
798,603637.SH,20190912,11.47,11.62,11.42,11.55,11.53,0.02000000000000135,0.17,7283.39,12362.997,11.44,12027.27,11.46,15032.76,10.69,10065.2,10.98,22976.23,10.83,21738.9,10.5,10838.64,11.52,12681.61,11.1,12721.12,10.73,10694.78,10.63,9702.47,11.02,22769.24
799,603637.SH,20190911,11.4,11.53,11.23,11.53,11.4,0.129999999999999,1.14,13268.6,22250.149,11.44,12187.47,11.39,15497.61,10.66,10039.7,10.97,23012.16,10.82,21773.62,10.49,10926.87,11.57,15365.04,11.03,12765.18,10.69,10636.3,10.61,9809.56,11.02,22960.11
800,603637.SH,20190910,11.28,11.59,11.21,11.4,11.32,0.08000000000000007,0.71,14475.15,24182.565,11.44,11903.53,11.31,15257.48,10.62,9786.98,10.96,22998.17,10.81,21758.4,10.47,11002.19,11.52,16263.73,10.97,12768.78,10.65,10430.85,10.59,9891.67,11.02,23059.42
801,603637.SH,20190909,11.52,11.52,11.21,11.32,11.41,-0.08999999999999986,-0.79,12815.21,21302.501,11.49,12043.99,11.24,14661.75,10.59,9533.76,10.95,22983.27,10.8,21758.34,10.46,11074.97,11.45,16039.87,10.89,12155.68,10.62,10116.76,10.57,9886.65,11.02,23200.78
802,603637.SH,20190906,11.59,11.59,11.21,11.41,11.54,-0.129999999999999,-1.13,12294.0,20525.356,11.57,11954.44,11.16,14033.29,10.57,9333.96,10.95,23046.89,10.79,21839.62,10.45,11185.71,11.38,16091.0,10.82,11670.69,10.59,9812.48,10.55,9865.37,11.03,23614.27
803,603637.SH,20190905,11.62,11.67,11.47,11.54,11.55,-0.010000000000001563,-0.09,8084.39,13735.62,11.59,13335.96,11.09,13775.68,10.54,9198.61,10.94,23031.21,10.78,21817.33,10.44,11342.02,11.29,15876.28,10.74,11273.99,10.56,9616.57,10.53,9920.11,11.03,23615.82
804,603637.SH,20190904,11.65,11.65,11.47,11.55,11.64,-0.08999999999999986,-0.77,11848.91,20118.965,11.7,18542.61,11.0,13755.76,10.5,9144.07,10.93,23038.81,10.77,21816.64,10.43,11530.92,11.18,15740.91,10.66,11139.0,10.52,9502.95,10.51,10156.79,11.02,23844.07
805,603637.SH,20190903,11.7,11.83,11.45,11.64,11.69,-0.049999999999998934,-0.43,15177.44,25989.433,11.6,20623.93,10.9,13411.75,10.47,9014.62,10.91,23027.53,10.76,21839.91,10.42,11713.74,11.06,15020.55,10.58,10838.84,10.48,9303.51,10.48,10200.3,11.02,23886.48
806,603637.SH,20190902,11.53,12.09,11.4,11.69,11.53,0.16000000000000014,1.39,12367.47,21219.745,11.41,20035.75,10.79,12872.29,10.44,8837.2,10.9,22982.67,10.74,21790.03,10.42,12172.06,10.94,14397.31,10.48,10614.91,10.44,8998.33,10.45,10241.62,11.01,23918.01
807,603637.SH,20190830,11.69,11.76,11.39,11.53,12.11,-0.5800000000000001,-4.79,19201.58,32736.017,11.2,20227.55,10.68,12947.16,10.41,8675.61,10.88,22948.44,10.73,21758.73,10.43,12677.9,10.81,13943.1,10.4,10240.76,10.4,8842.48,10.42,10222.38,11.0,23964.22
808,603637.SH,20190829,11.02,12.11,10.87,12.11,11.02,1.0899999999999999,9.89,34117.66,56869.396,11.0,18416.61,10.54,11640.35,10.38,8488.77,10.87,22887.67,10.72,21724.52,10.45,13156.91,10.69,12760.62,10.34,9701.36,10.36,8410.09,10.38,10081.0,10.99,24011.94
809,603637.SH,20190828,10.68,11.12,10.48,11.02,10.68,0.33999999999999986,3.18,22255.51,35425.311,10.66,12939.21,10.38,9255.57,10.34,7837.98,10.86,22710.86,10.7,21678.32,10.46,13418.85,10.5,10165.31,10.25,8271.93,10.3,7521.1,10.34,9668.96,10.98,23950.36
810,603637.SH,20190827,10.7,10.78,10.58,10.68,10.66,0.019999999999999574,0.19,12236.54,19200.09,10.53,9417.17,10.29,7878.99,10.33,7553.31,10.85,22643.85,10.7,21646.25,10.48,13626.5,10.41,9273.83,10.21,7514.41,10.29,7084.08,10.32,9526.79,10.98,23931.59
811,603637.SH,20190826,10.35,10.85,10.24,10.66,10.52,0.14000000000000057,1.33,13326.47,20910.357,10.47,8758.86,10.24,7351.91,10.33,7375.13,10.85,22623.72,10.69,21652.35,10.51,14146.63,10.32,8271.48,10.2,7155.21,10.29,6905.31,10.3,9753.26,10.98,24028.51
812,603637.SH,20190823,10.43,10.68,10.34,10.52,10.44,0.08000000000000007,0.77,10146.85,15747.797,10.42,7658.66,10.17,6776.47,10.32,7232.55,10.85,22613.86,10.69,21645.82,10.54,14908.59,10.26,7250.38,10.19,6673.22,10.29,6889.4,10.3,9751.51,10.98,24073.93
813,603637.SH,20190822,10.41,10.45,10.13,10.44,10.33,0.10999999999999943,1.06,6730.69,10231.989,10.37,7104.64,10.1,6818.93,10.32,7230.25,10.85,22625.99,10.68,21640.24,10.57,15554.89,10.19,6671.7,10.19,6486.71,10.29,6950.86,10.29,9899.98,10.98,24060.77
814,603637.SH,20190821,10.34,10.46,10.27,10.33,10.4,-0.07000000000000028,-0.67,4645.3,7067.125,10.33,7391.41,10.07,6676.92,10.33,7230.39,10.84,22699.39,10.67,21623.56,10.61,16800.45,10.14,6537.08,10.18,6383.97,10.3,7145.73,10.29,10019.48,10.98,24111.64
815,603637.SH,20190820,10.35,10.49,10.33,10.4,10.39,0.009999999999999787,0.1,8945.0,13693.126,10.3,9130.5,10.07,6966.78,10.34,7282.29,10.85,22936.61,10.67,21629.98,10.65,18271.16,10.09,6657.12,10.19,6444.99,10.31,7196.84,10.29,10257.35,10.98,24243.27
816,603637.SH,20190819,10.45,10.45,10.23,10.39,10.3,0.08999999999999986,0.87,7825.45,11875.078,10.17,7784.1,10.07,6704.02,10.34,7330.71,10.85,23088.15,10.66,21631.95,10.69,19288.2,10.02,6832.51,10.19,6298.84,10.31,7181.3,10.3,10440.49,10.98,24443.5
817,603637.SH,20190816,10.23,10.48,10.2,10.3,10.22,0.08000000000000007,0.78,7376.75,11202.334,10.09,6842.11,10.06,6648.61,10.35,7491.01,10.84,23187.94,10.66,21722.35,10.73,20455.94,9.98,6538.42,10.19,6292.17,10.31,7256.06,10.3,10662.09,10.98,24678.33
818,603637.SH,20190815,9.98,10.35,9.85,10.22,10.18,0.040000000000000924,0.39,8164.54,12182.356,10.01,6238.76,10.07,6469.82,10.36,7612.84,10.84,23224.18,10.66,21783.85,10.76,21447.46,9.99,6642.09,10.2,6234.83,10.32,7234.7,10.3,10939.42,10.98,24723.6
819,603637.SH,20190814,9.84,10.4,9.84,10.18,9.77,0.41000000000000014,4.2,13340.75,20096.331,9.96,5682.75,10.09,6125.37,10.37,7622.89,10.83,23232.26,10.66,21798.16,10.8,22770.19,10.0,6378.55,10.21,6199.0,10.34,7176.21,10.31,11174.21,10.98,24842.26
820,603637.SH,20190813,9.92,9.96,9.77,9.77,10.0,-0.23000000000000043,-2.3,2213.0,3207.792,9.88,4183.74,10.11,5592.75,10.38,7640.65,10.83,23189.26,10.65,21784.39,10.83,23579.2,10.01,5754.99,10.23,5989.21,10.35,7084.56,10.33,11377.88,10.99,24975.63
821,603637.SH,20190812,9.79,10.03,9.79,10.0,9.86,0.14000000000000057,1.42,3115.5,4534.945,9.86,5880.92,10.16,5782.21,10.4,7803.8,10.82,23292.43,10.65,21817.31,10.86,23988.2,10.08,6038.93,10.27,6222.23,10.38,7453.31,10.35,12166.85,10.99,25082.04
822,603637.SH,20190809,9.91,10.05,9.77,9.86,9.99,-0.13000000000000078,-1.3,4360.0,6343.498,9.87,6234.74,10.19,5993.75,10.42,8087.97,10.82,23435.96,10.65,21843.57,10.89,24621.0,10.12,6096.06,10.3,6708.91,10.41,7733.43,10.39,12953.34,10.99,25227.68
823,603637.SH,20190808,9.77,10.02,9.61,9.99,9.77,0.22000000000000064,2.25,5384.5,7813.433,9.96,7045.42,10.23,6121.61,10.44,8271.4,10.82,23529.57,10.65,21863.2,10.93,25850.18,10.18,6301.72,10.35,7090.44,10.42,7871.63,10.45,13799.47,11.0,25295.15
824,603637.SH,20190807,9.69,9.79,9.55,9.77,9.69,0.08000000000000007,0.83,5845.72,8339.68,10.03,7074.35,10.27,6299.1,10.46,8563.16,10.82,23583.5,10.65,21886.8,10.96,26750.21,10.22,6230.87,10.38,7450.06,10.44,8156.97,10.5,14605.78,11.0,25344.06
825,603637.SH,20190806,9.91,9.91,9.34,9.69,10.05,-0.3600000000000012,-3.58,10698.86,15062.131,10.14,7326.24,10.32,6328.66,10.48,8794.43,10.82,23617.19,10.65,21897.13,10.98,27062.51,10.29,6232.86,10.41,7466.69,10.46,8220.78,10.54,15138.84,11.0,25398.09
826,603637.SH,20190805,10.36,10.38,10.03,10.05,10.32,-0.2699999999999996,-2.62,4884.63,7318.033,10.29,6196.95,10.37,6078.59,10.49,9014.91,10.82,23643.34,10.64,21879.36,11.02,27577.65,10.36,5765.18,10.46,7355.69,10.5,8290.06,10.59,15814.64,11.01,25492.07
827,603637.SH,20190802,10.31,10.41,10.0,10.32,10.32,0.0,0.0,8413.4,12630.269,10.37,5957.38,10.41,6406.3,10.5,9288.13,10.81,23793.81,10.64,21958.91,11.04,27690.53,10.4,6045.91,10.48,7614.88,10.52,8480.47,10.64,16907.77,11.01,25535.0
828,603637.SH,20190801,10.41,10.41,10.28,10.32,10.32,0.0,0.0,5529.15,8397.148,10.4,5558.02,10.44,6287.84,10.5,9380.03,10.81,23794.6,10.64,21960.16,11.05,27709.07,10.41,5827.57,10.49,7531.0,10.53,8710.16,10.68,17744.54,11.0,25541.38
829,603637.SH,20190731,10.5,10.5,10.28,10.32,10.43,-0.10999999999999943,-1.05,7105.16,10859.65,10.42,5387.39,10.47,6850.92,10.49,9675.6,10.81,23811.53,10.64,22054.87,11.06,27792.99,10.42,6019.44,10.51,7575.03,10.53,8982.82,10.73,19321.52,11.0,25580.52
830,603637.SH,20190730,10.46,10.52,10.38,10.43,10.44,-0.009999999999999787,-0.1,5052.4,7773.7,10.43,5139.47,10.5,7226.72,10.49,10122.08,10.8,23871.78,10.63,22058.07,11.08,27894.04,10.44,6223.42,10.53,7749.34,10.53,9352.49,10.79,21118.91,10.99,25593.95
831,603637.SH,20190729,10.48,10.53,10.33,10.44,10.49,-0.05000000000000071,-0.48,3686.8,5669.22,10.42,5333.41,10.51,7805.53,10.47,10398.76,10.8,23883.56,10.63,22079.67,11.09,28041.05,10.46,6405.52,10.54,8160.5,10.52,9656.54,10.83,22455.09,10.98,25613.83
832,603637.SH,20190726,10.4,10.64,10.19,10.49,10.4,0.08999999999999986,0.87,6416.57,9862.873,10.43,6134.44,10.52,7997.19,10.46,10809.63,10.79,23907.1,10.62,22117.19,11.11,28269.3,10.49,7321.76,10.55,8552.11,10.51,9918.25,10.89,23983.74,10.98,25670.2
833,603637.SH,20190725,10.47,10.47,10.34,10.4,10.4,0.0,0.0,4676.0,7157.385,10.41,6097.12,10.52,8155.82,10.44,10950.7,10.78,23955.74,10.62,22131.21,11.12,28914.4,10.51,7879.16,10.54,8656.58,10.5,10223.65,10.92,25239.14,10.97,25688.87
834,603637.SH,20190724,10.36,10.53,10.36,10.4,10.39,0.009999999999999787,0.1,5865.59,9000.316,10.42,6651.5,10.52,8570.63,10.41,11128.44,10.78,24105.97,10.61,22134.22,11.15,29492.97,10.53,8669.25,10.55,9120.03,10.49,10810.63,10.97,26950.7,10.97,25754.95
835,603637.SH,20190723,10.53,10.53,10.33,10.39,10.46,-0.07000000000000028,-0.67,6022.1,9208.38,10.45,7307.38,10.54,8637.56,10.39,11232.25,10.77,24182.15,10.61,22146.19,11.16,30072.68,10.54,8700.53,10.55,9214.75,10.48,11097.09,11.0,28086.54,10.97,25783.89
836,603637.SH,20190722,10.44,10.54,10.3,10.46,10.41,0.05000000000000071,0.48,7691.93,11828.075,10.5,7477.63,10.56,8667.39,10.36,11458.81,10.77,24232.48,10.61,22150.45,11.17,30400.13,10.56,8946.2,10.57,9552.5,10.46,11484.9,11.03,28534.3,10.97,25832.92
837,603637.SH,20190719,10.49,10.56,10.35,10.41,10.43,-0.019999999999999574,-0.19,6230.0,9582.803,10.55,8509.07,10.58,8890.41,10.35,11992.13,10.76,24263.93,10.6,22132.45,11.19,30485.73,10.56,9183.86,10.58,9697.75,10.44,11602.27,11.06,29249.03,10.97,25867.94
838,603637.SH,20190718,10.48,10.58,10.33,10.43,10.58,-0.15000000000000036,-1.42,7447.9,11411.436,10.61,9661.2,10.6,9432.39,10.34,12197.77,10.76,24284.59,10.6,22128.93,11.2,30519.07,10.58,9234.43,10.58,10151.46,10.41,11751.91,11.1,30754.35,10.97,25960.19
839,603637.SH,20190717,10.68,10.68,10.47,10.58,10.64,-0.0600000000000005,-0.56,9144.95,14232.014,10.65,10686.99,10.61,9745.55,10.33,12539.15,10.75,24260.03,10.59,22130.9,11.21,30516.04,10.6,9130.62,10.58,10464.5,10.38,11816.82,11.12,31844.99,10.97,26221.51
840,603637.SH,20190716,10.64,10.78,10.62,10.64,10.68,-0.03999999999999915,-0.37,6873.38,10804.105,10.63,10093.68,10.6,9696.4,10.33,12679.02,10.74,24236.32,10.59,22130.56,11.22,30550.39,10.61,9275.25,10.57,10917.02,10.35,11969.5,11.15,32180.38,10.97,26401.68
841,603637.SH,20190715,10.72,10.84,10.61,10.68,10.73,-0.05000000000000071,-0.47,12849.14,20224.129,10.61,10414.77,10.59,10240.36,10.32,13033.26,10.74,24253.01,10.58,22161.53,11.23,30705.7,10.61,9915.48,10.55,11282.06,10.32,12601.21,11.17,32888.06,10.96,26529.36
842,603637.SH,20190712,10.53,10.9,10.53,10.73,10.6,0.13000000000000078,1.23,11990.65,18971.384,10.56,9858.64,10.57,9848.89,10.32,13241.63,10.73,24324.23,10.58,22155.87,11.24,30683.23,10.61,9782.47,10.53,11216.5,10.3,12613.62,11.18,32896.42,10.95,26527.25
843,603637.SH,20190711,10.53,10.91,10.51,10.6,10.51,0.08999999999999986,0.86,12576.84,19809.123,10.55,8807.66,10.57,9909.39,10.32,13510.17,10.73,24364.36,10.57,22141.96,11.25,30731.78,10.58,9434.0,10.49,11395.89,10.29,12849.1,11.19,32859.98,10.94,26505.06
844,603637.SH,20190710,10.47,10.64,10.47,10.51,10.51,0.0,0.0,6178.41,9592.485,10.56,7574.26,10.57,9757.08,10.31,13846.64,10.72,24350.51,10.57,22179.61,11.26,30966.6,10.57,9570.81,10.47,11881.33,10.28,12893.22,11.21,32847.42,10.93,26459.82
845,603637.SH,20190709,10.37,10.57,10.33,10.51,10.47,0.03999999999999915,0.38,8478.8,13024.487,10.59,8456.82,10.58,10459.07,10.32,14319.4,10.71,24384.09,10.56,22309.91,11.28,31220.02,10.56,9728.96,10.45,12295.38,10.28,13317.86,11.22,32989.18,10.92,26550.58
846,603637.SH,20190708,10.66,10.71,10.39,10.47,10.66,-0.1899999999999995,-1.78,10068.52,15539.044,10.62,9416.19,10.57,10861.38,10.34,14821.8,10.71,24379.22,10.56,22471.93,11.29,31526.16,10.58,10158.8,10.42,12754.25,10.29,13699.69,11.24,33115.83,10.91,26678.12
847,603637.SH,20190705,10.59,10.74,10.53,10.66,10.64,0.019999999999999574,0.19,6735.72,10553.804,10.65,9706.29,10.56,11486.51,10.36,15983.06,10.7,24361.74,10.56,22628.88,11.31,32224.36,10.6,10211.63,10.38,12811.48,10.29,14068.11,11.26,33294.78,10.91,26742.89
848,603637.SH,20190704,10.77,10.77,10.58,10.64,10.67,-0.02999999999999936,-0.28,6409.83,10046.11,10.6,10060.35,10.53,12058.69,10.41,17264.51,10.69,24368.29,10.55,22653.38,11.32,32300.96,10.59,11068.49,10.32,13010.65,10.28,14644.14,11.27,34095.83,10.9,26796.35
849,603637.SH,20190703,10.68,10.77,10.53,10.67,10.64,0.02999999999999936,0.28,10591.22,16616.81,10.59,11567.36,10.49,12453.17,10.48,18697.39,10.69,24388.87,10.54,22660.07,11.32,32688.48,10.56,11798.38,10.27,13159.92,10.29,15172.22,11.3,34790.14,10.89,26832.07
850,603637.SH,20190702,10.72,10.85,10.55,10.64,10.66,-0.019999999999999574,-0.19,13275.66,20900.96,10.53,11001.11,10.44,12836.8,10.56,19967.16,10.68,24368.04,10.52,22657.38,11.32,32773.1,10.53,12558.78,10.22,13316.62,10.3,15671.2,11.31,35436.03,10.88,26864.35
851,603637.SH,20190701,10.57,10.67,10.49,10.66,10.41,0.25,2.4,11519.04,17984.764,10.54,10901.41,10.41,13529.88,10.61,20689.32,10.67,24329.29,10.51,22685.8,11.33,32848.91,10.5,12648.63,10.18,13944.07,10.32,16880.39,11.32,35724.44,10.88,26974.99
852,603637.SH,20190628,10.64,10.65,10.33,10.41,10.55,-0.14000000000000057,-1.33,8506.0,13075.887,10.54,10716.97,10.36,13756.06,10.67,21857.78,10.66,24376.58,10.5,22676.74,11.33,32934.16,10.44,12650.53,10.15,14029.2,10.38,18173.26,11.34,35767.66,10.87,26950.06
853,603637.SH,20190627,10.49,10.77,10.49,10.55,10.41,0.14000000000000057,1.34,13944.86,21876.553,10.57,12076.63,10.33,14459.93,10.74,23680.33,10.66,24377.4,10.49,22708.32,11.33,33153.11,10.4,13357.77,10.15,14556.64,10.47,19727.31,11.35,35771.41,10.86,26945.56
854,603637.SH,20190626,10.45,10.67,10.41,10.41,10.67,-0.2599999999999998,-2.44,7759.99,12030.151,10.53,12029.41,10.26,14249.79,10.81,24994.29,10.65,24430.11,10.48,22688.18,11.33,33323.56,10.38,14191.85,10.14,14554.43,10.55,21054.59,11.36,35659.33,10.86,26960.86
855,603637.SH,20190625,10.58,10.71,10.34,10.67,10.66,0.009999999999999787,0.09,12777.17,19805.389,10.52,14116.46,10.19,14477.41,10.9,27711.58,10.65,24429.32,10.47,22675.11,11.34,33486.8,10.33,14861.79,10.14,15112.3,10.62,22056.9,11.38,35725.35,10.85,26952.43
856,603637.SH,20190624,10.57,10.73,10.48,10.66,10.57,0.08999999999999986,0.85,10596.83,16559.761,10.46,14395.85,10.11,14217.26,10.99,30716.61,10.64,24401.03,10.45,22642.95,11.34,33634.67,10.26,15349.71,10.14,15470.13,10.69,23339.21,11.39,35821.09,10.84,26904.94
857,603637.SH,20190621,10.4,10.66,10.39,10.57,10.36,0.21000000000000085,2.03,15304.31,23751.994,10.35,14584.09,10.03,14457.91,11.05,32911.52,10.64,24397.07,10.44,22622.05,11.34,33743.74,10.17,15411.32,10.14,15996.35,10.77,25335.08,11.4,35830.54,10.83,26928.46
858,603637.SH,20190620,10.41,10.47,10.19,10.36,10.33,0.02999999999999936,0.29,13708.73,20846.894,10.22,14638.91,9.97,15267.17,11.15,35267.44,10.63,24351.81,10.42,22600.08,11.34,33653.91,10.05,14952.8,10.12,16431.97,10.84,26778.92,11.42,35836.01,10.82,27020.18
859,603637.SH,20190619,10.4,10.67,10.32,10.33,10.36,-0.02999999999999936,-0.29,18195.26,28428.555,10.22,16354.29,9.95,15229.7,11.21,37268.37,10.63,24292.61,10.41,22551.84,11.34,33642.27,9.98,14521.45,10.15,16859.14,10.94,29660.23,11.43,36110.66,10.82,27046.23
860,603637.SH,20190618,10.14,10.4,10.14,10.36,10.12,0.2400000000000002,2.37,14174.13,21885.062,10.14,15607.12,9.95,15295.82,11.3,39891.15,10.62,24221.04,10.41,22479.47,11.34,33672.2,9.91,14074.45,10.19,17227.41,11.06,32885.32,11.46,36227.17,10.81,27005.18
861,603637.SH,20190617,9.9,10.27,9.84,10.12,9.94,0.17999999999999972,1.81,11538.0,17521.56,10.06,16303.56,9.96,15274.79,11.36,41651.21,10.62,24169.42,10.4,22441.65,11.34,33922.85,9.86,15239.51,10.23,18996.27,11.14,35253.64,11.48,36514.92,10.81,26988.91
862,603637.SH,20190614,10.47,10.47,9.91,9.94,10.34,-0.40000000000000036,-3.87,15578.45,23622.806,9.99,16238.56,9.98,15842.43,11.42,42279.15,10.61,24121.59,10.39,22430.86,11.35,34249.07,9.86,15407.87,10.34,20934.62,11.26,38049.23,11.51,37363.17,10.8,26969.46
863,603637.SH,20190613,9.9,10.5,9.84,10.34,9.96,0.379999999999999,3.82,22285.62,34234.438,9.88,15266.69,10.04,16177.46,11.47,43308.47,10.61,24052.54,10.39,22445.34,11.35,34212.16,9.89,15755.51,10.51,22912.08,11.35,40254.63,11.54,37311.54,10.8,26872.24
864,603637.SH,20190612,9.96,10.1,9.8,9.96,9.96,0.0,0.0,14459.4,21631.098,9.75,12688.61,10.05,16087.88,11.55,45492.7,10.61,23951.81,10.38,22457.88,11.35,34213.73,9.91,14917.02,10.64,24485.96,11.45,43090.76,11.54,37531.35,10.79,26734.28
865,603637.SH,20190611,9.74,10.01,9.64,9.96,9.73,0.23000000000000043,2.36,17656.33,26131.196,9.68,12541.79,10.08,16823.06,11.61,47211.13,10.6,23914.5,10.38,22600.52,11.36,34412.21,9.95,15362.82,10.77,25654.45,11.53,45075.99,11.56,37572.65,10.79,26691.09
866,603637.SH,20190610,9.46,9.8,9.42,9.73,9.41,0.3200000000000003,3.4,11212.99,16136.591,9.65,14175.46,10.15,17176.59,11.67,47552.67,10.6,23875.97,10.38,22533.18,11.36,34376.55,10.02,15590.56,10.9,27333.96,11.6,45583.71,11.57,37594.41,10.79,26736.49
867,603637.SH,20190606,9.76,9.76,9.38,9.41,9.68,-0.2699999999999996,-2.79,10719.13,15245.989,9.73,14577.18,10.27,18280.25,11.74,48673.87,10.6,23880.69,10.38,22528.1,11.37,34501.61,10.1,16581.37,11.07,30296.96,11.67,46895.79,11.59,37706.06,10.79,26791.13
868,603637.SH,20190605,9.7,9.8,9.63,9.68,9.62,0.0600000000000005,0.62,9395.2,13631.817,9.91,16244.33,10.4,21267.34,11.8,48751.27,10.61,23873.2,10.38,22513.58,11.38,34524.77,10.2,17911.13,11.24,32691.98,11.79,49756.79,11.6,37942.87,10.79,26789.99
869,603637.SH,20190604,9.82,9.9,9.6,9.62,9.83,-0.21000000000000085,-2.14,13725.3,19933.004,10.06,17145.42,10.6,24414.25,11.85,48763.31,10.61,23939.47,10.37,22506.08,11.38,34549.56,10.31,19196.84,11.42,37229.62,11.87,51873.16,11.62,38231.75,10.79,26803.48
870,603637.SH,20190603,10.09,10.16,9.48,9.83,10.11,-0.27999999999999936,-2.77,25824.68,37883.183,10.22,18183.84,10.88,27599.05,11.9,48707.36,10.61,24039.99,10.37,22465.17,11.39,34530.94,10.47,20380.37,11.63,42290.76,11.94,52391.27,11.64,38336.39,10.79,26753.92
871,603637.SH,20190531,10.23,10.4,10.11,10.11,10.29,-0.17999999999999972,-1.75,13221.61,20231.04,10.39,17005.67,11.13,29748.17,11.94,48379.69,10.61,24109.68,10.36,22380.33,11.4,34479.63,10.6,22753.03,11.78,45260.7,12.02,53174.91,11.66,38303.77,10.79,26601.64
872,603637.SH,20190530,10.43,10.43,10.06,10.29,10.46,-0.1700000000000017,-1.63,19054.86,29004.949,10.48,18585.57,11.31,31641.06,11.98,48463.69,10.61,24271.98,10.36,22390.55,11.4,34437.16,10.83,26461.37,11.96,49369.91,12.06,53179.21,11.66,38396.35,10.79,26555.45
873,603637.SH,20190529,10.3,10.5,10.3,10.46,10.4,0.0600000000000005,0.58,13900.67,21673.877,10.49,19577.94,11.49,34117.35,12.02,48515.19,10.6,24215.19,10.36,22410.53,11.39,34305.48,11.12,30068.65,12.07,52504.19,12.1,52870.87,11.67,38221.56,10.78,26474.77
874,603637.SH,20190528,10.7,10.78,10.37,10.4,10.69,-0.28999999999999915,-2.71,18917.4,29872.236,10.57,21248.25,11.69,38469.06,12.06,49718.08,10.59,24171.02,10.35,22397.03,11.38,34256.48,11.38,34054.91,12.22,57177.64,12.13,52801.61,11.67,38203.81,10.77,26422.19
875,603637.SH,20190527,10.57,10.76,10.33,10.69,10.55,0.1399999999999988,1.33,19933.8,31636.138,10.73,22576.89,11.87,41523.07,12.12,50575.47,10.58,24110.03,10.34,22402.27,11.37,34120.47,11.59,35946.08,12.32,59932.57,12.16,52660.49,11.67,38229.19,10.76,26328.68
876,603637.SH,20190524,10.18,10.95,10.16,10.55,10.34,0.21000000000000085,2.03,21121.1,33434.654,10.82,28500.39,12.08,47693.38,12.13,51440.49,10.57,24097.15,10.33,22323.72,11.36,33953.87,11.78,39077.36,12.39,60580.28,12.19,52531.96,11.67,38446.5,10.76,26315.3
877,603637.SH,20190523,10.83,10.83,10.3,10.34,10.85,-0.5099999999999998,-4.7,24016.72,37794.903,11.18,34337.18,12.33,54910.85,12.15,51718.7,10.55,24019.84,10.32,22254.96,11.35,33811.6,12.03,44012.54,12.45,62053.0,12.22,52521.45,11.67,38694.56,10.75,26211.17
878,603637.SH,20190522,11.35,11.39,10.82,10.85,11.22,-0.370000000000001,-3.3,22252.23,36826.68,11.75,40559.36,12.52,59619.06,12.19,51427.39,10.54,23949.19,10.31,22195.83,11.34,33606.8,12.27,47472.83,12.58,65679.62,12.27,53547.53,11.67,38507.78,10.75,26190.48
879,603637.SH,20190521,11.1,11.36,10.78,11.22,11.13,0.08999999999999986,0.81,25560.61,42592.21,12.19,46861.57,12.74,65246.26,12.21,51029.69,10.52,23867.86,10.3,22159.67,11.33,33478.19,12.53,55262.39,12.64,68211.33,12.32,54408.07,11.66,38510.3,10.73,26068.76
880,603637.SH,20190520,12.07,12.28,11.13,11.13,12.37,-1.2399999999999984,-10.02,49551.3,84047.193,12.44,49315.27,12.84,69567.79,12.2,50490.27,10.5,23728.91,10.28,22093.3,11.32,33261.89,12.79,64201.15,12.67,68396.72,12.32,55200.86,11.65,38573.38,10.72,25928.29
881,603637.SH,20190517,13.27,13.27,12.29,12.37,13.19,-0.8200000000000003,-6.22,50305.03,95513.155,12.74,49654.34,13.02,74015.35,12.21,49377.62,10.48,23435.79,10.27,21912.93,11.31,32759.94,12.95,67768.37,12.73,68385.85,12.32,54568.5,11.63,37997.22,10.71,25598.92
882,603637.SH,20190516,13.14,13.48,12.85,13.19,13.06,0.129999999999999,1.0,55127.62,108318.318,12.88,53687.91,13.01,75839.28,12.19,48442.82,10.45,23135.51,10.25,21754.99,11.28,32247.8,13.09,72278.45,12.68,66538.13,12.3,53362.07,11.59,37502.02,10.69,25252.93
883,603637.SH,20190515,12.66,13.15,12.49,13.06,12.45,0.6100000000000012,4.9,53763.3,103690.621,12.79,54386.31,12.93,74128.53,12.13,47149.77,10.42,22833.18,10.22,21475.71,11.25,31743.43,13.03,74939.73,12.58,64271.98,12.24,51815.5,11.54,36790.83,10.66,24836.74
884,603637.SH,20190514,12.24,12.81,12.17,12.45,12.63,-0.1800000000000015,-1.43,37829.09,71070.461,12.86,63663.22,12.84,73883.32,12.08,46028.27,10.39,22498.4,10.19,21218.06,11.21,31544.0,13.07,80300.36,12.5,62174.96,12.17,50264.06,11.5,36082.34,10.63,24454.45
885,603637.SH,20190513,12.97,12.97,12.45,12.63,13.06,-0.4299999999999997,-3.29,51246.64,96809.38,13.14,79087.03,12.88,78400.25,12.05,45803.53,10.36,22277.12,10.17,21055.09,11.18,31449.83,13.05,83919.07,12.44,61017.7,12.14,49393.8,11.46,35657.35,10.61,24195.39
886,603637.SH,20190510,12.89,13.39,12.04,13.06,12.77,0.2900000000000009,2.27,70472.91,136762.459,13.16,85882.4,12.83,80064.84,12.02,45037.02,10.34,21975.29,10.15,20789.83,11.15,31062.47,12.99,82083.19,12.39,59259.26,12.1,48302.97,11.42,35169.51,10.59,23807.08
887,603637.SH,20190509,13.03,13.24,12.6,12.77,13.39,-0.620000000000001,-4.63,58619.59,112979.303,13.31,90868.98,12.74,76895.28,11.98,43888.97,10.31,21553.36,10.12,20430.33,11.1,30290.77,12.88,80093.45,12.32,56775.91,12.04,46326.01,11.37,34162.23,10.56,23266.77
888,603637.SH,20190508,12.82,13.69,12.44,13.39,13.83,-0.4399999999999995,-3.18,100147.85,192726.417,13.26,95493.15,12.69,76180.98,11.96,44001.13,10.29,21271.46,10.09,20131.75,11.06,29633.55,12.89,83886.41,12.27,56584.87,12.0,44893.1,11.32,33338.21,10.53,22843.12
889,603637.SH,20190507,12.84,14.05,12.84,13.83,12.77,1.0600000000000005,8.3,114948.18,237299.866,13.28,96937.5,12.54,69504.27,11.91,41422.68,10.26,20745.46,10.06,19612.2,11.01,28393.56,12.76,81160.26,12.21,53980.9,11.93,42561.1,11.26,31839.52,10.5,22084.27
890,603637.SH,20190506,12.91,13.76,12.44,12.77,13.77,-1.0,-7.26,85223.48,166539.658,12.96,88751.1,12.35,61416.3,11.81,39085.21,10.23,20215.03,10.03,19035.04,10.95,27088.51,12.56,72592.3,12.08,50700.72,11.86,39569.01,11.19,30068.99,10.47,21227.27
891,603637.SH,20190430,12.12,13.77,11.96,13.77,12.52,1.25,9.98,95405.82,186546.217,12.82,78283.98,12.24,55770.12,11.75,37076.8,10.21,19666.78,10.0,18651.05,10.9,26269.31,12.5,69003.33,12.01,47968.56,11.82,37776.19,11.13,28772.57,10.44,20616.18
892,603637.SH,20190429,13.15,13.23,12.24,12.52,13.49,-0.9700000000000006,-7.19,81740.43,154231.761,12.45,69317.92,12.05,49560.74,11.67,34828.45,10.18,19076.15,9.97,18162.03,10.84,25235.11,12.27,60797.81,11.9,43903.88,11.76,36677.11,11.07,27356.66,10.41,19901.46
893,603637.SH,20190426,12.28,13.49,12.1,13.49,12.26,1.2300000000000004,10.03,107369.61,211001.973,12.53,72279.68,11.98,44509.77,11.61,32951.15,10.16,18565.9,9.94,17760.71,10.81,24320.58,12.14,53604.22,11.84,40253.39,11.73,34368.44,11.03,26138.6,10.38,19378.11
894,603637.SH,20190425,12.13,13.0,12.1,12.26,12.08,0.17999999999999972,1.49,74016.15,138979.272,12.23,65383.02,11.83,37851.02,11.52,30526.39,10.13,17876.73,9.91,17207.05,10.76,23031.61,11.93,44049.56,11.73,35245.92,11.64,31971.93,10.97,24559.21,10.36,18718.37
895,603637.SH,20190424,12.04,12.37,11.7,12.08,11.9,0.17999999999999972,1.51,32887.88,59439.252,12.16,56433.5,11.8,36372.76,11.48,29135.56,10.1,17410.02,9.89,16825.43,10.72,22237.59,11.84,38116.34,11.68,32131.17,11.58,30069.31,10.94,23481.24,10.34,18400.4
896,603637.SH,20190423,12.44,12.56,11.88,11.9,12.91,-1.0099999999999998,-7.82,50575.52,92188.031,12.18,59722.68,11.81,37540.5,11.44,28756.61,10.08,17261.4,9.87,16718.3,10.69,22153.11,11.79,36435.33,11.65,31412.86,11.54,29605.11,10.91,23131.54,10.32,18431.27
897,603637.SH,20190422,12.26,13.14,12.22,12.91,12.02,0.8900000000000006,7.4,96549.22,183235.796,12.09,52277.69,11.76,37445.8,11.41,27971.08,10.07,17014.0,9.85,16563.8,10.66,21592.47,11.76,33458.37,11.62,29442.29,11.5,28516.33,10.88,22486.85,10.29,18100.45
898,603637.SH,20190419,11.97,12.91,11.54,12.02,11.88,0.1399999999999988,1.18,72886.31,132942.769,11.76,34928.77,11.63,32371.27,11.34,25683.65,10.04,16499.28,9.82,16130.24,10.62,20411.37,11.65,29283.33,11.55,25396.44,11.42,26128.95,10.84,21166.02,10.26,17358.71
899,603637.SH,20190418,11.74,11.99,11.74,11.88,12.18,-0.29999999999999893,-2.46,29268.55,51950.721,11.63,22716.11,11.6,27850.18,11.3,23791.91,10.02,16073.82,9.8,15822.12,10.59,19649.96,11.67,26801.54,11.51,23261.52,11.38,24590.34,10.82,20598.02,10.23,16835.79
900,603637.SH,20190417,11.4,12.56,11.31,12.18,11.45,0.7300000000000004,6.38,49333.8,88140.294,11.51,19799.18,11.56,26270.34,11.26,23308.59,10.0,16008.09,9.77,15734.92,10.56,19349.69,11.6,28809.14,11.5,23057.36,11.34,24281.5,10.79,20622.98,10.21,16742.54
901,603637.SH,20190416,11.14,11.57,11.03,11.45,11.27,0.17999999999999972,1.6,13350.59,22437.418,11.39,13147.99,11.48,23030.84,11.21,22458.79,9.98,15711.73,9.75,15546.81,10.53,18786.27,11.51,26933.79,11.48,22162.63,11.29,23432.62,10.75,20170.66,10.18,16414.66
902,603637.SH,20190415,11.39,11.49,11.27,11.27,11.36,-0.08999999999999986,-0.79,9804.6,16690.186,11.43,14639.04,11.48,22905.5,11.18,23035.9,9.96,15685.0,9.73,15654.97,10.5,18787.2,11.53,27009.95,11.5,24616.76,11.27,23613.5,10.72,20158.08,10.15,16418.77
903,603637.SH,20190412,11.29,11.52,11.22,11.36,11.3,0.05999999999999872,0.53,11823.02,20111.75,11.54,23637.89,11.5,23576.05,11.16,23806.49,9.94,15714.3,9.72,15741.64,10.47,19007.27,11.54,26902.55,11.53,24750.55,11.24,23572.25,10.69,20150.13,10.13,16424.9
904,603637.SH,20190411,11.59,11.68,11.29,11.3,11.59,-0.28999999999999915,-2.5,14683.9,25155.388,11.72,30886.98,11.49,23525.36,11.12,23835.52,9.93,15744.29,9.7,15754.87,10.45,19074.11,11.52,26442.27,11.49,25933.11,11.22,23606.0,10.66,20072.23,10.11,16372.64
905,603637.SH,20190410,11.62,11.76,11.45,11.59,11.62,-0.02999999999999936,-0.26,16077.82,27838.698,11.69,37819.09,11.5,23598.31,11.09,24062.56,9.91,15741.93,9.69,15761.46,10.43,19055.24,11.53,26146.0,11.46,26045.8,11.19,23797.89,10.63,20111.98,10.08,16311.45
906,603637.SH,20190409,11.92,11.92,11.52,11.62,11.81,-0.19000000000000128,-1.61,20805.87,36281.108,11.63,40719.59,11.48,24683.7,11.06,24452.79,9.89,15762.7,9.68,15803.29,10.41,19003.82,11.52,26390.4,11.42,26190.0,11.15,24361.04,10.59,20240.42,10.05,16236.35
907,603637.SH,20190408,12.34,12.4,11.75,11.81,12.28,-0.46999999999999886,-3.83,54798.85,98304.737,11.63,39380.85,11.49,25020.58,11.02,24281.49,9.87,15782.19,9.66,15867.15,10.38,18849.13,11.49,25426.2,11.38,26045.31,11.12,24867.67,10.56,20191.0,10.02,16159.56
908,603637.SH,20190404,11.07,12.28,11.0,12.28,11.17,1.1099999999999994,9.94,48068.45,82350.458,11.55,30167.2,11.48,23223.68,10.97,23275.43,9.85,15456.71,9.65,15834.88,10.35,18170.64,11.45,21509.55,11.31,24551.75,11.06,23468.04,10.52,19496.86,10.0,15749.2
909,603637.SH,20190403,11.3,11.33,10.95,11.17,11.28,-0.10999999999999943,-0.98,49344.48,81922.142,11.32,21997.56,11.45,24328.66,10.91,22228.01,9.82,15193.88,9.63,16057.4,10.31,17606.14,11.36,19721.49,11.23,23484.74,11.0,22612.53,10.48,18874.0,9.97,15398.34
910,603637.SH,20190402,11.74,11.74,11.28,11.28,11.62,-0.33999999999999986,-2.93,30580.3,52046.117,11.36,14472.91,11.49,21492.98,10.88,21107.7,9.8,14922.65,9.62,16249.3,10.29,17071.9,11.41,17305.58,11.21,22017.68,10.97,21945.9,10.45,18292.67,9.95,15051.99
911,603637.SH,20190401,11.48,11.65,11.37,11.62,11.39,0.22999999999999865,2.02,14112.17,24396.475,11.41,12061.2,11.44,21869.43,10.85,20570.91,9.78,14754.85,9.61,16755.43,10.28,16972.23,11.45,17391.47,11.18,21682.04,10.94,21425.95,10.43,18225.53,9.93,14878.11
912,603637.SH,20190329,11.22,11.48,11.14,11.39,11.15,0.2400000000000002,2.15,8730.62,14796.719,11.35,11471.56,11.37,22086.77,10.81,20802.21,9.76,14724.32,9.6,17550.44,10.25,17020.99,11.47,22223.57,11.13,21915.28,10.89,21641.97,10.4,18132.45,9.91,14910.72
913,603637.SH,20190328,11.33,11.33,11.1,11.15,11.37,-0.21999999999999886,-1.93,7220.24,12144.053,11.35,12851.89,11.33,22873.78,10.77,20840.61,9.74,14720.37,9.59,18011.23,10.23,17045.68,11.51,22598.56,11.09,21907.1,10.85,21766.16,10.37,18119.72,9.9,15041.34
914,603637.SH,20190327,11.61,11.66,11.27,11.37,11.54,-0.16999999999999993,-1.47,11721.24,19996.506,11.39,17445.42,11.3,23696.24,10.73,20898.21,9.72,14755.94,9.58,18134.57,10.21,17096.26,11.46,25423.95,11.06,22187.87,10.82,21900.62,10.35,18262.4,9.89,15302.55
915,603637.SH,20190326,11.28,11.62,11.2,11.54,11.28,0.2599999999999998,2.3,18521.75,31752.288,11.45,20138.25,11.23,24712.12,10.68,20854.23,9.7,14795.43,9.57,18353.72,10.19,17043.68,11.39,25945.59,11.02,22623.83,10.78,21920.89,10.32,18179.52,9.88,15257.17
916,603637.SH,20190325,11.25,11.31,11.1,11.28,11.39,-0.11000000000000121,-0.97,11163.93,18730.26,11.49,22721.73,11.17,25343.38,10.62,20565.84,9.68,14807.99,9.55,18377.51,10.16,16897.42,11.32,25989.59,10.97,23346.36,10.74,22036.04,10.29,17988.78,9.86,15189.12
917,603637.SH,20190322,11.36,11.46,11.29,11.39,11.36,0.030000000000001137,0.26,15632.3,26624.504,11.6,32975.58,11.13,26023.34,10.58,20456.27,9.65,14819.08,9.53,18441.09,10.14,16850.94,11.27,26664.42,10.93,24588.41,10.7,21998.45,10.26,18026.38,9.84,15164.96
918,603637.SH,20190321,11.59,11.65,11.33,11.36,11.67,-0.3100000000000005,-2.66,30187.9,51671.078,11.67,32345.23,11.07,26656.82,10.53,20303.88,9.63,14807.18,9.52,18465.48,10.12,16767.49,11.17,27593.96,10.87,24447.28,10.64,21783.33,10.22,18204.34,9.82,15102.42
919,603637.SH,20190320,11.57,11.78,11.43,11.67,11.74,-0.07000000000000028,-0.6,25185.36,43752.308,11.53,33402.48,11.01,25779.04,10.49,19670.62,9.61,14693.38,9.5,18386.24,10.09,16466.2,11.12,27247.98,10.82,24058.05,10.59,21117.93,10.2,17981.81,9.8,14907.62
920,603637.SH,20190319,11.84,12.26,11.51,11.74,11.84,-0.09999999999999964,-0.84,31439.15,55446.3,11.33,31752.93,10.93,24500.72,10.45,19300.64,9.59,14584.6,9.48,18316.26,10.06,16233.01,11.03,26729.79,10.76,24266.06,10.51,20568.97,10.17,17783.19,9.78,14793.46
921,603637.SH,20190318,12.57,12.57,11.78,11.84,11.74,0.09999999999999964,0.85,62433.19,112698.681,11.16,29257.46,10.84,23069.67,10.41,18650.61,9.56,14468.93,9.46,18239.69,10.03,16058.2,10.92,25972.62,10.68,23443.2,10.45,19768.95,10.13,17462.9,9.76,14656.04
922,603637.SH,20190315,11.74,11.74,11.44,11.74,10.67,1.0700000000000003,10.03,12480.54,21887.323,10.93,20353.25,10.73,19839.47,10.36,17164.5,9.54,14205.26,9.44,17980.37,10.0,15340.75,10.79,21606.98,10.6,21351.17,10.38,18036.21,10.1,16575.75,9.74,14322.69
923,603637.SH,20190314,10.75,10.85,10.33,10.67,10.67,0.0,0.0,35474.18,56068.036,10.67,22842.69,10.64,21415.76,10.32,17147.25,9.52,14280.24,9.41,18020.47,9.98,15461.47,10.68,21215.64,10.53,21349.96,10.32,17908.76,10.06,16432.94,9.71,14315.51
924,603637.SH,20190313,10.77,10.91,10.66,10.67,10.88,-0.21000000000000085,-1.93,16937.59,27231.904,10.7,21093.48,10.63,21456.58,10.31,16612.71,9.5,14178.44,9.4,17919.63,9.96,15090.43,10.66,18951.78,10.5,20138.95,10.31,17146.49,10.04,15937.22,9.7,14184.92
925,603637.SH,20190312,10.79,10.97,10.65,10.88,10.69,0.19000000000000128,1.78,18961.8,30689.344,10.72,21706.65,10.6,21139.06,10.31,17255.91,9.48,14161.73,9.39,17940.61,9.95,14980.64,10.64,19302.08,10.47,19908.54,10.3,16893.17,10.02,15809.54,9.69,14099.26
926,603637.SH,20190311,10.51,10.79,10.43,10.69,10.46,0.22999999999999865,2.2,17912.15,28436.589,10.68,22687.78,10.55,21403.79,10.29,17603.09,9.46,14151.88,9.38,18051.15,9.94,14861.51,10.61,20703.13,10.44,20059.27,10.28,16657.97,10.01,15878.58,9.67,14020.42
927,603637.SH,20190308,10.69,10.69,10.44,10.46,10.79,-0.3299999999999983,-3.06,24927.72,39304.421,10.66,22860.72,10.53,22283.28,10.27,17729.05,9.44,14247.14,9.36,18172.44,9.93,14739.83,10.59,22512.4,10.41,19665.47,10.27,16457.36,9.99,15876.21,9.65,13988.02
928,603637.SH,20190307,10.77,11.1,10.65,10.79,10.77,0.019999999999999574,0.19,26728.16,43486.445,10.68,19588.6,10.51,21518.21,10.24,17366.34,9.43,14243.84,9.35,18151.67,9.92,14476.6,10.57,21300.61,10.38,18878.02,10.26,16203.1,9.98,15637.11,9.64,13914.8
929,603637.SH,20190306,10.71,10.8,10.54,10.77,10.67,0.09999999999999964,0.94,20003.4,32000.335,10.63,16810.08,10.47,21046.25,10.21,16854.57,9.42,14155.86,9.33,18109.82,9.9,14225.4,10.52,20868.12,10.32,18052.9,10.25,16605.7,9.96,15375.21,9.62,13811.6
930,603637.SH,20190305,10.57,10.77,10.49,10.67,10.6,0.07000000000000028,0.66,23867.47,37891.337,10.57,16897.51,10.43,20465.7,10.17,16476.48,9.41,14126.65,9.32,18081.04,9.89,14048.58,10.49,21802.34,10.26,17488.56,10.24,16964.46,9.94,15171.45,9.6,13803.81
931,603637.SH,20190304,10.57,10.74,10.48,10.6,10.55,0.049999999999998934,0.47,18776.83,29850.109,10.54,18718.47,10.38,19495.44,10.13,16276.54,9.4,14121.65,9.3,18041.28,9.88,13792.34,10.44,20913.77,10.21,16667.12,10.21,16908.7,9.92,14899.52,9.59,13801.69
932,603637.SH,20190301,10.57,10.57,10.45,10.55,10.56,-0.009999999999999787,-0.09,8567.14,13459.226,10.53,22164.08,10.36,18999.48,10.09,16423.81,9.39,14210.69,9.28,18083.8,9.86,13617.12,10.41,21095.35,10.17,16250.82,10.18,16702.66,9.91,14714.54,9.57,13711.3
933,603637.SH,20190228,10.61,10.61,10.42,10.56,10.46,0.09999999999999964,0.96,12835.55,20153.759,10.47,23012.62,10.33,20030.96,10.06,16696.57,9.38,14493.86,9.27,18169.28,9.85,13606.64,10.38,21484.27,10.15,16255.32,10.15,16728.01,9.89,14727.98,9.56,13725.07
934,603637.SH,20190227,10.5,10.61,10.4,10.46,10.54,-0.0799999999999983,-0.76,20440.54,32070.798,10.4,24926.17,10.29,19815.63,10.04,16705.83,9.37,14999.7,9.25,18299.68,9.84,13556.65,10.33,21326.12,10.13,16243.85,10.11,16538.45,9.88,14640.58,9.54,13703.84
935,603637.SH,20190226,10.47,10.87,10.43,10.54,10.52,0.019999999999999574,0.19,32972.31,52594.362,10.41,26707.17,10.24,18949.33,10.02,16419.24,9.37,15425.62,9.25,18490.54,9.83,13445.56,10.31,20515.0,10.13,15688.72,10.07,16426.08,9.86,14428.17,9.52,13586.97
936,603637.SH,20190225,10.33,10.63,10.24,10.52,10.25,0.2699999999999996,2.63,36004.84,56286.879,10.33,23109.07,10.18,17199.6,9.99,15874.91,9.36,16003.01,9.24,18492.21,9.82,13164.5,10.28,19415.41,10.11,14635.38,10.03,16119.8,9.84,14184.11,9.5,13393.18
937,603637.SH,20190222,10.19,10.36,10.12,10.25,10.25,0.0,0.0,12809.86,19639.312,10.29,20026.63,10.1,15100.51,9.97,15596.87,9.36,16784.01,9.24,18581.18,9.81,12812.96,10.23,16818.55,10.1,13429.85,10.0,15514.33,9.83,13727.77,9.49,13161.15
938,603637.SH,20190221,10.5,10.5,10.03,10.25,10.5,-0.25,-2.38,22403.3,34366.98,10.29,19955.92,10.06,14687.33,9.95,15470.92,9.36,17296.47,9.24,18660.05,9.8,12894.67,10.19,16455.43,10.11,13654.34,9.98,15525.69,9.82,13873.18,9.47,13157.26
939,603637.SH,20190220,10.15,10.56,10.11,10.5,10.15,0.34999999999999964,3.45,29345.56,45705.454,10.25,17726.06,10.03,13767.91,9.94,15046.32,9.35,17335.8,9.23,18601.02,9.8,12971.97,10.13,15237.69,10.12,14474.49,9.97,15135.46,9.81,13627.23,9.45,13115.63
940,603637.SH,20190219,10.3,10.33,10.08,10.15,10.3,-0.15000000000000036,-1.46,14981.78,22848.234,10.2,14322.83,9.99,12176.5,9.92,14647.36,9.34,17470.6,9.23,18526.71,9.79,13058.82,10.03,13174.79,10.11,14545.51,9.94,14639.44,9.8,13283.19,9.44,13040.5
941,603637.SH,20190218,10.33,10.43,10.13,10.3,10.23,0.07000000000000028,0.68,20592.66,31643.802,10.22,15721.75,10.0,11993.75,9.9,14405.2,9.33,17523.1,9.23,18615.72,9.79,13346.97,9.99,12420.47,10.1,14906.16,9.93,15025.1,9.79,13200.61,9.42,13022.0
942,603637.SH,20190215,10.08,10.3,9.94,10.23,10.08,0.15000000000000036,1.49,12456.31,18872.004,10.17,13610.47,10.0,11128.01,9.88,14007.69,9.31,17532.24,9.23,18652.27,9.77,13217.43,9.94,11406.28,10.07,14506.31,9.91,14622.93,9.78,13003.84,9.4,12966.37
943,603637.SH,20190214,10.19,10.26,9.97,10.08,10.24,-0.16000000000000014,-1.56,11254.0,16981.981,10.09,12954.93,10.0,11085.64,9.86,14036.04,9.3,17582.92,9.23,18694.14,9.75,13151.88,9.92,11026.38,10.03,14349.89,9.89,14473.28,9.78,12882.65,9.39,12977.58
944,603637.SH,20190213,10.3,10.3,10.16,10.24,10.25,-0.009999999999999787,-0.1,12329.39,18862.712,10.0,12749.31,10.02,11134.88,9.84,14478.86,9.29,17621.41,9.23,18683.82,9.74,13136.97,9.94,11161.58,10.0,14144.62,9.88,14624.19,9.77,12826.56,9.37,12963.14
945,603637.SH,20190212,10.03,10.32,9.9,10.25,10.04,0.21000000000000085,2.09,21976.37,33555.349,9.86,12026.75,10.03,11517.22,9.82,14611.4,9.28,17628.55,9.22,18731.98,9.72,13213.63,9.95,10862.44,9.96,14381.62,9.86,14438.15,9.76,12733.43,9.36,12983.58
946,603637.SH,20190211,10.03,10.08,9.79,10.04,9.83,0.20999999999999908,2.14,10036.27,14906.332,9.75,9119.19,10.05,12811.82,9.81,14355.29,9.26,17604.41,9.22,18883.83,9.69,13053.79,9.95,9855.36,9.91,14472.0,9.84,13941.51,9.75,12444.66,9.34,13004.32
947,603637.SH,20190201,9.66,9.86,9.44,9.83,9.66,0.16999999999999993,1.76,9178.63,13277.87,9.71,9202.1,10.07,14406.42,9.8,14419.56,9.25,17663.93,9.23,19012.29,9.67,13104.55,9.97,10041.14,9.89,14862.23,9.82,14054.31,9.74,12371.3,9.33,13114.67
948,603637.SH,20190131,9.5,9.66,9.5,9.66,9.5,0.16000000000000014,1.68,10225.89,14677.547,9.75,9097.82,10.08,15407.66,9.8,14420.31,9.24,17733.92,9.23,19027.18,9.66,13122.7,10.03,10853.26,9.88,15060.81,9.8,14625.35,9.74,12348.02,9.31,13211.64
949,603637.SH,20190130,9.76,9.77,9.5,9.5,9.72,-0.22000000000000064,-2.26,8716.57,12556.289,9.87,9573.85,10.08,15589.95,9.79,14234.61,9.23,17790.92,9.24,19081.88,9.64,13060.39,10.11,13711.29,9.88,15084.35,9.8,14845.68,9.74,12329.02,9.3,13247.52
950,603637.SH,20190129,9.94,9.94,9.67,9.72,9.83,-0.10999999999999943,-1.12,7438.59,10938.662,10.04,9698.14,10.08,15636.97,9.79,14146.79,9.22,17872.63,9.25,19118.49,9.62,13042.05,10.19,15916.24,9.89,15371.77,9.82,14997.42,9.75,12385.55,9.28,13321.06
951,603637.SH,20190128,10.08,10.2,9.77,9.83,10.06,-0.23000000000000043,-2.29,10450.81,15588.564,10.15,10591.53,10.06,15614.66,9.79,14200.86,9.21,18082.39,9.27,19165.57,9.6,13037.08,10.21,17391.86,9.9,16327.42,9.82,15156.84,9.75,12459.79,9.27,13522.66
952,603637.SH,20190125,10.24,10.33,10.0,10.06,10.24,-0.17999999999999972,-1.76,8657.26,13171.162,10.24,10880.19,10.02,16123.79,9.79,14573.03,9.21,18276.55,9.28,19292.23,9.58,13052.28,10.2,17606.34,9.89,16231.26,9.81,15115.29,9.75,12446.26,9.27,13639.34
953,603637.SH,20190124,10.25,10.47,10.21,10.24,10.33,-0.08999999999999986,-0.87,12606.01,19479.181,10.3,12608.69,9.96,17287.38,9.79,14841.04,9.19,18365.16,9.29,19507.58,9.56,13010.93,10.15,17673.39,9.87,16196.74,9.79,14957.11,9.74,12617.62,9.26,13684.35
954,603637.SH,20190123,10.29,10.51,10.25,10.33,10.27,0.0600000000000005,0.58,9338.01,14527.714,10.35,17848.73,9.91,17690.06,9.77,14781.51,9.18,18414.11,9.3,19812.53,9.54,12922.38,10.06,17127.65,9.86,16355.49,9.77,14727.94,9.74,12877.53,9.25,13710.95
955,603637.SH,20190122,10.3,10.61,10.2,10.27,10.3,-0.030000000000001137,-0.29,11905.58,18514.223,10.34,22134.35,9.87,17983.32,9.75,14830.8,9.16,18454.4,9.31,19964.74,9.52,12901.64,9.97,17900.8,9.82,16226.0,9.74,14725.9,9.73,13319.56,9.24,13826.03
956,603637.SH,20190121,10.36,10.49,10.26,10.3,10.36,-0.05999999999999872,-0.58,11894.08,18457.497,10.28,24192.18,9.83,17890.32,9.73,14709.39,9.15,18490.8,9.31,19987.05,9.51,12872.43,9.87,19088.64,9.79,15984.59,9.73,15099.2,9.73,13731.0,9.23,13990.13
957,603637.SH,20190118,10.47,10.63,10.32,10.36,10.49,-0.13000000000000078,-1.24,17299.77,27082.191,10.16,24332.49,9.77,18088.08,9.71,14581.68,9.13,18588.51,9.32,19961.19,9.5,12954.19,9.8,19683.31,9.75,16060.89,9.72,15295.05,9.7,13714.06,9.22,14302.21
958,603637.SH,20190117,10.18,11.03,10.18,10.49,10.3,0.1899999999999995,1.84,38806.2,61206.776,9.99,22738.1,9.74,18799.77,9.69,14298.69,9.11,18628.19,9.32,19909.51,9.49,13048.92,9.74,19268.37,9.69,16511.39,9.69,15071.13,9.68,13551.39,9.22,14872.01
959,603637.SH,20190116,9.97,10.4,9.94,10.3,9.96,0.33999999999999986,3.41,30766.11,46887.746,9.77,16406.58,9.68,16470.63,9.66,13433.03,9.09,18600.87,9.32,19770.78,9.48,13045.71,9.66,16457.42,9.65,15412.88,9.67,14144.72,9.65,13073.56,9.21,15230.08
960,603637.SH,20190115,9.67,10.02,9.61,9.96,9.68,0.28000000000000114,2.89,22194.75,32556.22,9.59,13667.25,9.62,14716.84,9.64,12751.42,9.08,18753.16,9.32,19743.21,9.47,12719.17,9.59,14827.29,9.63,14538.0,9.65,13378.44,9.63,12862.1,9.2,15941.34
961,603637.SH,20190114,9.52,9.68,9.44,9.68,9.53,0.15000000000000036,1.57,12595.64,18092.043,9.45,13985.1,9.62,14223.48,9.62,12324.98,9.08,18829.97,9.34,19852.29,9.46,12561.31,9.58,15262.99,9.62,14039.34,9.64,12890.34,9.6,12658.66,9.2,16993.62
962,603637.SH,20190111,9.41,9.53,9.25,9.53,9.4,0.129999999999999,1.38,9327.79,13132.061,9.44,15034.12,9.62,13773.69,9.62,12493.59,9.09,19096.95,9.34,19840.26,9.45,12503.56,9.58,14856.17,9.62,13869.77,9.63,12726.43,9.58,12679.46,9.21,17610.36
963,603637.SH,20190110,9.29,9.42,9.25,9.4,9.36,0.040000000000000924,0.43,7148.6,9996.147,9.49,15798.65,9.63,13600.57,9.63,12472.91,9.09,19213.68,9.35,19837.49,9.45,12487.57,9.6,14720.08,9.62,13598.97,9.64,12727.95,9.57,12699.66,9.2,17766.51
964,603637.SH,20190109,9.42,9.46,9.27,9.36,9.29,0.07000000000000028,0.75,17069.46,23887.17,9.54,16508.25,9.63,14083.0,9.64,12896.03,9.09,19250.34,9.36,19841.86,9.44,12483.07,9.65,15583.33,9.62,13528.08,9.64,12742.72,9.55,12673.06,9.2,18113.24
965,603637.SH,20190108,9.62,9.71,9.23,9.29,9.62,-0.33000000000000007,-3.43,23784.0,33642.025,9.59,15987.34,9.62,14793.8,9.64,12618.87,9.1,19248.39,9.37,19775.07,9.44,12408.63,9.68,14551.21,9.63,13138.45,9.64,12430.27,9.53,12510.92,9.19,18158.84
966,603637.SH,20190107,9.83,9.92,9.57,9.62,9.76,-0.14000000000000057,-1.43,17840.77,25924.499,9.71,16540.88,9.66,14259.33,9.66,12175.32,9.1,19291.72,9.39,19676.93,9.44,12290.83,9.71,12880.54,9.67,13104.48,9.65,12248.41,9.51,12232.28,9.19,18143.23
967,603637.SH,20190104,9.56,10.0,9.56,9.76,9.68,0.08000000000000007,0.83,13150.41,19381.565,9.73,14678.22,9.68,13907.62,9.67,11945.51,9.11,19353.73,9.39,19610.6,9.44,12352.03,9.7,12438.48,9.68,13100.92,9.66,11941.2,9.48,12128.12,9.17,18159.16
968,603637.SH,20190103,9.49,9.68,9.45,9.68,9.62,0.0600000000000005,0.62,10696.63,15335.034,9.7,13641.51,9.68,13836.16,9.67,11817.15,9.11,19398.05,9.4,19581.86,9.43,12331.61,9.64,13754.42,9.67,12972.51,9.66,12220.68,9.47,12001.54,9.16,18189.55
969,603637.SH,20190102,9.89,9.98,9.43,9.62,9.88,-0.26000000000000156,-2.63,14464.88,20798.162,9.75,14658.4,9.67,13721.36,9.67,11655.04,9.11,19389.8,9.41,19564.08,9.42,12453.04,9.65,14368.34,9.67,12988.37,9.65,12118.99,9.46,11922.68,9.15,18211.73
970,603637.SH,20181228,9.64,10.66,9.57,9.88,9.7,0.1800000000000015,1.86,26551.71,40002.609,9.76,13115.09,9.66,12909.59,9.68,11461.61,9.11,19431.5,9.43,19543.75,9.41,12348.96,9.67,14248.71,9.68,12654.01,9.66,11926.94,9.45,11811.3,9.14,18245.36
971,603637.SH,20181227,9.8,9.92,9.64,9.7,9.64,0.05999999999999872,0.62,8527.45,12499.834,9.7,9220.2,9.63,11307.99,9.67,10878.97,9.11,19577.94,9.44,19452.27,9.4,12121.61,9.66,12815.68,9.66,11704.02,9.66,11376.12,9.43,11530.69,9.12,18179.15
972,603637.SH,20181226,9.94,10.0,9.64,9.64,9.93,-0.28999999999999915,-2.92,7966.88,11702.609,9.67,10198.75,9.62,11365.63,9.67,10764.93,9.12,19739.17,9.45,19445.72,9.39,12194.89,9.65,12883.37,9.65,11661.55,9.66,11384.75,9.43,11689.0,9.11,18268.57
973,603637.SH,20181225,9.47,10.02,9.43,9.93,9.67,0.2599999999999998,2.69,15781.07,23126.86,9.57,13867.32,9.65,12530.07,9.67,10696.35,9.13,19765.06,9.46,19463.18,9.38,12303.9,9.64,12477.87,9.66,11731.89,9.67,11292.01,9.43,11962.97,9.1,18355.78
974,603637.SH,20181224,9.49,9.76,9.4,9.67,9.58,0.08999999999999986,0.94,6748.32,9650.976,9.54,14078.29,9.65,12683.03,9.65,10461.06,9.14,19790.69,9.48,19467.72,9.36,12284.72,9.6,11472.84,9.64,11322.41,9.66,11028.92,9.43,12342.7,9.09,18394.97
975,603637.SH,20181221,9.54,9.58,9.35,9.58,9.52,0.0600000000000005,0.63,7077.26,10036.878,9.58,15382.34,9.64,12977.94,9.66,10529.81,9.15,19847.32,9.49,19511.25,9.34,12449.0,9.59,11725.69,9.62,11369.79,9.66,11028.71,9.43,12334.82,9.08,18652.43
976,603637.SH,20181220,9.03,9.52,8.86,9.52,9.16,0.35999999999999943,3.93,13420.2,18570.038,9.62,16411.17,9.65,13280.75,9.67,10677.8,9.16,19905.08,9.5,19563.82,9.34,12669.47,9.63,13328.42,9.63,11932.35,9.66,10947.8,9.42,12389.46,9.08,18913.54
977,603637.SH,20181219,9.6,9.76,8.86,9.16,9.76,-0.5999999999999996,-6.15,26309.77,36233.691,9.64,15567.99,9.67,12846.71,9.67,10632.87,9.18,20033.11,9.52,19614.66,9.32,12596.27,9.67,13763.36,9.64,11692.56,9.66,10688.3,9.41,12303.53,9.06,18980.18
978,603637.SH,20181218,9.86,10.2,9.72,9.76,9.9,-0.14000000000000057,-1.41,16835.88,25045.245,9.7,11088.41,9.7,11403.81,9.69,10142.57,9.2,20163.26,9.54,19683.02,9.32,12381.74,9.7,12190.6,9.68,11453.81,9.68,10070.68,9.41,12000.51,9.06,18924.73
979,603637.SH,20181217,9.87,10.08,9.72,9.9,9.76,0.14000000000000057,1.43,13268.58,19571.384,9.66,8867.4,9.68,10699.36,9.69,10204.41,9.21,20491.78,9.57,19924.78,9.3,12294.43,9.7,11608.39,9.65,10994.31,9.68,9812.35,9.4,11833.43,9.04,18910.58
980,603637.SH,20181214,9.64,9.8,9.57,9.76,9.62,0.14000000000000057,1.46,12221.43,17680.421,9.59,8069.05,9.66,10399.75,9.69,10643.59,9.22,20643.12,9.58,20147.11,9.28,12203.08,9.69,11059.31,9.65,10766.05,9.68,9773.69,9.39,11803.73,9.02,18942.91
981,603637.SH,20181213,9.49,9.66,9.21,9.62,9.48,0.1399999999999988,1.48,9204.27,13051.213,9.63,10245.67,9.65,10043.6,9.7,11338.83,9.23,20667.11,9.6,20245.42,9.26,12169.68,9.67,10592.36,9.65,10656.34,9.68,9762.73,9.38,11849.19,9.01,19057.43
982,603637.SH,20181212,9.56,9.58,9.47,9.48,9.52,-0.03999999999999915,-0.42,3911.88,5553.645,9.7,11958.74,9.63,9927.58,9.71,12144.36,9.24,20655.44,9.6,20305.26,9.24,12155.77,9.65,10439.74,9.67,10635.44,9.68,9777.24,9.38,12069.62,8.99,19172.51
983,603637.SH,20181211,9.61,9.66,9.46,9.52,9.57,-0.05000000000000071,-0.52,5730.83,8156.015,9.7,13292.8,9.64,11036.54,9.69,12349.23,9.25,20687.76,9.61,20324.88,9.23,12268.19,9.68,10985.92,9.68,10699.09,9.69,10278.13,9.37,12198.08,8.98,19430.51
984,603637.SH,20181210,9.46,9.7,9.46,9.57,9.97,-0.40000000000000036,-4.01,9276.82,13281.828,9.75,14349.38,9.66,11259.13,9.67,12402.43,9.26,20754.64,9.61,20356.56,9.21,12423.88,9.68,11171.98,9.69,10806.97,9.71,11027.12,9.37,12432.62,8.98,19821.89
985,603637.SH,20181207,9.9,10.42,9.9,9.97,9.94,0.030000000000001137,0.3,23104.57,35029.775,9.79,14049.57,9.68,12202.03,9.65,12427.71,9.27,20871.51,9.61,20366.74,9.2,12571.26,9.66,11013.9,9.7,10680.22,9.72,11913.21,9.35,12388.99,8.98,20021.7
986,603637.SH,20181206,9.63,9.94,9.44,9.94,9.5,0.4399999999999995,4.63,17769.62,25986.2,9.7,10939.05,9.64,11012.92,9.62,12279.88,9.28,20993.21,9.62,20304.06,9.17,12433.35,9.63,10536.27,9.68,9757.48,9.72,12362.81,9.33,12162.25,8.98,20254.51
987,603637.SH,20181205,9.66,9.66,9.37,9.5,9.77,-0.2699999999999996,-2.76,10582.16,15020.859,9.6,8920.74,9.62,10315.51,9.58,12051.02,9.29,20943.16,9.62,20231.44,9.15,12381.99,9.61,9621.76,9.66,9150.76,9.68,12133.07,9.32,12099.82,8.98,20324.24
988,603637.SH,20181204,9.74,9.93,9.7,9.77,9.77,0.0,0.0,11013.75,16173.887,9.65,8679.03,9.65,10272.83,9.55,12146.94,9.3,20931.2,9.62,20192.05,9.13,12424.91,9.65,10717.01,9.67,9010.72,9.66,12031.65,9.31,12192.49,8.98,20339.62
989,603637.SH,20181203,9.7,9.86,9.6,9.77,9.54,0.23000000000000043,2.41,7777.73,11350.592,9.61,7994.58,9.66,10101.48,9.52,12133.02,9.31,20909.49,9.62,20167.69,9.11,12405.01,9.61,10380.24,9.66,8914.33,9.63,12002.4,9.28,12247.98,8.98,20387.74
990,603637.SH,20181130,9.46,9.63,9.42,9.54,9.44,0.09999999999999964,1.06,7551.97,10759.832,9.53,7978.23,9.66,9902.02,9.47,12067.56,9.32,20895.63,9.62,20153.92,9.09,12498.41,9.6,10472.8,9.67,9130.89,9.6,12345.76,9.27,12436.17,8.99,20573.12
991,603637.SH,20181129,9.78,9.79,9.41,9.44,9.75,-0.3100000000000005,-3.18,7678.09,11035.857,9.55,10133.5,9.68,9927.9,9.43,12061.37,9.34,20893.16,9.63,20201.05,9.08,12723.92,9.64,10720.33,9.68,9347.91,9.57,12426.97,9.26,12703.85,8.99,20733.27
992,603637.SH,20181128,9.43,9.75,9.37,9.75,9.54,0.21000000000000085,2.2,9373.63,13470.671,9.62,10322.79,9.7,9855.88,9.39,12043.34,9.35,20885.9,9.64,20238.13,9.06,12931.91,9.68,10831.14,9.69,9445.98,9.54,12632.49,9.24,12708.05,9.0,20832.06
993,603637.SH,20181127,9.44,9.74,9.44,9.54,9.4,0.1399999999999988,1.49,7591.48,10909.635,9.64,12754.98,9.69,9492.52,9.34,12108.57,9.36,20878.39,9.64,20215.82,9.04,13084.46,9.68,10412.26,9.7,9924.23,9.5,12671.37,9.22,12722.16,9.0,20833.19
994,603637.SH,20181126,9.5,9.6,9.26,9.4,9.6,-0.1999999999999993,-2.08,7695.96,10838.214,9.6,12765.89,9.69,9342.04,9.33,12048.7,9.37,20879.1,9.64,20205.05,9.02,13176.99,9.71,10441.95,9.72,10954.68,9.46,12603.4,9.21,12767.09,9.0,20940.5
995,603637.SH,20181123,9.77,10.02,9.46,9.6,9.8,-0.20000000000000107,-2.04,18328.35,26996.763,9.67,12967.37,9.7,9348.6,9.31,11997.78,9.39,20902.23,9.65,20184.03,9.0,13308.28,9.74,10346.54,9.75,12362.87,9.42,12591.58,9.19,12745.78,9.01,21273.37
996,603637.SH,20181122,9.82,9.94,9.64,9.8,9.88,-0.08000000000000007,-0.81,8624.52,12578.268,9.73,11307.16,9.71,8637.65,9.29,11687.6,9.4,20851.98,9.65,20133.66,8.98,13485.63,9.74,8978.7,9.76,13276.07,9.37,12216.14,9.17,12602.25,9.01,21385.17
997,603637.SH,20181121,9.23,10.1,9.23,9.88,9.34,0.5400000000000009,5.78,21534.59,31139.743,9.75,11339.49,9.72,8905.67,9.27,11719.68,9.41,20843.62,9.66,20201.72,8.97,13696.67,9.71,8679.76,9.72,13388.72,9.31,12315.04,9.14,12594.53,9.02,21410.76
998,603637.SH,20181120,9.74,9.74,9.29,9.34,9.73,-0.39000000000000057,-4.01,7646.05,10928.913,9.72,8069.54,9.7,8163.97,9.25,11616.48,9.43,20769.89,9.66,20159.66,8.96,13597.0,9.68,7304.43,9.67,12688.97,9.28,11782.41,9.12,12441.34,9.03,21393.56
999,603637.SH,20181119,9.93,9.94,9.58,9.73,9.92,-0.1899999999999995,-1.92,8703.36,12602.083,9.81,8118.01,9.73,8317.32,9.26,12109.39,9.45,20831.72,9.67,20229.14,8.96,13705.68,9.72,7448.43,9.64,12813.48,9.27,11726.37,9.1,12604.03,9.05,21454.04
1000,603637.SH,20181116,9.88,9.94,9.77,9.92,9.88,0.03999999999999915,0.4,10027.26,14821.751,9.82,7725.71,9.74,9104.64,9.26,12987.67,9.46,20869.23,9.67,20325.62,8.95,13898.27,9.74,7788.97,9.6,13282.24,9.24,11695.66,9.08,12797.81,9.07,21509.81
1001,603637.SH,20181115,9.74,9.89,9.64,9.88,9.74,0.14000000000000057,1.44,8786.2,12813.245,9.75,6650.24,9.75,10502.58,9.27,12877.33,9.48,20910.44,9.67,20350.16,8.94,14185.89,9.72,7975.49,9.54,13280.29,9.21,11685.26,9.05,12843.38,9.08,21691.72
1002,603637.SH,20181114,9.78,9.87,9.59,9.74,9.78,-0.03999999999999915,-0.41,5184.84,7503.732,9.68,6020.04,9.76,12585.15,9.24,12923.48,9.49,21002.28,9.68,20366.74,8.94,14726.66,9.7,8060.83,9.47,13533.16,9.19,11993.25,9.02,12928.9,9.1,21993.92
1003,603637.SH,20181113,9.6,9.92,9.6,9.78,9.76,0.019999999999999574,0.2,7888.37,11506.718,9.64,6539.33,9.77,15001.13,9.22,13014.07,9.52,21229.21,9.68,20383.33,8.93,15799.87,9.71,9436.2,9.41,13800.93,9.19,12633.92,9.0,13072.51,9.12,22485.24
1004,603637.SH,20181112,9.6,9.8,9.54,9.76,9.58,0.17999999999999972,1.88,6741.89,9785.85,9.62,6778.85,9.7,15231.05,9.2,13021.13,9.54,21575.08,9.68,20401.66,8.93,16785.01,9.73,11467.42,9.33,13684.13,9.19,13656.48,8.97,13099.72,9.13,22711.67
1005,603637.SH,20181109,9.54,9.7,9.5,9.58,9.52,0.0600000000000005,0.63,4649.88,6676.543,9.66,7852.23,9.63,15292.42,9.18,13023.16,9.57,21881.34,9.68,20437.56,8.93,18243.34,9.76,14379.19,9.26,13714.1,9.2,13640.93,8.95,13233.74,9.15,22786.13
1006,603637.SH,20181108,9.65,9.74,9.37,9.52,9.58,-0.0600000000000005,-0.63,5635.2,8084.849,9.69,9300.75,9.58,15714.44,9.17,13224.24,9.58,22049.29,9.69,20527.18,8.93,20160.92,9.79,17573.45,9.18,13834.87,9.18,13831.11,8.93,13563.99,9.16,22810.07
1007,603637.SH,20181107,9.57,9.73,9.51,9.58,9.68,-0.09999999999999964,-1.03,7781.3,11172.724,9.73,10101.62,9.53,16671.63,9.16,13498.18,9.59,22144.3,9.69,20544.5,8.94,21240.51,9.73,18097.67,9.11,14132.68,9.17,13918.77,8.91,13858.03,9.17,22834.5
1008,603637.SH,20181106,9.86,9.91,9.59,9.68,9.92,-0.2400000000000002,-2.42,9085.97,13248.355,9.77,12333.08,9.45,16841.4,9.16,13929.03,9.6,22140.46,9.69,20535.89,8.93,21510.97,9.66,18073.5,9.08,14021.4,9.15,13930.34,8.89,14075.25,9.18,22897.67
1009,603637.SH,20181105,9.73,9.95,9.58,9.92,9.73,0.1899999999999995,1.95,12108.8,17752.587,9.84,16155.99,9.36,17207.36,9.14,14003.53,9.6,22154.34,9.68,20537.83,8.93,22039.92,9.57,18178.53,9.04,13865.34,9.12,13854.5,8.85,14166.01,9.19,23039.5
1010,603637.SH,20181102,9.74,9.82,9.57,9.73,9.73,0.0,0.0,11892.48,17256.46,9.86,20906.15,9.26,17086.7,9.12,14229.85,9.6,22146.62,9.68,20576.24,8.91,22179.02,9.47,18775.51,8.98,13649.0,9.1,13833.76,8.82,14256.57,9.21,23277.17
1011,603637.SH,20181101,9.79,9.84,9.63,9.73,9.8,-0.07000000000000028,-0.71,9639.57,14008.651,9.88,25846.15,9.15,16599.0,9.09,14075.92,9.61,22150.92,9.68,20556.4,8.89,22312.59,9.35,18585.1,8.96,13540.14,9.09,13935.65,8.8,14585.53,9.22,23266.09
1012,603637.SH,20181031,9.99,10.23,9.74,9.8,10.0,-0.1999999999999993,-2.0,18938.56,28209.365,9.73,26093.72,9.03,16422.22,9.07,14071.83,9.61,22122.16,9.67,20549.01,8.87,22447.44,9.23,19005.49,8.93,13959.45,9.08,14362.01,8.79,14832.41,9.23,23259.6
1013,603637.SH,20181030,10.02,10.09,9.63,10.0,10.03,-0.02999999999999936,-0.3,28200.52,41874.831,9.54,23813.93,8.89,15508.88,9.04,13927.28,9.61,22017.89,9.67,20505.96,8.86,22418.89,9.11,18165.65,8.93,14232.78,9.05,14118.02,8.78,14751.09,9.24,23167.5
1014,603637.SH,20181029,9.71,10.06,9.43,10.03,9.86,0.16999999999999993,1.72,35859.62,52738.898,9.31,20201.07,8.75,14231.26,9.01,13572.62,9.61,21869.95,9.66,20529.42,8.83,22220.98,8.94,15900.83,8.92,14751.0,9.03,13838.13,8.76,14544.37,9.25,22980.68
1015,603637.SH,20181026,9.03,9.86,8.9,9.86,8.97,0.8899999999999988,9.92,36592.49,52412.62,9.08,16644.87,8.67,11900.18,8.96,12939.79,9.61,21658.78,9.65,20657.07,8.81,21989.53,8.76,13049.01,8.92,13271.8,8.99,12864.77,8.75,14332.5,9.26,22741.83
1016,603637.SH,20181025,8.63,8.99,8.57,8.97,8.85,0.120000000000001,1.36,10877.41,14356.354,8.82,11324.04,8.59,9544.21,8.92,12424.38,9.61,21512.42,9.65,20456.13,8.78,21749.72,8.57,10096.28,8.88,11959.94,8.95,11961.7,8.74,14249.27,9.27,22492.15
1017,603637.SH,20181024,8.82,8.89,8.67,8.85,8.82,0.02999999999999936,0.34,7539.63,9949.385,8.74,11917.25,8.58,9306.11,8.93,12798.96,9.62,21533.72,9.66,20569.97,8.77,21861.45,8.49,10167.68,8.88,11829.31,8.95,12066.58,8.74,14890.37,9.29,22470.61
1018,603637.SH,20181023,8.87,8.87,8.73,8.82,8.89,-0.07000000000000028,-0.79,10136.19,13358.039,8.68,12517.36,8.61,9473.46,8.92,12810.44,9.63,21520.28,9.68,20629.93,8.77,22006.69,8.5,9969.29,8.9,11858.75,8.95,12353.33,8.75,16192.64,9.31,22471.89
1019,603637.SH,20181022,8.56,8.99,8.56,8.89,8.59,0.3000000000000007,3.49,18078.61,23768.418,8.57,11600.6,8.64,10080.36,8.91,12812.91,9.64,21489.96,9.69,20664.07,8.76,22144.66,8.51,9552.15,8.9,11692.49,8.94,12493.57,8.76,17386.61,9.33,22479.32
1020,603637.SH,20181019,8.39,8.77,8.35,8.59,8.53,0.0600000000000005,0.7,9988.36,12890.075,8.43,9453.16,8.71,10567.01,8.9,12583.76,9.65,21393.18,9.71,20606.75,8.76,22405.52,8.5,8522.5,8.91,11362.89,8.93,12526.57,8.77,19020.57,9.36,22421.1
1021,603637.SH,20181018,8.61,8.81,8.48,8.53,8.56,-0.030000000000001137,-0.35,13843.47,17937.289,8.32,8868.53,8.8,12765.21,8.89,12478.72,9.67,21391.99,9.74,20613.32,8.76,22784.48,8.57,8495.18,8.95,11610.92,8.94,12980.73,8.8,21328.57,9.38,22399.7
1022,603637.SH,20181017,8.36,8.56,8.31,8.56,8.27,0.2900000000000009,3.51,10540.19,13329.013,8.23,8418.11,8.91,12183.07,8.89,12357.35,9.68,21435.63,9.76,20679.3,8.76,22885.47,8.64,8913.42,9.0,12040.27,8.95,12783.61,8.83,22541.26,9.41,22375.32
1023,603637.SH,20181016,8.19,8.31,8.1,8.27,8.21,0.05999999999999872,0.73,5552.38,6801.767,8.32,7421.21,8.95,12168.85,8.88,12287.38,9.69,21462.62,9.78,20862.4,8.75,23007.0,8.75,10299.91,9.02,12094.21,8.95,12772.95,8.83,22833.35,9.44,22425.4
1024,603637.SH,20181015,8.03,8.28,8.03,8.21,8.03,0.1800000000000015,2.24,7341.4,8988.489,8.45,7503.69,9.01,12377.5,8.88,12487.1,9.71,21558.69,9.81,20956.39,8.75,23134.82,8.9,13601.17,9.07,12806.78,8.95,12930.78,8.85,23553.42,9.47,22496.66
1025,603637.SH,20181012,7.85,8.17,7.64,8.03,8.1,-0.07000000000000028,-0.86,7065.2,8404.36,8.57,7591.84,9.08,12438.03,8.89,12783.16,9.72,21681.38,9.83,21002.68,8.74,23265.57,9.08,13494.59,9.1,12772.65,8.96,12899.97,8.86,23806.77,9.5,22568.5
1026,603637.SH,20181011,8.69,8.69,8.1,8.1,8.99,-0.8900000000000006,-9.9,11591.4,14404.151,8.81,8121.84,9.15,12418.48,8.9,13173.31,9.74,21730.76,9.85,21144.86,8.74,23517.55,9.19,13823.61,9.14,12894.41,8.97,12988.36,8.86,24054.17,9.54,22693.05
1027,603637.SH,20181010,8.8,9.11,8.8,8.99,8.91,0.08000000000000007,0.9,5555.67,7434.105,9.04,9408.73,9.23,12410.42,8.9,13207.73,9.75,21730.73,9.88,21241.91,8.74,23669.84,9.28,13490.95,9.18,13016.03,8.97,12874.02,8.86,24190.21,9.58,22911.98
1028,603637.SH,20181009,8.8,8.97,8.8,8.91,8.83,0.08000000000000007,0.91,5964.8,7930.912,9.18,13178.61,9.26,13132.98,8.88,13453.67,9.76,21747.62,9.91,21266.63,8.73,24060.73,9.29,13748.22,9.18,13545.36,8.96,13100.26,8.86,24377.56,9.62,23346.46
1029,603637.SH,20181008,9.11,9.11,8.73,8.83,9.23,-0.40000000000000036,-4.33,7782.12,10370.195,9.35,19698.66,9.3,14399.56,8.86,13684.15,9.77,21782.5,9.93,21297.84,8.73,24683.82,9.29,13832.84,9.15,13964.28,8.94,13481.68,8.85,24500.78,9.65,23720.45
1030,603637.SH,20180928,9.37,9.43,9.15,9.23,9.23,0.0,0.0,9715.19,13462.484,9.59,19397.35,9.32,14694.71,8.84,13735.3,9.78,21817.4,9.96,21337.96,8.74,25023.45,9.33,14203.28,9.14,14528.61,8.92,13899.95,8.84,24679.42,9.68,23895.88
1031,603637.SH,20180927,9.55,9.62,9.18,9.23,9.7,-0.46999999999999886,-4.85,18025.88,25339.131,9.57,19525.38,9.31,15470.75,8.82,13884.35,9.79,21887.41,9.99,21500.98,8.75,25574.47,9.34,14726.67,9.13,15223.5,8.89,14001.5,8.82,24827.61,9.69,23975.9
1032,603637.SH,20180926,9.78,9.88,9.48,9.7,9.77,-0.07000000000000028,-0.72,24405.04,35197.857,9.52,17573.16,9.29,14596.36,8.79,14073.73,9.79,21821.69,10.01,21605.35,8.76,25682.62,9.36,15167.11,9.1,14718.71,8.85,13864.56,8.8,24848.14,9.7,23885.92
1033,603637.SH,20180925,10.52,10.65,9.66,9.77,10.02,-0.25,-2.5,38565.05,58278.85,9.41,14317.83,9.22,13449.86,8.75,14040.57,9.79,21696.14,10.04,21679.23,8.76,25522.93,9.3,13888.52,9.04,14009.46,8.81,13511.09,8.78,24748.6,9.7,23774.92
1034,603637.SH,20180921,10.02,10.02,10.02,10.02,9.11,0.9100000000000001,9.99,6275.58,9407.094,9.24,7967.02,9.15,11562.07,8.7,13518.51,9.79,21493.7,10.05,21689.7,8.76,25232.56,9.24,12012.38,8.98,12595.59,8.76,12542.97,8.76,24447.25,9.71,23545.18
1035,603637.SH,20180920,9.03,9.15,8.93,9.11,9.01,0.09999999999999964,1.11,10355.33,13964.001,9.06,9009.21,9.07,12321.04,8.64,13761.33,9.78,21579.29,10.07,21784.82,8.76,25549.2,9.12,12050.7,8.89,12602.66,8.7,12826.55,8.74,24970.03,9.71,23597.15
1036,603637.SH,20180919,9.19,9.2,8.98,9.01,9.13,-0.120000000000001,-1.31,8264.8,11205.11,9.11,9927.96,9.01,12627.8,8.6,13972.72,9.78,21566.69,10.09,21761.17,8.78,25768.06,9.09,11965.22,8.86,12570.74,8.68,13296.86,8.73,25437.62,9.72,23556.67
1037,603637.SH,20180918,8.91,9.15,8.82,9.13,8.91,0.22000000000000064,2.47,8128.37,10964.871,9.2,12761.07,8.99,13458.87,8.58,14659.92,9.78,21567.55,10.11,21756.03,8.79,25918.31,9.08,12541.12,8.82,12565.55,8.65,13797.29,8.71,25656.83,9.73,23520.5
1038,603637.SH,20180917,9.13,9.13,8.83,8.91,9.14,-0.23000000000000043,-2.52,6811.03,9083.631,9.19,13459.21,8.97,14650.0,8.58,15140.04,9.78,21592.1,10.13,21750.79,8.8,25936.71,9.06,13342.5,8.79,12776.29,8.62,14220.17,8.7,25848.94,9.74,23510.24
1039,603637.SH,20180914,9.27,9.55,9.05,9.14,9.36,-0.21999999999999886,-2.35,11486.54,15937.23,9.24,16057.74,8.95,14736.07,8.59,15353.22,9.78,21768.17,10.15,21748.41,8.81,26118.82,9.0,14095.72,8.76,13306.11,8.58,14477.52,8.68,25987.74,9.75,23498.9
1040,603637.SH,20180913,9.49,9.49,9.19,9.36,9.45,-0.08999999999999986,-0.95,14949.04,20860.454,9.19,15092.18,8.91,14638.66,8.59,15480.01,9.77,22087.24,10.17,21753.6,8.83,26600.86,8.96,14853.94,8.72,13748.29,8.55,14679.39,8.66,26082.09,9.75,23532.49
1041,603637.SH,20180912,9.16,9.56,9.13,9.45,9.09,0.35999999999999943,3.96,22430.36,31635.95,9.08,14002.48,8.84,14280.08,8.58,15721.14,9.77,22001.71,10.19,21754.2,8.84,26824.8,8.93,15720.33,8.66,13638.91,8.51,15235.41,8.63,26265.67,9.76,23524.12
1042,603637.SH,20180911,9.01,9.27,9.01,9.09,9.17,-0.08000000000000007,-0.87,11619.08,15803.417,8.95,12321.16,8.75,13048.28,8.58,15990.79,9.78,22055.09,10.21,21715.77,8.86,26681.66,8.84,14270.3,8.6,13213.28,8.5,15302.81,8.61,26275.39,9.77,23383.9
1043,603637.SH,20180910,8.93,9.34,8.88,9.17,8.87,0.3000000000000007,3.38,19803.66,27019.256,8.93,13225.79,8.7,12901.97,8.59,17100.34,9.8,22097.14,10.23,21757.82,8.89,26786.36,8.79,14130.41,8.56,13322.38,8.5,15384.15,8.59,26662.95,9.78,23335.16
1044,603637.SH,20180907,8.76,8.95,8.76,8.87,8.8,0.06999999999999851,0.8,6658.78,8841.782,8.77,12133.71,8.63,12006.38,8.6,19037.75,9.82,22070.07,10.25,21722.13,8.92,26721.02,8.72,13178.79,8.52,12808.27,8.5,15250.6,8.59,27211.16,9.79,23204.66
1045,603637.SH,20180906,8.95,8.95,8.69,8.8,8.84,-0.03999999999999915,-0.45,9500.5,12487.864,8.74,14615.69,8.6,12443.63,8.61,21247.03,9.84,22082.1,,,8.96,26837.51,8.66,13154.61,8.49,13214.47,8.51,15800.23,8.6,27654.42,9.8,23230.97
1046,603637.SH,20180905,8.93,9.06,8.82,8.84,8.97,-0.13000000000000078,-1.45,14023.8,18754.07,8.78,17438.19,8.56,13051.86,8.63,24382.8,9.87,22093.2,,,9.0,27135.59,8.62,13176.27,8.47,13962.69,8.52,16536.83,8.63,28346.77,9.82,23319.52
1047,603637.SH,20180904,8.44,9.03,8.33,8.97,8.35,0.620000000000001,7.43,16142.21,21217.754,8.73,16219.43,8.52,13536.96,8.67,28337.05,9.89,22169.37,,,9.04,27549.28,8.57,12589.99,8.44,14425.38,8.54,17714.16,8.65,28548.66,9.83,23322.88
1048,603637.SH,20180903,8.57,8.62,8.29,8.35,8.73,-0.3800000000000008,-4.35,14343.24,18054.758,8.65,15035.03,8.47,13276.92,8.7,30409.47,9.92,22345.36,,,9.08,28189.29,8.51,12210.07,8.4,14659.01,8.56,20031.94,8.66,28486.75,9.84,23349.92
1049,603637.SH,20180831,9.02,9.46,8.72,8.73,8.99,-0.2599999999999998,-2.89,19068.71,25794.022,8.68,14223.88,8.46,13244.18,8.72,30813.07,9.94,22394.63,,,9.12,28465.52,8.51,12516.49,8.37,14668.42,8.59,22279.65,8.68,28527.49,9.86,23438.8
1050,603637.SH,20180830,8.69,9.13,8.59,8.99,8.63,0.35999999999999943,4.17,23613.0,31572.636,8.59,11693.54,8.43,12838.97,8.73,31686.25,9.97,22367.51,,,9.16,28420.29,8.48,12642.64,8.34,14592.11,8.62,25514.57,8.71,28710.08,9.87,23398.03
1051,603637.SH,20180829,8.52,8.65,8.51,8.63,8.53,0.10000000000000142,1.17,7930.0,10209.464,8.47,8914.34,8.37,11755.01,8.72,31654.75,9.99,22419.46,,,9.18,28205.77,8.4,11557.5,8.3,14992.95,8.66,29676.42,8.73,28762.69,9.88,23297.81
1052,603637.SH,20180828,8.53,8.66,8.51,8.53,8.51,0.019999999999999574,0.24,10220.21,13081.459,8.4,8960.54,8.34,12282.15,8.72,32065.92,10.02,22558.79,,,9.21,28214.25,8.36,12156.27,8.32,15819.07,8.71,32298.9,8.75,28956.08,9.9,23298.3
1053,603637.SH,20180827,8.36,8.55,8.27,8.51,8.29,0.22000000000000064,2.65,10287.5,13011.089,8.38,9385.11,8.33,13377.89,8.71,32346.31,10.05,22555.4,,,9.24,28282.8,8.34,12514.35,8.36,16011.02,8.72,32893.75,8.77,28944.22,9.91,23304.68
1054,603637.SH,20180824,8.39,8.43,8.27,8.29,8.39,-0.10000000000000142,-1.19,6416.98,8006.072,8.34,10809.1,8.32,14377.13,8.71,32537.77,10.09,22562.01,,,9.27,28493.72,8.31,12437.74,8.39,16286.51,8.74,34176.06,8.79,29113.91,9.92,23325.7
1055,603637.SH,20180823,8.29,8.45,8.25,8.39,8.28,0.11000000000000121,1.33,9717.02,12127.346,8.36,13591.74,8.31,15484.66,8.71,32741.91,10.12,22618.58,,,9.32,28949.88,8.31,13274.33,8.43,17123.04,8.75,34713.56,8.82,29800.95,9.94,23437.18
1056,603637.SH,20180822,8.44,8.47,8.28,8.28,8.43,-0.15000000000000036,-1.78,8160.99,10202.857,8.34,14200.65,8.26,15855.0,8.7,33000.24,10.16,22809.88,,,9.36,28961.15,8.31,14749.11,8.47,18217.11,8.76,35119.98,8.86,30168.09,9.95,23427.56
1057,603637.SH,20180821,8.33,8.49,8.24,8.43,8.33,0.09999999999999964,1.2,12343.07,15372.445,8.31,15351.99,8.24,16576.66,8.7,33307.47,10.2,23000.89,,,9.4,28970.47,8.32,16260.77,8.53,20276.25,8.75,35506.4,8.9,30226.98,9.96,23412.27
1058,603637.SH,20180820,8.43,8.49,8.14,8.33,8.39,-0.0600000000000005,-0.72,17407.46,21569.896,8.3,15643.58,8.23,18060.24,8.69,33510.83,10.23,23171.35,,,9.43,28911.06,8.29,17107.95,8.58,23942.88,8.76,35654.87,8.95,30345.79,9.97,23387.86
1059,603637.SH,20180817,8.32,8.55,8.26,8.39,8.25,0.14000000000000057,1.7,20330.15,25506.266,8.28,14066.38,8.29,18602.16,8.7,33540.99,10.26,23330.57,,,9.47,28756.05,8.24,16820.35,8.63,27161.22,8.76,35519.88,9.0,30304.05,9.98,23397.8
1060,603637.SH,20180816,8.12,8.39,8.0,8.25,8.17,0.08000000000000007,0.98,12761.58,15682.916,8.26,12956.91,8.35,18119.79,8.7,33545.51,10.29,23344.6,,,9.51,28580.95,8.2,16541.59,8.69,31950.54,8.75,35458.88,9.06,30221.81,9.98,23299.55
1061,603637.SH,20180815,8.36,8.39,8.1,8.17,8.37,-0.1999999999999993,-2.39,13917.71,17191.012,8.29,15297.57,8.41,18353.3,8.71,34277.31,10.32,23300.14,,,9.55,28499.22,8.2,18428.4,8.79,38735.89,8.74,35653.73,9.11,30540.05,9.99,23263.12
1062,603637.SH,20180814,8.23,8.43,8.18,8.37,8.23,0.1399999999999988,1.7,13801.0,17160.175,8.32,17169.55,8.49,19063.3,8.72,34997.69,10.35,23254.84,,,9.59,28424.22,8.29,19481.86,8.88,42370.22,8.74,35831.71,9.17,31058.94,9.99,23244.33
1063,603637.SH,20180813,8.08,8.3,8.03,8.23,8.29,-0.05999999999999872,-0.72,9521.48,11605.521,8.28,18572.32,8.56,20432.33,8.72,35221.71,10.38,23209.3,,,9.63,28342.78,8.37,19507.7,8.91,43083.45,8.75,35986.1,9.23,31897.97,9.99,23397.36
1064,603637.SH,20180810,8.35,8.41,8.2,8.29,8.4,-0.11000000000000121,-1.31,14782.8,18354.075,8.19,19574.32,8.64,23495.58,8.72,35519.75,10.41,23187.69,,,9.67,28362.86,8.46,20135.27,8.95,45045.22,8.76,36351.52,9.29,32323.62,10.0,23796.63
1065,603637.SH,20180809,8.04,8.41,7.94,8.4,8.31,0.08999999999999986,1.08,24464.88,30194.11,8.13,20126.26,8.74,28948.88,8.71,35530.22,10.44,23170.89,,,9.72,28313.65,8.55,20971.76,8.97,45433.18,8.77,37113.52,9.34,32338.52,10.01,23695.38
1066,603637.SH,20180808,8.11,8.46,8.04,8.31,8.17,0.14000000000000057,1.71,23277.61,28822.54,8.12,21559.22,8.8,33357.3,8.69,35315.01,10.46,23105.52,,,9.76,28086.39,8.63,21685.11,8.98,45305.42,8.78,37578.37,9.39,32056.16,10.03,23742.48
1067,603637.SH,20180807,7.89,8.19,7.84,8.17,7.8,0.3700000000000001,4.74,20814.82,25058.353,8.26,21794.17,8.91,40498.75,8.67,35394.01,10.49,23054.52,,,9.81,27921.59,8.74,24291.72,8.97,45129.21,8.77,37516.37,9.43,31810.98,10.06,23695.78
1068,603637.SH,20180806,7.96,7.99,7.76,7.8,7.98,-0.1800000000000006,-2.26,14531.5,17065.435,8.46,20443.09,9.07,50318.26,8.67,35458.68,10.53,23040.02,,,9.87,27864.72,8.87,30777.81,8.99,44928.33,8.77,37477.71,9.47,31720.08,10.09,23654.87
1069,603637.SH,20180803,8.19,8.29,7.9,7.98,8.32,-0.33999999999999986,-4.09,17542.48,21325.528,8.73,20696.22,9.23,55862.34,8.68,36056.94,10.56,23034.75,,,9.92,27859.03,9.02,37502.09,9.02,44869.64,8.78,37497.95,9.53,31913.0,10.13,23603.7
1070,603637.SH,20180802,9.03,9.03,8.15,8.32,9.05,-0.7300000000000004,-8.07,31629.7,39572.206,8.96,21817.26,9.32,56671.81,8.71,37090.88,,,,,9.97,27837.95,9.18,47359.49,9.03,44917.53,8.78,37484.8,9.59,32297.77,10.16,23550.0
1071,603637.SH,20180801,9.24,9.39,9.04,9.05,9.17,-0.11999999999999922,-1.31,24452.37,33766.699,9.15,21811.0,9.37,57989.28,8.75,37138.67,,,,,10.03,27709.71,9.38,59043.37,9.01,44266.39,8.76,37295.93,9.64,31946.65,10.2,23494.7
1072,603637.SH,20180731,9.09,9.19,9.03,9.17,9.12,0.05000000000000071,0.55,14059.38,19157.657,9.21,26789.27,9.34,57842.33,8.78,37920.7,,,,,10.08,27888.51,9.47,65258.58,8.97,44006.64,8.72,37247.97,9.67,31686.78,10.23,23636.63
1073,603637.SH,20180730,9.03,9.25,8.99,9.12,9.14,-0.02000000000000135,-0.22,15797.15,21537.705,9.28,41112.53,9.29,58446.19,8.81,38275.93,,,,,10.14,28470.3,9.46,66659.2,8.94,44225.3,8.69,37941.74,9.7,31583.91,10.25,23698.12
1074,603637.SH,20180727,9.19,9.35,9.13,9.14,9.27,-0.129999999999999,-1.4,23147.71,31928.804,9.31,54307.97,9.22,58750.52,8.83,38176.84,,,,,10.19,28937.58,9.45,69955.18,8.91,44459.65,8.68,39171.71,9.74,31416.99,10.27,23692.84
1075,603637.SH,20180726,9.26,9.36,9.07,9.27,9.36,-0.08999999999999986,-0.96,31598.37,43516.901,9.4,72901.72,9.17,58262.02,8.85,37989.77,,,,,10.23,29013.4,9.4,69894.6,8.88,45184.4,8.7,39508.6,9.77,31151.15,10.3,23759.05
1076,603637.SH,20180725,9.36,9.42,9.17,9.36,9.51,-0.15000000000000036,-1.58,49343.72,68544.337,9.6,96275.75,9.1,56858.9,8.87,37943.47,,,,,10.25,28849.66,9.32,68925.73,8.85,45525.01,8.73,40156.71,9.8,30735.04,10.33,23729.02
1077,603637.SH,20180724,9.15,9.76,9.11,9.51,9.26,0.25,2.7,85675.71,121097.471,9.72,103727.9,9.01,54486.33,8.9,37279.53,,,,,10.26,28288.12,9.21,65966.7,8.79,44128.7,8.75,39383.16,9.83,30050.86,10.36,23398.92
1078,603637.SH,20180723,9.34,9.36,8.97,9.26,9.62,-0.35999999999999943,-3.74,81774.32,112088.001,9.63,92205.87,8.89,49327.19,8.91,35334.16,,,,,10.27,27293.58,9.11,59078.84,8.72,40827.66,8.76,36941.57,9.86,28751.14,10.39,22778.62
1079,603637.SH,20180720,10.33,10.43,9.26,9.62,10.26,-0.6400000000000006,-6.24,116116.47,167701.865,9.59,85602.39,8.81,44518.19,8.93,33208.7,,,,,10.28,26349.87,9.02,52237.19,8.66,37495.88,8.78,34775.34,9.91,27572.04,10.43,22218.53
1080,603637.SH,20180719,10.26,10.97,10.12,10.26,9.97,0.28999999999999915,2.91,148468.54,235191.872,9.4,66887.48,8.74,37004.05,8.93,30395.54,,,,,10.29,24968.47,8.87,42475.57,8.57,32547.46,8.79,31905.59,9.94,25821.63,10.46,21561.42
1081,603637.SH,20180718,9.01,9.97,9.01,9.97,9.06,0.9100000000000001,10.04,86604.44,126951.024,9.04,41575.71,8.59,27159.09,8.93,27429.98,,,,,10.29,23062.2,8.65,29489.41,8.44,26422.21,8.8,27848.97,9.97,23470.82,10.49,20621.4
1082,603637.SH,20180717,9.01,9.12,8.83,9.06,9.04,0.02000000000000135,0.22,28065.59,37818.806,8.69,28205.5,8.49,23392.81,8.94,25816.47,,,,,10.29,21959.79,8.47,22754.7,8.35,23242.67,8.8,25613.26,10.0,22209.38,10.52,20207.11
1083,603637.SH,20180716,8.67,9.13,8.57,9.04,8.67,0.3699999999999992,4.27,48756.9,64912.397,8.59,25951.82,8.46,24188.56,9.0,25334.97,,,,,10.3,21677.55,8.43,21791.4,8.3,23583.01,8.82,24994.69,10.05,22017.45,10.55,20309.36
1084,603637.SH,20180713,8.49,8.71,8.41,8.67,8.47,0.1999999999999993,2.36,22541.95,28838.921,8.45,18872.0,8.39,22085.54,9.07,24473.63,,,,,10.32,21100.13,8.36,18964.12,8.29,23779.97,8.85,24051.76,10.1,21439.91,10.58,20089.31
1085,603637.SH,20180712,8.2,8.54,8.04,8.47,8.23,0.2400000000000002,2.92,21909.66,27477.008,8.34,18063.67,8.35,21863.47,9.15,24248.97,,,,,10.34,21006.47,8.36,20474.2,8.35,24315.61,8.89,24888.35,10.15,21330.23,10.61,19954.45
1086,603637.SH,20180711,8.31,8.55,8.04,8.23,8.55,-0.3200000000000003,-3.74,19753.4,24192.861,8.25,17403.11,8.31,21342.63,9.24,24057.37,,,,,10.36,20900.26,8.38,22124.28,8.43,25772.2,8.96,25216.19,10.22,21331.93,10.65,19833.49
1087,603637.SH,20180710,8.75,8.75,8.39,8.55,8.35,0.20000000000000107,2.4,16797.17,21373.176,8.25,17303.9,8.29,21142.2,9.34,24413.34,,,,,10.39,20711.6,8.37,22290.71,8.52,26091.39,9.06,24947.57,10.3,21633.74,10.68,19729.24
1088,603637.SH,20180709,8.1,8.37,8.09,8.35,8.12,0.23000000000000043,2.83,13357.8,16536.47,8.27,17630.99,8.22,21847.31,9.44,25244.33,,,,,10.41,20564.58,8.33,22576.48,8.58,25872.93,9.15,25036.71,10.38,22315.35,10.71,19642.67
1089,603637.SH,20180706,8.02,8.19,7.73,8.12,7.99,0.129999999999999,1.63,18500.3,22166.876,8.27,19056.24,8.21,22590.07,9.54,26738.01,,,,,10.44,20441.72,8.3,22754.58,8.66,26044.41,9.25,25088.23,10.46,22940.11,10.75,19634.38
1090,603637.SH,20180705,8.23,8.47,7.98,7.99,8.23,-0.2400000000000002,-2.92,18606.9,23048.993,8.38,22884.74,8.2,23849.46,9.65,27225.08,,,,,10.47,20325.93,8.27,22619.34,8.75,26620.6,9.36,24984.73,10.52,23112.34,10.78,19605.64
1091,603637.SH,20180704,8.64,8.64,8.12,8.23,8.65,-0.41999999999999993,-4.86,19257.33,24119.56,8.51,26845.45,8.26,26471.71,9.75,27138.88,,,,,10.5,20346.2,8.24,23355.01,8.87,27028.74,9.48,25426.38,10.57,23124.19,10.82,19583.37
1092,603637.SH,20180703,8.53,8.75,8.39,8.65,8.38,0.2699999999999996,3.22,18432.62,23665.437,8.5,27277.51,8.38,27548.43,9.83,26793.77,,,,,10.54,20281.79,8.23,23730.63,8.96,27042.53,9.61,26286.16,10.6,22923.7,10.86,19578.95
1093,603637.SH,20180702,8.66,8.83,8.33,8.38,8.65,-0.2699999999999996,-3.12,20484.05,26283.511,8.4,27521.98,8.5,30056.8,9.89,26503.6,,,,,10.56,20294.52,8.17,25374.61,9.01,26596.34,9.72,27809.84,10.63,22801.25,10.89,19540.11
1094,603637.SH,20180629,8.75,8.8,8.45,8.65,8.65,0.0,0.0,37642.81,48674.618,8.32,26452.92,8.63,30491.66,9.96,26352.93,,,,,10.59,20354.85,8.22,28595.83,9.09,26595.58,9.83,28295.73,10.66,22643.12,,
1095,603637.SH,20180628,8.23,8.93,8.13,8.65,8.16,0.4900000000000002,6.0,38410.45,49449.916,8.17,22353.93,8.72,28552.06,10.03,26013.62,,,,,10.61,20041.95,8.33,28157.01,9.16,27095.42,9.92,27563.51,10.69,22224.26,,
1096,603637.SH,20180627,8.2,8.35,8.14,8.16,8.16,0.0,0.0,21417.63,26340.788,7.98,19864.56,8.8,26888.75,10.13,26078.86,,,,,10.63,19684.31,8.48,29420.11,9.25,26762.14,9.99,26533.94,10.71,21675.72,,
1097,603637.SH,20180626,7.87,8.16,7.76,8.16,7.96,0.20000000000000018,2.51,19654.95,23667.863,7.97,20183.76,8.95,27550.78,10.21,25759.59,,,,,10.65,19505.25,8.67,29892.07,9.4,26276.0,10.08,26105.58,10.74,21384.16,,
1098,603637.SH,20180625,8.0,8.17,7.92,7.96,7.9,0.05999999999999961,0.76,15138.74,18204.919,7.94,23227.25,9.12,28098.08,10.3,25442.11,,,,,10.68,19389.67,8.83,29169.37,9.55,26266.83,10.17,25962.46,10.77,21171.54,,
1099,603637.SH,20180622,7.72,7.99,7.44,7.9,7.7,0.20000000000000018,2.6,17147.89,20174.409,8.12,30738.74,9.27,28436.11,10.4,25228.82,,,,,10.71,19358.61,9.02,29334.24,9.73,26255.05,10.27,26328.04,10.81,21010.06,,
1100,603637.SH,20180621,8.16,8.2,7.64,7.7,8.12,-0.41999999999999904,-5.17,25963.59,30677.649,8.5,33960.08,9.42,27848.48,10.49,24894.52,,,,,10.74,19393.91,9.23,30621.86,9.91,26167.42,10.4,27110.74,10.84,20982.89,,
1101,603637.SH,20180620,7.9,8.22,7.9,8.12,8.0,0.11999999999999922,1.5,23013.61,27794.396,8.99,38975.66,9.58,27425.81,10.59,24342.58,,,,,10.77,19161.89,9.5,30702.48,10.1,26462.07,10.52,26597.37,10.89,20782.56,,
1102,603637.SH,20180619,8.7,8.8,7.99,8.0,8.88,-0.8800000000000008,-9.91,34872.42,43134.245,9.38,39600.39,9.73,29320.12,10.68,23860.76,,,,,10.78,18939.39,9.68,30354.43,10.29,27563.93,10.62,26125.59,10.93,20492.41,,
1103,603637.SH,20180615,9.67,9.82,8.81,8.88,9.78,-0.8999999999999986,-9.2,52696.19,71611.821,9.73,35111.49,9.92,29079.54,10.78,23079.0,,,,,10.8,18599.95,9.86,27818.06,10.49,29027.45,10.72,25226.08,10.97,20007.37,,
1104,603637.SH,20180614,10.03,10.03,9.76,9.78,10.18,-0.40000000000000036,-3.93,33254.6,49239.564,9.92,27929.74,10.09,25925.59,10.85,21755.38,,,,,10.81,18145.34,9.96,24595.33,10.64,28145.68,10.8,23662.27,10.99,19198.16,,
1105,603637.SH,20180613,10.01,10.33,9.8,10.18,10.05,0.129999999999999,1.29,51041.47,77394.793,9.97,27283.64,10.21,24865.35,10.91,21101.65,,,,,10.8,17815.81,9.99,26033.83,10.71,27266.76,10.85,22793.7,11.0,18807.52,,
1106,603637.SH,20180612,9.93,10.13,9.54,10.05,9.77,0.28000000000000114,2.87,26137.29,38527.533,10.0,22429.31,10.31,22085.49,10.95,19926.66,,,,,10.78,17247.13,10.01,24104.18,10.75,25090.86,10.88,21313.37,11.0,18292.28,,
1107,603637.SH,20180611,9.7,9.9,9.68,9.77,9.8,-0.030000000000001137,-0.31,12427.91,18163.261,9.99,21108.47,10.42,21259.18,11.0,19376.16,,,,,10.77,17054.13,10.12,22659.92,10.79,24212.33,10.92,20718.55,11.02,18097.1,,
1108,603637.SH,20180608,9.96,10.08,9.68,9.8,10.04,-0.23999999999999844,-2.39,16787.44,24716.183,9.99,20524.63,10.56,22753.68,11.06,19331.76,,,,,10.75,17317.29,10.27,23364.28,10.83,24359.0,10.97,20560.72,11.03,18213.09,,
1109,603637.SH,20180607,10.3,10.36,9.96,10.04,10.34,-0.3000000000000007,-2.9,30024.09,45595.365,10.0,21260.92,10.72,24927.78,11.14,19324.75,,,,,10.74,17859.24,10.44,23175.87,10.9,24824.94,11.03,20368.73,11.04,18350.11,,
1110,603637.SH,20180606,9.98,10.36,9.94,10.34,10.0,0.33999999999999986,3.4,26769.81,40623.893,10.01,24784.02,10.87,27552.31,11.19,18856.53,,,,,10.73,17494.02,10.59,21712.99,10.99,25355.18,11.09,19737.66,11.04,18085.97,,
1111,603637.SH,20180605,9.83,10.08,9.75,10.0,9.77,0.23000000000000043,2.35,19533.1,28894.86,10.02,25779.05,10.98,28190.07,11.24,18538.64,,,,,10.74,17538.65,10.71,22221.65,11.03,24544.81,11.14,19092.68,11.04,17832.92,,
1112,603637.SH,20180604,9.82,9.94,9.73,9.77,9.83,-0.0600000000000005,-0.61,9508.72,13984.75,10.25,24211.38,11.08,27893.39,11.31,18611.54,,,,,10.76,17513.85,10.9,24773.42,11.08,24011.17,11.2,18805.51,11.04,17640.51,,
1113,603637.SH,20180601,10.05,10.05,9.7,9.83,10.1,-0.2699999999999996,-2.67,20468.88,30255.991,10.55,26203.93,11.17,27740.68,11.4,19445.47,,,,,10.78,17599.14,11.12,30236.84,11.16,23930.09,11.28,19040.2,11.05,17665.14,,
1114,603637.SH,20180531,10.53,10.53,9.83,10.1,10.4,-0.3000000000000007,-2.88,47639.6,71386.411,10.87,25090.82,11.25,26825.13,11.51,20540.31,,,,,10.82,17438.12,11.32,31696.02,11.22,23195.73,11.35,18828.05,11.06,17537.48,,
1115,603637.SH,20180530,11.0,11.0,10.03,10.4,11.15,-0.75,-6.73,31744.96,49170.618,11.16,18641.95,11.29,24342.18,11.6,20634.54,,,,,10.85,16950.9,11.43,28499.69,11.28,21173.63,11.41,17772.11,11.06,17073.41,,
1116,603637.SH,20180529,11.22,11.44,11.09,11.15,11.25,-0.09999999999999964,-0.89,11694.74,19708.741,11.4,18664.24,11.35,23908.43,11.64,20548.93,,,,,10.88,16860.88,11.49,26077.54,11.31,19917.97,11.48,17447.68,11.04,16687.03,,
1117,603637.SH,20180528,11.37,11.43,10.82,11.25,11.47,-0.22000000000000064,-1.92,19471.49,32576.509,11.55,25335.46,11.4,26134.13,11.63,20773.14,,,,,10.9,17258.07,11.46,25764.74,11.31,19747.86,11.54,18319.92,11.01,16597.55,,
1118,603637.SH,20180525,11.59,11.59,11.35,11.47,11.54,-0.06999999999999851,-0.61,14903.29,25492.065,11.69,34269.74,11.39,25448.82,11.6,20413.03,,,,,10.91,17284.29,11.39,25353.72,11.32,19158.94,11.62,19594.0,10.98,16429.93,,
1119,603637.SH,20180524,11.53,11.61,11.37,11.54,11.61,-0.07000000000000028,-0.6,15395.28,26448.982,11.77,38301.22,11.36,24983.98,11.56,20300.74,,,,,10.91,17287.77,11.36,26474.01,11.33,18965.17,11.67,20791.99,10.95,16491.56,,
1120,603637.SH,20180523,11.71,11.76,11.31,11.61,11.88,-0.27000000000000135,-2.27,31856.42,54878.814,11.71,38357.43,11.34,24406.42,11.52,20171.36,,,,,10.93,17497.07,11.39,28997.37,11.35,18750.0,11.68,21239.96,10.91,16377.3,,
1121,603637.SH,20180522,11.78,12.02,11.67,11.88,11.94,-0.05999999999999872,-0.5,45050.82,79951.047,11.57,33490.84,11.3,22400.68,11.49,19602.38,,,,,10.93,17445.57,11.34,26867.97,11.35,17528.19,11.65,20822.01,10.86,15986.19,,
1122,603637.SH,20180521,11.86,12.1,11.44,11.94,11.86,0.08000000000000007,0.67,64142.88,112775.044,11.37,26194.02,11.25,19488.9,11.43,18439.07,,,,,10.96,16974.66,11.27,23248.93,11.35,15821.55,11.6,19561.24,10.81,15429.72,,
1123,603637.SH,20180518,11.37,12.22,11.25,11.86,11.25,0.6099999999999994,5.42,35060.72,61336.726,11.1,16437.69,11.19,15064.95,11.37,16667.93,,,,,10.98,16269.28,11.2,17623.34,11.37,13441.88,11.54,17792.65,10.76,14896.75,,
1124,603637.SH,20180517,10.93,11.33,10.92,11.24,10.93,0.3100000000000005,2.84,15676.3,34210.492,10.96,14646.79,11.13,13005.88,11.33,15839.6,,,,,11.0,15995.98,11.12,14695.45,11.37,12394.07,11.48,16990.51,10.7,15269.63,,
1125,603637.SH,20180516,10.97,11.08,10.73,10.93,10.86,0.07000000000000028,0.64,7523.5,16100.379,11.08,19637.31,11.14,12391.78,11.29,15538.83,,,,,11.03,16283.82,11.12,13847.58,11.4,12408.32,11.45,16885.01,10.68,15052.24,,
1126,603637.SH,20180515,10.71,10.87,10.61,10.86,10.61,0.25,2.36,8566.7,18076.931,11.11,20245.09,11.21,12661.34,11.27,15773.94,,,,,11.07,16659.04,11.14,13758.39,11.47,13132.74,11.42,16817.5,10.67,15428.8,,
1127,603637.SH,20180514,11.09,11.1,10.56,10.61,11.17,-0.5600000000000005,-5.01,15361.25,32670.369,11.17,20303.83,11.28,12855.59,11.26,15932.11,,,,,11.1,17036.68,11.17,13730.99,11.57,14597.51,11.39,16662.75,10.69,15580.58,,
1128,603637.SH,20180511,11.81,11.81,11.13,11.17,11.81,-0.6400000000000006,-5.42,26106.19,58607.356,11.29,18808.98,11.36,12244.75,11.25,15645.13,,,,,11.13,17369.67,11.25,12964.17,11.73,16714.13,11.38,16380.62,10.7,15589.65,,
1129,603637.SH,20180510,11.17,12.24,11.17,11.81,11.12,0.6900000000000013,6.21,40628.91,94026.457,11.28,14744.1,11.41,11076.42,11.22,15047.02,,,,,11.15,17319.6,11.3,11456.33,11.82,17950.99,11.35,15692.09,10.72,15294.41,,
1130,603637.SH,20180509,11.14,11.29,10.99,11.12,11.13,-0.010000000000001563,-0.09,10562.41,23051.128,11.16,8057.85,11.45,9224.15,11.18,13973.91,,,,,11.16,16862.66,11.3,8502.63,11.82,17361.26,11.29,14855.03,10.74,14802.23,,
1131,603637.SH,20180508,11.25,11.32,11.06,11.13,11.22,-0.08999999999999986,-0.8,8860.4,19387.452,11.17,7271.68,11.51,9496.63,11.16,13951.97,,,,,11.18,16820.43,11.36,8188.42,11.8,17799.03,11.27,14967.76,10.76,15042.75,,
1132,603637.SH,20180507,10.92,11.38,10.92,11.22,11.11,0.11000000000000121,0.99,7887.0,17286.691,11.17,7158.14,11.57,10042.85,11.13,14283.34,,,,,11.19,16798.86,11.43,8394.18,11.76,17717.4,11.24,14859.22,10.78,15586.48,,
1133,603637.SH,20180504,11.2,11.32,10.94,11.11,11.2,-0.08999999999999986,-0.8,5781.8,12652.684,11.2,7119.36,11.66,11129.39,11.12,14475.69,,,,,11.21,16779.16,11.54,9260.42,11.71,17877.31,11.21,14788.67,10.79,15812.33,,
1134,603637.SH,20180503,11.11,11.23,10.83,11.2,11.18,0.019999999999999574,0.18,7197.62,15571.474,11.33,8168.56,11.79,13597.1,11.11,14875.84,,,,,11.23,16866.91,11.61,10092.69,11.66,18138.04,11.18,14734.04,10.81,15968.7,,
1135,603637.SH,20180502,11.33,11.34,11.08,11.18,11.14,0.03999999999999915,0.36,6631.6,14508.969,11.45,8947.41,11.99,17481.41,11.08,15399.69,,,,,11.25,16971.63,11.69,10969.07,11.62,18403.72,11.16,14821.34,10.83,16366.96,,
1136,603637.SH,20180427,11.45,11.84,10.95,11.14,11.37,-0.22999999999999865,-2.02,8292.7,18309.393,11.54,9105.15,12.13,20882.31,11.05,15621.58,,,,,11.27,17095.67,11.81,12507.1,11.57,18347.06,11.13,15271.18,10.85,16722.99,,
1137,603637.SH,20180426,11.9,11.9,11.24,11.37,11.75,-0.3800000000000008,-3.23,7693.06,17536.389,11.68,9630.21,12.18,22462.43,11.02,15718.48,,,,,11.29,17234.79,11.98,15464.04,11.51,18128.63,11.12,15475.66,10.89,16746.99,,
1138,603637.SH,20180425,11.82,12.14,11.65,11.75,11.81,-0.0600000000000005,-0.51,11027.81,25735.825,11.87,11401.48,12.13,23356.65,10.99,15727.16,,,,,11.3,17315.85,12.22,20464.1,11.45,18088.85,11.09,15865.46,10.92,16806.09,,
1139,603637.SH,20180424,11.64,11.87,11.54,11.81,11.64,0.16999999999999993,1.46,11091.9,25573.737,11.9,12016.83,12.02,23064.34,10.94,15725.95,,,,,,,12.34,24445.64,11.37,17809.97,11.04,16331.48,10.95,16865.02,,
1140,603637.SH,20180423,11.7,12.08,11.57,11.64,11.85,-0.20999999999999908,-1.77,7420.3,17052.874,11.92,12990.72,11.89,23063.83,10.9,15776.45,,,,,,,12.34,26219.88,11.28,18031.24,10.99,16434.28,10.99,17301.22,,
1141,603637.SH,20180420,12.1,12.17,11.78,11.85,12.3,-0.45000000000000107,-3.66,10918.0,25507.156,12.07,15909.05,11.78,23338.91,10.85,16140.43,,,,,,,12.25,27409.64,11.23,18357.43,10.94,16573.17,11.02,17771.97,,
1142,603637.SH,20180419,11.93,12.38,11.75,12.3,11.9,0.40000000000000036,3.36,16549.41,39237.145,12.27,21297.86,11.67,23461.47,10.78,16071.13,,,,,,,12.09,27040.62,11.15,18091.74,10.88,16475.52,11.04,18204.84,,
1143,603637.SH,20180418,12.25,12.25,11.35,11.9,11.93,-0.02999999999999936,-0.25,14104.55,33018.495,12.57,29526.72,11.5,22611.39,10.7,15770.45,,,,,,,11.88,26494.2,11.05,17552.79,10.81,16290.09,11.05,18601.27,,
1144,603637.SH,20180417,12.27,12.4,11.8,11.93,12.38,-0.45000000000000107,-3.63,15961.35,37833.858,12.79,36874.45,11.35,21828.27,10.63,15632.51,,,,,,,11.71,26183.39,10.97,17054.72,10.76,16246.9,11.06,18738.71,,
1145,603637.SH,20180416,12.51,12.84,11.79,12.38,12.85,-0.46999999999999886,-3.66,22011.92,53034.552,12.76,39449.05,11.22,21131.05,10.55,15710.13,,,,,,,11.56,25838.37,10.89,16747.48,10.7,16374.71,11.07,18578.66,,
1146,603637.SH,20180413,13.18,13.78,12.58,12.85,13.8,-0.9500000000000011,-6.88,37862.06,97859.466,12.43,38910.24,11.04,19857.08,10.45,15313.89,,,,,,,11.32,24187.02,10.79,16653.23,10.6,15926.38,11.07,18335.05,,
1147,603637.SH,20180412,13.27,14.15,12.7,13.8,12.97,0.8300000000000001,6.4,57693.71,150509.065,11.91,32783.39,10.83,18138.24,10.34,14447.07,,,,,,,11.04,20793.22,10.68,15481.47,10.49,14875.18,11.07,17824.73,,
1148,603637.SH,20180411,12.97,12.97,12.2,12.97,11.79,1.1800000000000015,10.01,50843.21,126843.976,11.2,23461.69,10.58,14772.89,10.19,13093.2,,,,,,,10.68,15713.59,10.53,13566.13,10.35,13265.87,11.04,16969.99,,
1149,603637.SH,20180410,10.58,11.79,10.47,11.79,10.72,1.0699999999999985,9.98,28834.33,63703.181,10.64,15492.33,10.37,11292.96,10.06,12543.85,,,,,,,10.39,11174.3,10.39,12274.4,10.23,12191.12,11.03,16328.65,,
1150,603637.SH,20180409,10.3,10.75,10.29,10.72,10.29,0.4300000000000015,4.18,19317.91,39992.383,10.36,12227.7,10.26,9518.82,9.97,13385.0,,,,,,,10.22,9842.59,10.31,11541.47,10.13,11514.63,11.05,16098.94,,
1151,603637.SH,20180404,10.32,10.44,10.11,10.29,10.21,0.0799999999999983,0.78,7227.8,14610.509,10.22,9463.8,10.23,8351.53,9.94,12894.27,,,,,,,10.21,9305.22,10.29,11154.93,10.07,11150.37,11.08,16042.55,,
1152,603637.SH,20180403,9.95,10.27,9.7,10.21,10.18,0.030000000000001137,0.29,11085.2,21960.223,10.16,8803.04,10.24,8550.67,9.95,13567.47,,,,,,,10.2,9142.85,10.28,11192.96,10.02,11298.19,11.12,16234.19,,
1153,603637.SH,20180402,10.33,10.5,10.16,10.18,10.41,-0.23000000000000043,-2.21,10996.4,22147.353,10.16,7965.5,10.24,9246.18,10.0,13761.24,,,,,,,10.22,8611.37,10.28,11188.03,9.97,12000.85,11.16,16278.98,,
1154,603637.SH,20180330,10.01,10.51,10.01,10.41,10.01,0.40000000000000036,4.0,12511.2,25151.208,10.14,6856.28,10.29,9510.06,10.04,13905.63,,,,,,,10.23,7926.05,10.28,11278.66,9.92,13548.76,,,,
1155,603637.SH,20180329,9.95,10.09,9.89,10.01,9.99,0.019999999999999574,0.2,5498.4,10773.521,10.07,7457.48,10.3,10038.97,10.1,13784.47,,,,,,,10.23,7656.59,10.27,11642.88,9.9,13219.48,,,,
1156,603637.SH,20180328,10.16,10.19,9.96,9.99,10.2,-0.20999999999999908,-2.06,3924.0,7719.623,10.2,9146.64,10.32,11539.75,10.17,13949.18,,,,,,,10.26,9119.43,10.24,11796.06,9.92,14040.09,,,,
1157,603637.SH,20180327,10.14,10.3,10.09,10.2,10.11,0.08999999999999986,0.89,6897.5,13799.562,10.25,9482.66,10.34,12328.35,10.25,14568.86,,,,,,,10.33,10169.72,10.22,11916.16,9.98,14498.41,,,,
1158,603637.SH,20180326,10.01,10.12,9.59,10.11,10.05,0.05999999999999872,0.6,5450.29,10674.527,10.27,9257.25,10.34,12689.09,10.32,15586.12,,,,,,,10.37,11418.67,10.18,12042.01,10.03,14798.67,,,,
1159,603637.SH,20180323,10.42,10.42,9.81,10.05,10.65,-0.5999999999999996,-5.63,15517.2,30635.794,10.31,8995.82,10.34,12884.33,10.37,16056.34,,,,,,,10.39,13374.49,10.15,12699.53,10.1,14896.73,,,,
1160,603637.SH,20180322,10.23,10.72,10.23,10.65,10.23,0.41999999999999993,4.11,13944.19,28741.181,10.39,7855.7,10.35,12535.82,10.43,16045.96,,,,,,,10.4,13240.36,10.09,12350.66,10.19,14749.43,,,,
1161,603637.SH,20180321,10.32,10.45,10.21,10.23,10.32,-0.08999999999999986,-0.87,5604.11,11357.383,10.31,9092.23,10.33,12448.5,10.48,16550.34,,,,,,,10.36,13004.65,10.0,12072.95,10.25,15117.74,,,,
1162,603637.SH,20180320,10.35,10.43,10.21,10.32,10.31,0.009999999999999787,0.1,5770.46,11697.343,10.41,10856.79,10.32,13540.14,10.54,17208.85,,,,,,,10.35,13243.08,9.93,12375.86,10.33,16313.75,,,,
1163,603637.SH,20180319,10.42,10.42,10.24,10.31,10.42,-0.10999999999999943,-1.06,4143.16,8357.101,10.48,13580.1,10.25,13754.88,10.63,17325.38,,,,,,,10.34,13764.69,9.85,13695.59,10.37,16835.98,,,,
1164,603637.SH,20180316,10.3,10.45,10.06,10.42,10.29,0.13000000000000078,1.26,9816.6,19865.388,10.46,17753.16,10.19,13922.79,10.73,17534.09,,,,,,,10.34,14631.27,9.77,16360.11,10.43,17203.35,,,,
1165,603637.SH,20180315,10.5,10.82,9.74,10.29,10.73,-0.4400000000000013,-4.1,20126.81,40388.023,10.42,18625.01,10.12,13891.86,10.82,17673.7,,,,,,,10.31,15629.16,9.73,16000.93,10.5,17912.57,,,,
1166,603637.SH,20180314,10.53,10.75,10.47,10.73,10.63,0.09999999999999964,0.94,14426.9,29975.499,10.41,16917.07,10.05,13774.46,10.92,18177.74,,,,,,,10.23,14472.68,9.75,16500.42,10.57,18174.8,,,,
1167,603637.SH,20180313,10.27,10.7,10.07,10.63,10.23,0.40000000000000036,3.91,19387.01,39503.006,10.29,15629.37,9.91,13321.61,11.01,18802.4,,,,,,,10.1,13662.6,9.81,16662.75,10.66,18018.32,,,,
1168,603637.SH,20180312,10.23,10.44,10.21,10.23,10.21,0.019999999999999574,0.2,25008.47,50347.282,10.2,13949.28,9.78,12475.68,11.09,19317.19,,,,,,,9.99,12665.35,9.85,16488.67,10.76,17746.73,,,,
1169,603637.SH,20180309,10.16,10.27,10.07,10.21,10.23,-0.019999999999999574,-0.2,14175.87,28322.094,10.21,11509.39,9.67,11449.06,11.17,19767.99,,,,,,,9.9,12024.56,9.96,15657.85,10.87,17398.56,,,,
1170,603637.SH,20180308,9.7,10.31,9.7,10.23,10.14,0.08999999999999986,0.89,11587.08,23106.848,10.19,12633.31,9.56,12832.85,11.23,20008.42,,,,,,,9.78,11460.95,10.08,15503.97,10.98,18168.17,,,,
1171,603637.SH,20180307,10.1,10.31,10.1,10.14,10.21,-0.07000000000000028,-0.69,7988.4,15951.649,10.05,12028.3,9.44,16359.49,11.3,19854.65,,,,,,,9.64,11141.25,10.19,16174.28,11.1,18970.77,,,,
1172,603637.SH,20180306,10.44,10.44,10.07,10.21,10.28,-0.06999999999999851,-0.68,10986.6,21950.825,9.91,11695.84,9.4,15947.54,11.37,19837.2,,,,,,,9.51,11508.65,10.31,17849.08,11.21,19934.15,,,,
1173,603637.SH,20180305,10.01,10.5,10.01,10.28,10.11,0.16999999999999993,1.68,12808.99,25790.538,9.77,11381.41,9.44,17419.09,11.43,19727.09,,,,,,,9.36,13626.5,10.39,18371.63,11.3,20912.45,,,,
1174,603637.SH,20180302,9.55,10.37,9.41,10.11,9.52,0.5899999999999999,6.2,19795.49,38685.487,9.59,12539.73,9.56,17793.27,11.49,19538.86,,,,,,,9.21,18088.94,10.48,18489.39,11.37,21230.51,,,,
1175,603637.SH,20180301,9.46,9.75,9.36,9.52,9.45,0.07000000000000028,0.74,8562.0,16043.934,9.36,10288.6,9.66,17494.04,11.56,19320.26,,,,,,,9.16,16372.69,10.6,19054.27,11.45,20782.62,,,,
1176,603637.SH,20180228,9.4,9.49,9.25,9.45,9.49,-0.040000000000000924,-0.42,6326.1,11663.705,9.24,10254.2,9.89,17480.97,11.65,19511.13,,,,,,,9.28,18528.17,10.73,20025.86,11.54,20743.72,,,,
1177,603637.SH,20180227,9.41,9.55,9.32,9.49,9.4,0.08999999999999986,0.96,9414.49,17401.159,9.11,11321.46,10.12,17848.06,11.74,19793.73,,,,,,,9.52,19662.9,10.94,20196.17,11.64,20774.28,,,,
1178,603637.SH,20180226,8.95,9.56,8.95,9.4,8.95,0.45000000000000107,5.03,18600.59,33998.875,8.96,15871.58,10.36,19046.43,11.84,20067.61,,,,,,,9.72,20312.0,11.14,20287.42,11.74,20674.11,,,,
1179,603637.SH,20180223,8.96,9.12,8.87,8.95,8.89,0.05999999999999872,0.67,8539.8,14981.664,8.82,23638.15,10.6,20806.72,11.93,19925.61,,,,,,,10.02,19291.14,11.35,20085.55,11.84,20466.19,,,,
1180,603637.SH,20180222,8.91,9.0,8.76,8.89,8.82,0.07000000000000028,0.79,8390.0,14623.979,8.96,22456.79,10.82,21798.86,,,,,,,,,10.38,19546.99,11.59,21521.77,11.96,20683.25,,,,
1181,603637.SH,20180214,8.69,8.91,8.54,8.82,8.73,0.08999999999999986,1.03,11662.4,19942.709,9.32,26802.14,11.06,22319.95,,,,,,,,,10.74,21207.32,11.83,22885.54,12.09,20934.73,,,,
1182,603637.SH,20180213,8.58,9.09,8.49,8.73,8.72,0.009999999999999787,0.11,32165.1,55288.295,9.93,28004.34,11.35,23814.62,,,,,,,,,11.11,24189.52,12.05,24146.91,12.22,21170.2,,,,
1183,603637.SH,20180212,8.67,9.19,8.67,8.72,9.63,-0.9100000000000001,-9.45,57433.45,98668.074,10.47,24752.42,11.61,23493.75,,,,,,,,,11.42,23116.77,12.26,24555.43,12.34,20557.11,,,,
1184,603637.SH,20180209,9.63,9.63,9.63,9.63,10.7,-1.0699999999999985,-10.0,2633.0,4965.838,11.22,14944.13,11.98,19824.43,,,,,,,,,11.76,18889.84,12.45,22801.29,,,,,,
1185,603637.SH,20180208,11.95,12.08,10.7,10.7,11.89,-1.1900000000000013,-10.01,30116.74,67773.922,11.79,16637.19,12.28,20486.46,,,,,,,,,12.04,21735.85,12.59,22987.58,,,,,,
1186,603637.SH,20180207,11.8,12.0,11.64,11.89,11.43,0.46000000000000085,4.02,17673.4,40774.704,12.16,15612.5,12.51,19290.04,,,,,,,,,12.19,21523.55,12.68,21851.5,,,,,,
1187,603637.SH,20180206,12.26,12.28,11.38,11.43,12.46,-1.0300000000000011,-8.27,15905.5,37075.834,12.29,20374.7,12.64,20797.03,,,,,,,,,12.35,20729.45,12.7,21329.97,,,,,,
1188,603637.SH,20180205,12.47,12.51,12.25,12.46,12.48,-0.019999999999999574,-0.16,8392.0,20320.343,12.36,21481.12,12.82,22317.01,,,,,,,,,12.57,20262.83,12.75,20855.17,,,,,,
1189,603637.SH,20180202,12.51,12.54,11.75,12.48,12.54,-0.05999999999999872,-0.48,11098.31,26827.999,12.29,22835.56,12.88,24509.15,,,,,,,,,12.68,20879.97,12.75,21053.71,,,,,,
1190,603637.SH,20180201,12.4,13.02,12.19,12.54,12.56,-0.02000000000000135,-0.16,24993.29,61368.781,12.3,26834.52,12.92,26758.17,,,,,,,,,12.8,23496.56,12.76,21251.38,,,,,,
1191,603637.SH,20180131,11.76,12.57,11.73,12.56,11.75,0.8100000000000005,6.89,41484.39,98390.439,12.22,27434.61,12.92,26554.89,,,,,,,,,12.92,24563.76,12.76,20798.43,,,,,,
1192,603637.SH,20180130,12.19,12.24,11.64,11.75,12.12,-0.3699999999999992,-3.05,21437.6,49914.205,12.4,21084.2,12.9,23852.92,,,,,,,,,12.99,24104.3,12.77,19660.54,,,,,,
1193,603637.SH,20180129,12.21,12.6,11.95,12.12,12.51,-0.39000000000000057,-3.12,15164.19,36406.196,12.78,19044.55,12.96,22772.73,,,,,,,,,13.11,25994.1,12.81,19277.28,,,,,,
1194,603637.SH,20180126,11.24,12.66,11.24,12.51,12.14,0.3699999999999992,3.05,31093.13,74177.468,13.07,18924.38,12.98,22163.39,,,,,,,,,13.15,26712.74,,,,,,,,
1195,603637.SH,20180125,13.43,13.47,12.14,12.14,13.49,-1.3499999999999996,-10.01,27993.72,69087.801,13.3,20158.6,12.97,20264.65,,,,,,,,,13.13,24239.3,,,,,,,,
1196,603637.SH,20180124,13.38,13.73,13.38,13.49,13.63,-0.14000000000000057,-1.03,9732.37,25864.945,13.62,21692.91,12.99,19062.28,,,,,,,,,13.17,22179.44,,,,,,,,
1197,603637.SH,20180123,13.53,13.88,13.53,13.63,13.6,0.030000000000001137,0.22,11239.33,30106.106,13.58,27124.4,12.92,19471.45,,,,,,,,,13.06,21930.49,,,,,,,,
1198,603637.SH,20180122,13.53,13.89,13.42,13.6,13.64,-0.040000000000000924,-0.29,14563.34,38800.113,13.44,32943.65,12.84,19832.61,,,,,,,,,12.94,21447.5,,,,,,,,
1199,603637.SH,20180119,13.73,14.37,13.62,13.64,13.75,-0.10999999999999943,-0.8,37264.22,102473.762,13.22,34501.1,12.78,20152.85,,,,,,,,,12.82,21227.46,,,,,,,,
1200,603637.SH,20180118,13.2,13.76,13.14,13.75,13.27,0.4800000000000004,3.62,35665.3,94321.929,12.96,28320.01,12.69,18345.8,,,,,,,,,12.71,19006.2,,,,,,,,
1201,603637.SH,20180117,12.92,13.52,12.77,13.27,12.93,0.33999999999999986,2.63,36889.8,95292.258,12.71,22665.97,,,,,,,,,,,12.6,17033.11,,,,,,,,
1202,603637.SH,20180116,12.47,12.96,12.34,12.93,12.51,0.41999999999999993,3.36,40335.58,101028.442,12.54,16736.57,,,,,,,,,,,12.55,15216.77,,,,,,,,
1203,603637.SH,20180115,12.36,12.77,12.15,12.51,12.36,0.15000000000000036,1.21,22350.6,54917.766,12.44,9951.35,,,,,,,,,,,12.5,12560.47,,,,,,,,
1204,603637.SH,20180112,12.44,12.47,12.26,12.36,12.47,-0.11000000000000121,-0.88,6358.77,15390.144,12.41,7953.82,,,,,,,,,,,,,,,,,,,,
1205,603637.SH,20180111,12.38,12.49,12.35,12.47,12.42,0.05000000000000071,0.4,7395.1,17994.724,12.46,9692.38,,,,,,,,,,,,,,,,,,,,
1206,603637.SH,20180110,12.54,12.54,12.26,12.42,12.42,0.0,0.0,7242.82,17505.387,12.49,11400.25,,,,,,,,,,,,,,,,,,,,
1207,603637.SH,20180109,12.56,12.56,12.27,12.42,12.4,0.019999999999999574,0.16,6409.45,15551.138,12.56,13696.97,,,,,,,,,,,,,,,,,,,,
1208,603637.SH,20180108,12.56,12.56,12.36,12.4,12.6,-0.1999999999999993,-1.59,12362.95,30036.711,12.57,15169.59,,,,,,,,,,,,,,,,,,,,
1209,603637.SH,20180105,12.6,12.74,12.33,12.6,12.59,0.009999999999999787,0.08,15051.6,36616.097,,,,,,,,,,,,,,,,,,,,,,
1210,603637.SH,20180104,12.77,12.82,12.41,12.59,12.77,-0.17999999999999972,-1.41,15934.44,39352.504,,,,,,,,,,,,,,,,,,,,,,
1211,603637.SH,20180103,12.53,12.81,12.44,12.77,12.5,0.2699999999999996,2.16,18726.43,46545.079,,,,,,,,,,,,,,,,,,,,,,
1212,603637.SH,20180102,12.35,12.51,12.26,12.5,12.35,0.15000000000000036,1.21,13772.54,33513.112,,,,,,,,,,,,,,,,,,,,,,
