,ts_code,trade_date,open,high,low,close,pre_close,change,pct_chg,vol,amount,ma5,ma_v_5,ma13,ma_v_13,ma34,ma_v_34,ma144,ma_v_144,ma169,ma_v_169,ma75,ma_v_75
0,000551.SZ,20171229,8.12,8.26,8.1,8.25,8.12,0.13000000000000078,1.601,24679.8,20250.692,8.084,21008.588,8.0562,19052.1315,8.2165,21462.2512,9.1089,77657.399,9.0977,72267.1224,8.7847,35220.7532
1,000551.SZ,20171228,8.03,8.18,8.03,8.12,8.07,0.049999999999998934,0.6196,24536.39,19947.926,8.056,19610.956,8.0308,18564.6854,8.2318,21713.5512,9.1185,77973.9976,9.1047,72311.6575,8.8,35518.7928
2,000551.SZ,20171227,8.05,8.12,7.99,8.07,8.04,0.030000000000001137,0.3731,19708.38,15876.075,8.054,21659.132,8.0269,18301.36,8.2532,21985.09,9.1228,78280.3756,9.1124,72332.136,8.8169,36118.4161
3,000551.SZ,20171226,7.95,8.05,7.91,8.04,7.94,0.09999999999999876,1.2594,20130.24,16074.989,8.044,20689.93,8.0231,18090.3854,8.2753,22041.87,9.1275,78844.1602,9.1199,72444.3102,8.8367,36497.5031
4,000551.SZ,20171225,8.07,8.1,7.93,7.94,8.11,-0.16999999999999904,-2.0962,15988.13,12778.779,8.046,19303.356,8.0138,17874.6377,8.2979,22378.0982,9.1352,79329.0569,9.1293,72628.4646,8.8575,36826.7241
5,000551.SZ,20171222,8.08,8.15,8.05,8.11,8.11,0.0,0.0,17691.64,14321.134,8.058,19388.976,8.0208,17955.5623,8.3221,22641.1171,9.1399,79401.9025,9.1408,72843.6384,8.8793,37552.0067
6,000551.SZ,20171221,8.01,8.17,7.98,8.11,8.02,0.08999999999999986,1.1222,34777.27,28078.689,8.038,18870.424,8.0062,19712.6446,8.3394,22722.8879,9.1435,79485.6681,9.1524,73009.5927,8.8979,38218.7196
7,000551.SZ,20171220,8.06,8.06,7.97,8.02,8.05,-0.030000000000001137,-0.3727,14862.37,11900.029,8.022,15202.972,8.0223,18588.3631,8.3538,23058.3682,9.1463,79418.6504,9.1643,73013.5116,8.9149,38534.9187
8,000551.SZ,20171219,7.98,8.07,7.98,8.05,8.0,0.05000000000000071,0.625,13197.37,10615.904,8.014,15060.698,8.0515,18468.1362,8.3747,24415.9968,9.1489,79579.3301,9.1778,73156.6344,8.9343,38895.1937
9,000551.SZ,20171218,8.0,8.05,7.98,8.0,8.01,-0.009999999999999787,-0.1248,16416.23,13139.009,7.988,16089.824,8.0738,18937.81,8.4035,25024.8976,9.1531,79683.4377,9.1915,73523.95,8.9532,39357.0105
10,000551.SZ,20171215,8.03,8.05,7.96,8.01,8.03,-0.019999999999999574,-0.2491,15098.88,12076.149,8.002,17029.21,8.1046,19280.1154,8.4347,25601.1856,9.1597,79733.2579,9.2079,73839.2838,8.974,40294.0292
11,000551.SZ,20171214,7.97,8.03,7.95,8.03,7.98,0.049999999999998934,0.6266,16440.01,13128.798,8.004,17402.576,8.1377,19355.4715,8.465,26961.1244,9.1665,79822.9537,9.2232,74032.4101,8.9936,40953.4367
12,000551.SZ,20171213,7.96,7.99,7.92,7.98,7.92,0.0600000000000005,0.7576,14151.0,11269.916,7.982,17579.678,8.1608,18890.7785,8.5065,27863.1206,9.1731,79902.8533,9.2387,74224.9466,9.0121,42158.9143
13,000551.SZ,20171212,8.06,8.07,7.92,7.92,8.07,-0.15000000000000036,-1.8587,18343.0,14637.386,7.992,18157.508,8.1869,18974.6246,8.5471,28616.3653,9.1801,80051.4225,9.2539,74490.7578,9.0353,44879.9653
14,000551.SZ,20171211,8.05,8.08,7.98,8.07,8.02,0.05000000000000071,0.6234,21113.16,16946.594,7.992,22595.65,8.2192,19321.4677,8.5879,29325.5068,9.1857,80091.1943,9.2702,74716.2624,9.0532,45260.6408
15,000551.SZ,20171208,7.95,8.06,7.93,8.02,7.92,0.09999999999999964,1.2626,16965.71,13610.125,8.042,22405.34,8.25,19677.5769,8.6212,29527.5241,9.1897,80165.1865,9.2854,74842.1011,9.0708,45801.2659
16,000551.SZ,20171207,8.0,8.03,7.92,7.92,8.03,-0.10999999999999943,-1.3699,17325.52,13825.128,8.118,21672.082,8.2908,20792.7531,8.6579,29831.495,9.1946,80423.8244,9.3011,75040.175,9.0896,47305.686
17,000551.SZ,20171206,7.93,8.03,7.86,8.03,7.92,0.10999999999999943,1.3889,17040.15,13522.92,8.202,22067.604,8.3369,21422.1369,8.695,30157.7647,9.2015,80613.2484,9.3159,75353.4382,9.1081,47898.4249
18,000551.SZ,20171205,8.35,8.35,7.86,7.92,8.32,-0.40000000000000036,-4.8077,40533.71,32731.925,8.276,22832.814,8.3708,23568.4423,8.7265,31162.1309,9.2101,80739.9165,9.33,76093.2599,9.1243,48483.1029
19,000551.SZ,20171204,8.41,8.45,8.32,8.32,8.4,-0.08000000000000007,-0.9524,20161.61,16924.55,8.38,17941.774,8.4192,22484.3115,8.7694,31234.0912,9.2192,80697.8193,9.3485,76329.3614,9.1423,49313.0559
20,000551.SZ,20171201,8.36,8.42,8.31,8.4,8.34,0.0600000000000005,0.7194,13299.42,11143.797,8.382,15989.252,8.4446,22576.0931,8.8044,31582.2203,9.2271,80802.869,9.3651,76852.9149,9.1521,49552.6521
21,000551.SZ,20171130,8.41,8.44,8.32,8.34,8.4,-0.0600000000000005,-0.7143,19303.13,16198.032,8.366,16377.568,8.4638,24404.35,8.8359,33577.9921,9.2351,80948.1469,9.3835,77466.0999,9.1579,50116.0465
22,000551.SZ,20171129,8.43,8.49,8.28,8.4,8.44,-0.03999999999999915,-0.4739,20866.2,17483.204,8.366,17087.334,8.4969,25475.1862,8.8785,36729.3491,9.2435,81028.6706,9.4011,77969.0018,9.168,50668.284
23,000551.SZ,20171128,8.33,8.45,8.33,8.44,8.33,0.10999999999999943,1.3205,16078.51,13480.276,8.38,18062.61,8.5315,26467.6869,8.9109,37168.2541,9.2518,81053.4551,9.4192,78773.4275,9.1785,51530.1817
24,000551.SZ,20171127,8.34,8.38,8.31,8.33,8.32,0.009999999999999787,0.1202,10399.0,8685.552,8.402,21139.508,8.5608,26895.4092,8.9444,38055.4347,9.2598,81161.5826,9.4361,79559.0469,9.1863,51887.8063
25,000551.SZ,20171124,8.3,8.42,8.29,8.32,8.34,-0.019999999999999574,-0.2398,15241.0,12709.645,8.44,24161.21,8.5977,28523.3323,8.9806,38845.8653,9.2685,81486.3671,9.4534,80061.0509,9.1959,52308.9145
26,000551.SZ,20171123,8.47,8.54,8.33,8.34,8.47,-0.13000000000000078,-1.5348,22851.96,19256.745,8.47,30101.434,8.6315,29268.6992,9.0135,39617.0626,9.2763,81604.1811,9.4709,80710.8852,9.2052,52749.7389
27,000551.SZ,20171122,8.56,8.62,8.4,8.47,8.55,-0.08000000000000007,-0.9357,25742.58,21897.336,8.512,30819.044,8.6592,29085.6138,9.0424,40463.6815,9.2838,81639.9124,9.4859,81368.0348,9.214,53056.9637
28,000551.SZ,20171121,8.49,8.58,8.46,8.55,8.52,0.030000000000001137,0.3521,31463.0,26888.366,8.548,29941.482,8.6692,30658.0,9.0612,40910.1085,9.2898,81729.6572,9.5016,81848.0199,9.2199,53470.2221
29,000551.SZ,20171120,8.41,8.52,8.27,8.52,8.47,0.049999999999998934,0.5903,25507.51,21366.841,8.568,31062.234,8.6831,32931.7492,9.0797,40743.2632,9.2974,81867.083,9.5153,81989.9517,9.2268,53947.9643
30,000551.SZ,20171117,8.61,8.8,8.46,8.47,8.55,-0.08000000000000007,-0.9357,44942.12,38808.441,8.618,32605.532,8.7223,33577.3254,9.0979,41104.0447,9.3067,82053.5066,9.5296,82221.8807,9.2332,54198.2412
31,000551.SZ,20171116,8.69,8.79,8.55,8.55,8.65,-0.09999999999999964,-1.1561,26440.01,22997.254,8.694,30370.85,8.7677,32890.2408,9.1212,40768.2618,9.3179,82059.033,9.5451,82427.611,9.24,54154.0464
32,000551.SZ,20171115,8.62,8.77,8.61,8.65,8.65,0.0,0.0,21354.77,18527.484,8.748,29410.628,8.8054,35574.6092,9.1435,41872.425,9.3288,82121.5299,9.5601,83020.4241,9.2461,54550.2085
33,000551.SZ,20171114,8.77,8.83,8.61,8.65,8.77,-0.11999999999999922,-1.3683,37066.76,32311.848,8.78,31452.074,8.8662,37555.6177,9.1685,42674.3988,9.3402,82244.4143,9.5724,83259.3168,9.2492,54931.9183
34,000551.SZ,20171113,8.85,8.86,8.74,8.77,8.85,-0.08000000000000007,-0.904,33224.0,29220.353,8.802,29024.876,8.9208,37762.8915,9.1982,43576.8265,9.3522,82509.7403,9.5862,83383.1949,9.2535,55538.484
35,000551.SZ,20171110,8.79,8.92,8.79,8.85,8.82,0.02999999999999936,0.3401,33768.71,29861.095,8.788,26474.446,8.9623,38472.8769,9.2215,45242.9062,9.3661,82763.099,9.5998,83618.7456,9.2565,56965.9015
36,000551.SZ,20171109,8.8,8.84,8.77,8.82,8.81,0.009999999999999787,0.1135,21638.9,19047.928,8.738,28957.424,8.9892,38027.7262,9.2397,45175.7603,9.3782,82860.1025,9.6129,83827.6138,9.2543,57081.66
37,000551.SZ,20171108,8.76,8.9,8.72,8.81,8.76,0.05000000000000071,0.5708,31562.0,27831.124,8.72,36833.992,9.0238,38463.2508,9.2574,46620.3006,9.3909,83049.962,9.6249,84039.5055,9.2521,57656.0483
38,000551.SZ,20171107,8.66,8.76,8.63,8.76,8.7,0.0600000000000005,0.6897,24930.77,21688.444,8.764,37301.592,9.0523,38221.4577,9.2829,48750.3271,9.403,83241.0113,9.6374,84329.9685,9.2495,58024.2685
39,000551.SZ,20171106,8.66,8.72,8.57,8.7,8.6,0.09999999999999964,1.1628,20471.85,17697.615,8.824,39517.442,9.0785,40241.2908,9.3062,49081.8944,9.4163,83459.9176,9.6502,84683.5426,9.2452,58496.4716
40,000551.SZ,20171103,8.74,8.81,8.55,8.6,8.73,-0.13000000000000078,-1.4891,46183.6,39996.172,8.892,47690.432,9.1308,41972.7146,9.3294,49865.4879,9.4298,83612.0569,9.6629,84809.9307,9.2397,59697.0009
41,000551.SZ,20171102,9.02,9.02,8.71,8.73,9.03,-0.29999999999999893,-3.3223,61021.74,53907.847,9.06,47875.288,9.2008,40881.5146,9.3582,50001.7682,9.4441,83641.6166,9.6756,84833.567,9.246,59635.4527
42,000551.SZ,20171101,9.08,9.1,9.0,9.03,9.06,-0.030000000000001137,-0.3311,33900.0,30684.567,9.186,43623.204,9.2577,42430.2777,9.3779,49590.3279,9.4558,83705.8198,9.6885,84787.991,9.2503,59489.6519
43,000551.SZ,20171031,9.05,9.11,8.95,9.06,9.04,0.02000000000000135,0.2212,36010.02,32554.13,9.242,45333.966,9.3162,49549.4523,9.3885,50637.6262,9.4655,84457.0004,9.6992,84940.7533,9.2519,60196.6548
44,000551.SZ,20171030,9.46,9.46,9.0,9.04,9.44,-0.40000000000000036,-4.2373,61336.8,56030.947,9.27,43728.312,9.35,49532.4485,9.4029,50994.3874,9.4793,84765.5063,9.7102,85124.0119,9.252,61010.1236
45,000551.SZ,20171027,9.32,9.51,9.32,9.44,9.36,0.08000000000000007,0.8547,47107.88,44417.536,9.316,36921.096,9.3915,48371.36,9.4194,50508.6526,9.4938,85094.0156,9.7211,85086.9419,9.2572,60956.8781
46,000551.SZ,20171026,9.28,9.37,9.23,9.36,9.31,0.049999999999998934,0.5371,39761.32,36967.401,9.264,33183.258,9.4008,47614.88,9.4235,51193.2538,9.5081,85578.8755,9.7297,85310.2819,9.2568,61069.8484
47,000551.SZ,20171025,9.24,9.42,9.2,9.31,9.2,0.11000000000000121,1.1957,42453.81,39648.076,9.212,35468.714,9.4069,47745.6792,9.4276,52014.8359,9.5217,86027.016,9.7377,85553.6262,9.2576,61449.3349
48,000551.SZ,20171024,9.27,9.27,9.13,9.2,9.27,-0.07000000000000028,-0.7551,27981.75,25679.103,9.226,35574.024,9.4077,48452.0785,9.43,52486.5532,9.5366,86821.1849,9.7466,85910.5698,9.2601,61752.0256
49,000551.SZ,20171023,9.16,9.38,9.16,9.27,9.18,0.08999999999999986,0.9804,27300.72,25324.441,9.288,36377.274,9.4008,49447.4131,9.4379,52895.4135,9.5512,87660.5352,9.7545,86134.4003,9.2628,62242.6392
50,000551.SZ,20171020,9.08,9.22,9.08,9.18,9.1,0.08000000000000007,0.8791,28418.69,25979.565,9.328,47148.262,9.3938,49331.2238,9.4438,53499.3226,9.565,88132.3197,9.7629,86306.6256,9.2647,62646.1905
51,000551.SZ,20171019,9.34,9.42,9.09,9.1,9.38,-0.28000000000000114,-2.9851,51188.6,47312.364,9.45,66754.378,9.3908,50050.8692,9.455,55213.2621,9.5795,88803.4606,9.772,86618.2812,9.266,63628.2189
52,000551.SZ,20171018,9.52,9.66,9.31,9.38,9.51,-0.129999999999999,-1.367,42980.36,40971.141,9.53,63674.452,9.4031,48692.1692,9.4662,55606.375,9.5918,89377.9165,9.7806,86796.1369,9.2717,63844.094
53,000551.SZ,20171017,9.43,9.58,9.42,9.51,9.47,0.03999999999999915,0.4224,31998.0,30419.812,9.57,64326.91,9.3977,50307.6462,9.4674,57484.9182,9.604,89821.5255,9.7878,87140.7413,9.2743,64430.68
54,000551.SZ,20171016,9.75,9.79,9.46,9.47,9.79,-0.3199999999999985,-3.2686,81155.66,78106.612,9.58,65382.038,9.3969,51586.4062,9.4735,62962.325,9.6134,89984.383,9.7928,87418.8316,9.2763,65198.0503
55,000551.SZ,20171013,9.53,9.9,9.47,9.79,9.5,0.28999999999999915,3.0526,126449.27,123113.328,9.574,57443.248,9.4115,50555.1477,9.4674,61954.6191,9.6236,89870.1319,9.7978,87332.1973,9.2799,65412.0815
56,000551.SZ,20171012,9.56,9.61,9.43,9.5,9.58,-0.08000000000000007,-0.8351,35788.97,34039.379,9.48,42480.794,9.3938,47741.4123,9.4556,60049.0535,9.6326,89545.5574,9.8007,86999.5583,9.2772,65880.5392
57,000551.SZ,20171011,9.55,9.66,9.48,9.58,9.56,0.019999999999999574,0.2092,46242.65,44346.82,9.402,43507.22,9.3915,47410.3954,9.4535,62814.0021,9.6435,90176.3661,9.8043,87006.4631,9.2804,68255.9113
58,000551.SZ,20171010,9.42,9.57,9.41,9.56,9.44,0.120000000000001,1.2712,37273.64,35502.117,9.322,39416.742,9.3792,49295.8277,9.4456,63271.0106,9.6515,90283.9008,9.8082,86903.7997,9.2907,69851.782
59,000551.SZ,20171009,9.4,9.53,9.36,9.44,9.32,0.11999999999999922,1.2876,41461.71,39183.835,9.238,39516.83,9.3885,54427.3092,9.4362,63965.6388,9.6614,90427.8488,9.8121,86900.1907,9.2996,71693.0145
60,000551.SZ,20170929,9.12,9.36,9.12,9.32,9.11,0.21000000000000085,2.3052,51637.0,47876.763,9.202,37929.588,9.3969,54022.8746,9.4312,65769.1232,9.6728,90647.0874,9.8167,86861.0083,9.3108,73799.6304
61,000551.SZ,20170928,9.21,9.21,9.09,9.11,9.18,-0.07000000000000028,-0.7625,40921.1,37414.987,9.2,40398.5,9.41,53674.9538,9.4235,65371.8976,9.6849,90768.1322,9.8224,86891.4027,9.3247,75509.4011
62,000551.SZ,20170927,9.17,9.22,9.16,9.18,9.14,0.03999999999999915,0.4376,25790.26,23700.454,9.278,41938.656,9.4462,54436.1869,9.4153,65802.2771,9.6969,90882.9064,9.8287,86984.632,9.3404,78496.6873
63,000551.SZ,20170926,9.3,9.3,9.06,9.14,9.26,-0.11999999999999922,-1.2959,37774.08,34620.009,9.374,50330.464,9.4631,56070.2262,9.4129,66829.65,9.709,91263.8785,9.8334,87080.0877,9.3596,81633.5972
64,000551.SZ,20170925,9.35,9.37,9.23,9.26,9.31,-0.05000000000000071,-0.5371,33525.5,31180.556,9.458,60749.79,9.4823,58511.3077,9.4144,68233.6044,9.7215,91589.6474,9.8386,87163.6189,9.3795,85086.2556
65,000551.SZ,20170922,9.48,9.5,9.28,9.31,9.5,-0.1899999999999995,-2.0,63981.56,59829.827,9.5,60341.84,9.5046,59635.4923,9.4074,68509.3353,9.7324,91647.3275,9.8436,87316.4209,9.3973,89536.3221
66,000551.SZ,20170921,9.68,9.68,9.48,9.5,9.66,-0.16000000000000014,-1.6563,48621.88,46535.952,9.522,61696.182,9.5269,58161.6662,9.3997,67862.2929,9.7424,91551.4704,9.8477,87561.872,9.4199,95297.2847
67,000551.SZ,20170920,9.52,9.67,9.51,9.66,9.56,0.09999999999999964,1.046,67749.3,65121.364,9.558,72768.386,9.5331,59835.7,9.3856,67852.9091,9.7522,91584.092,9.8524,87746.3427,9.4445,105393.0653
68,000551.SZ,20170919,9.47,9.79,9.44,9.56,9.47,0.08999999999999986,0.9504,89870.71,86413.315,9.536,66459.338,9.5208,59831.5315,9.3662,67210.1009,9.7604,91528.3109,9.8579,87785.1184,9.4581,112719.0832
69,000551.SZ,20170918,9.45,9.49,9.42,9.47,9.42,0.05000000000000071,0.5308,31485.75,29752.035,9.522,57908.002,9.5077,57417.8,9.3471,66235.5788,9.7699,91369.3527,9.8657,87636.6628,9.4669,118419.5481
70,000551.SZ,20170915,9.65,9.65,9.42,9.42,9.68,-0.2599999999999998,-2.686,70753.27,67324.254,9.544,61774.278,9.5077,58217.5885,9.3353,67288.7526,9.7796,91533.1459,9.8743,88052.5911,9.4691,118936.6713
71,000551.SZ,20170914,9.55,9.72,9.52,9.68,9.55,0.129999999999999,1.3613,103982.9,100128.143,9.54,57030.178,9.5115,56454.5392,9.3229,66510.0765,9.7899,91631.0561,9.8849,88716.5912,9.4601,118908.6921
72,000551.SZ,20170913,9.5,9.58,9.48,9.55,9.49,0.0600000000000005,0.6322,36204.06,34552.334,9.482,50135.226,9.5023,55124.5185,9.3024,64676.0944,9.797,91470.6644,9.8936,89159.584,9.4476,118867.4983
73,000551.SZ,20170912,9.58,9.63,9.48,9.49,9.58,-0.08999999999999986,-0.9395,47114.03,45014.886,9.482,52522.394,9.4969,57305.3169,9.2865,65262.8035,9.8058,91932.9785,9.9015,89567.437,9.4423,119584.1824
74,000551.SZ,20170911,9.4,9.59,9.37,9.58,9.4,0.17999999999999972,1.9149,50817.13,48265.027,9.504,52063.952,9.4915,61900.4554,9.2685,65347.185,9.8131,92062.8054,9.9091,89649.236,9.4307,119309.0339
75,000551.SZ,20170908,9.41,9.43,9.33,9.4,9.39,0.009999999999999787,0.1065,47032.77,44147.145,9.504,55977.39,9.5023,74778.3554,9.2506,66280.775,9.8208,92101.6225,9.9158,89798.7939,9.418,119028.1907
76,000551.SZ,20170907,9.55,9.65,9.38,9.39,9.55,-0.16000000000000014,-1.6754,69508.14,66161.938,9.524,60109.858,9.4915,74767.6546,9.2388,69023.3497,9.8299,92338.1206,9.9226,89897.2548,9.4061,118736.11
77,000551.SZ,20170906,9.59,9.59,9.5,9.55,9.6,-0.049999999999998934,-0.5208,48139.9,45992.436,9.524,57906.67,9.4915,74163.9546,9.2179,68227.5397,9.838,92419.6349,9.9301,89998.7689,9.3928,118316.0047
78,000551.SZ,20170905,9.59,9.6,9.51,9.6,9.58,0.019999999999999574,0.2088,44821.82,42854.094,9.508,56655.29,9.4823,80445.2869,9.1918,68715.1315,9.8453,92788.2364,9.9354,90036.8238,9.3809,118049.9909
79,000551.SZ,20170904,9.48,9.63,9.48,9.58,9.5,0.08000000000000007,0.8421,70384.32,67236.058,9.482,57257.652,9.46,81749.8346,9.1626,69137.3874,9.8506,93025.5519,9.9401,89986.5158,9.3721,117766.9045
80,000551.SZ,20170901,9.44,9.54,9.39,9.5,9.39,0.10999999999999943,1.1715,67695.11,64228.264,9.478,60519.314,9.4338,81019.5792,9.1291,68842.1426,9.8556,92998.6779,9.9449,89826.3442,9.3644,117201.9812
81,000551.SZ,20170831,9.46,9.48,9.38,9.39,9.47,-0.08000000000000007,-0.8448,58492.2,55083.748,9.474,59891.18,9.4162,83718.4308,9.0935,70101.4497,9.861,93016.3041,9.9493,89675.5091,9.3575,116671.9871
82,000551.SZ,20170830,9.56,9.56,9.45,9.47,9.47,0.0,0.0,41883.0,39742.154,9.48,69562.906,9.3908,82152.21,9.0841,69603.6638,9.866,92866.7463,9.9553,89524.818,9.3521,116366.024
83,000551.SZ,20170829,9.57,9.57,9.45,9.47,9.56,-0.08999999999999986,-0.9414,47833.63,45491.425,9.53,104832.272,9.3415,83203.8254,9.0718,69844.9485,9.8714,92776.5348,9.9609,89583.312,9.3421,116128.5192
84,000551.SZ,20170828,9.49,9.58,9.42,9.56,9.48,0.08000000000000007,0.8439,86692.63,82578.673,9.488,104644.278,9.3131,84195.1569,9.0624,70994.7012,9.8766,92698.9659,9.9663,89592.7507,9.3311,115914.3113
85,000551.SZ,20170825,9.41,9.55,9.39,9.48,9.42,0.0600000000000005,0.6369,64554.44,61164.066,9.454,99637.76,9.2846,84104.0723,9.0479,71298.4526,9.8812,92338.8774,9.9712,89482.0821,9.32,115481.2039
86,000551.SZ,20170824,9.65,9.66,9.35,9.42,9.72,-0.3000000000000007,-3.0864,106850.83,101866.43,9.444,112686.316,9.2492,82438.3731,9.0465,71086.3629,9.8867,92284.8442,9.9752,89303.4511,9.3124,115215.1789
87,000551.SZ,20170823,9.25,9.98,9.25,9.72,9.26,0.46000000000000085,4.9676,218229.83,210524.242,9.422,103672.338,9.2208,77448.4723,9.0462,69578.4165,9.8919,91936.4138,9.9786,88928.7286,9.3105,114260.906
88,000551.SZ,20170822,9.38,9.43,9.22,9.26,9.39,-0.13000000000000078,-1.3845,46893.66,43600.407,9.326,72204.572,9.1669,64377.1646,9.0374,65166.4453,9.8937,90712.0558,9.9792,87833.4578,9.3039,111810.7977
89,000551.SZ,20170821,9.48,9.49,9.3,9.39,9.43,-0.03999999999999915,-0.4242,61660.04,57763.04,9.328,83381.876,9.1469,64300.2538,9.0444,65703.5615,9.899,90746.7585,9.9824,87765.9225,9.3065,111656.0657
90,000551.SZ,20170818,9.26,9.53,9.21,9.43,9.31,0.11999999999999922,1.2889,129797.22,122355.857,9.262,78676.134,9.11,63921.5554,9.0447,65795.2594,9.904,90730.7099,9.9844,87817.2085,9.3087,111290.1912
91,000551.SZ,20170817,9.2,9.35,9.2,9.31,9.24,0.07000000000000028,0.7576,61780.94,57373.362,9.142,63827.49,9.0823,59113.5892,9.0441,63670.8432,9.9079,90561.7208,9.9905,87235.5921,9.3103,109971.542
92,000551.SZ,20170816,9.23,9.29,9.13,9.24,9.27,-0.02999999999999936,-0.3236,60891.0,56082.615,9.1,63615.49,9.0585,57767.2308,9.0432,64855.8397,9.9147,90686.8353,9.9975,87111.7743,9.3141,109473.5984
93,000551.SZ,20170815,9.08,9.34,9.06,9.27,9.06,0.20999999999999908,2.3179,102780.18,95045.004,9.09,68538.996,9.0385,56285.4238,9.0518,65046.67,9.9242,90779.97,10.0056,87064.4304,9.3188,109083.7033
94,000551.SZ,20170814,8.84,9.08,8.84,9.06,8.83,0.23000000000000043,2.6048,38131.33,34294.164,9.04,56563.03,9.0185,52698.6538,9.0606,64581.7915,9.9353,90516.0918,10.0121,86621.8202,9.3231,108475.5405
95,000551.SZ,20170811,9.08,9.08,8.72,8.83,9.1,-0.2699999999999996,-2.967,55554.0,49614.208,9.038,57333.188,9.0046,53610.3208,9.0782,66094.1279,9.9483,90958.08,10.0198,86662.0824,9.328,108396.5391
96,000551.SZ,20170810,9.17,9.25,9.01,9.1,9.19,-0.08999999999999986,-0.9793,60720.94,55401.326,9.076,55882.954,9.0154,55687.6431,9.105,67319.2456,9.9647,91842.9083,10.0286,86760.9343,9.336,108029.1159
97,000551.SZ,20170809,8.99,9.3,8.99,9.19,9.02,0.16999999999999993,1.8847,85508.53,78383.528,9.056,52917.53,9.0077,61807.5946,9.1194,70285.7944,9.979,92663.2399,10.0379,86684.1476,9.3391,107735.0477
98,000551.SZ,20170808,9.08,9.14,8.99,9.02,9.05,-0.030000000000001137,-0.3315,42900.35,38793.312,9.0,47163.216,8.9685,58495.4462,9.1356,74063.2459,9.9908,92799.5086,10.0467,86551.6617,9.3451,107278.2983
99,000551.SZ,20170807,8.99,9.07,8.93,9.05,9.02,0.030000000000001137,0.3326,41982.12,37878.814,9.01,52041.878,8.9408,60173.7285,9.1747,77681.8518,10.003,92924.7705,10.0572,86840.0058,9.3564,107404.3271
100,000551.SZ,20170804,9.06,9.06,8.94,9.02,9.0,0.019999999999999574,0.2222,48302.83,43424.314,9.0,52501.11,8.9069,61496.5285,9.2094,81604.9094,10.0145,93161.6475,10.0696,87259.2217,9.3701,107454.4044
101,000551.SZ,20170803,8.93,9.09,8.86,9.0,8.91,0.08999999999999986,1.0101,45893.82,41410.79,8.992,51166.046,8.8623,62422.9262,9.2465,86050.6468,10.0251,93268.3824,10.0815,87530.4189,9.3847,107282.8941
102,000551.SZ,20170802,9.07,9.13,8.88,8.91,9.07,-0.16000000000000014,-1.7641,56736.96,50908.901,8.994,53217.716,8.8077,67393.5208,9.2865,89991.1168,10.0366,93551.5088,10.0926,87770.3763,9.402,107191.6449
103,000551.SZ,20170801,9.0,9.18,8.97,9.07,9.0,0.07000000000000028,0.7778,67293.66,61104.304,8.988,51866.924,8.82,66226.6377,9.3271,96115.5465,10.0473,93536.4687,10.1052,87922.4756,9.4215,107438.8015
104,000551.SZ,20170731,8.98,9.03,8.9,9.0,8.98,0.019999999999999574,0.2227,44278.28,39782.601,8.968,54920.03,8.8185,64903.0238,9.3726,101814.5124,10.0565,93321.3722,10.1176,87956.669,9.4443,107470.988
105,000551.SZ,20170728,9.01,9.04,8.92,8.98,9.01,-0.02999999999999936,-0.333,41627.51,37359.627,8.968,74120.436,8.83,68183.5577,9.4206,109239.3706,10.0662,93314.685,10.1296,88062.6614,9.4655,107517.1072
106,000551.SZ,20170727,8.88,9.03,8.85,9.01,8.88,0.129999999999999,1.464,56152.17,50288.459,8.908,74285.054,8.8369,72444.5323,9.4682,118817.3994,10.075,93318.6882,10.1415,88214.2278,9.4877,107615.1227
107,000551.SZ,20170726,8.94,9.0,8.82,8.88,8.97,-0.08999999999999986,-1.0033,49983.0,44406.974,8.838,75998.224,8.8692,72536.1646,9.5268,131755.6812,10.0847,93158.0858,10.1531,88445.275,9.5083,107654.0684
108,000551.SZ,20170725,9.07,9.07,8.9,8.97,9.0,-0.02999999999999936,-0.3333,82559.19,74177.928,8.784,77837.328,8.91,72966.7531,9.5994,153985.7526,10.0953,93170.4849,10.1663,88758.0392,9.5323,107740.3387
109,000551.SZ,20170724,8.73,9.06,8.72,9.0,8.68,0.3200000000000003,3.6866,140280.31,125556.644,8.678,73394.69,8.9446,71863.9546,9.6497,169710.5012,10.1051,92940.4125,10.1792,88795.0896,9.5545,107204.6149
110,000551.SZ,20170721,8.68,8.73,8.61,8.68,8.66,0.019999999999999574,0.2309,42450.6,36828.656,8.536,67440.938,8.9831,66085.1315,9.6856,180802.4209,10.1148,92438.394,10.1925,88798.8662,9.5767,106006.7468
111,000551.SZ,20170720,8.6,8.77,8.56,8.66,8.61,0.05000000000000071,0.5807,64718.02,56163.749,8.614,67264.314,9.0385,67802.6062,9.7135,181620.6382,10.125,92382.2495,10.2075,89325.6696,9.5999,106377.6321
112,000551.SZ,20170719,8.4,8.63,8.4,8.61,8.44,0.16999999999999993,2.0142,59178.52,50487.869,8.692,64338.046,9.0962,67252.5331,9.7162,181736.4268,10.1343,92235.06,10.2222,90146.1733,9.6233,107408.992
113,000551.SZ,20170718,8.29,8.5,8.25,8.44,8.29,0.15000000000000036,1.8094,60346.0,50523.183,8.8,69887.386,9.1477,70551.9408,9.72,182963.3338,10.1426,92054.161,10.2356,90515.807,9.6559,107692.41
114,000551.SZ,20170717,9.08,9.08,8.26,8.29,9.07,-0.7800000000000011,-8.5998,110511.55,94817.316,8.926,77222.222,9.2315,71092.9585,9.7409,183834.1976,10.1522,91881.4819,10.2508,90998.1616,9.6917,108336.3585
115,000551.SZ,20170714,9.05,9.15,9.01,9.07,9.05,0.019999999999999574,0.221,41567.48,37729.099,9.154,66588.59,9.33,69282.4015,9.7506,181362.6194,10.1621,91602.425,10.267,91232.7852,9.7345,108421.9072
116,000551.SZ,20170713,9.13,9.14,8.99,9.05,9.15,-0.09999999999999964,-1.0929,50086.68,45323.11,9.222,69391.224,9.3754,72973.4238,9.7376,181015.1609,10.1718,91532.5401,10.2782,92092.882,9.7645,109258.2548
117,000551.SZ,20170712,9.07,9.18,8.88,9.15,9.07,0.08000000000000007,0.882,86925.22,78426.183,9.296,73018.45,9.4285,76598.1408,9.7218,180281.0444,10.1818,91468.4362,10.2898,93824.0376,9.7965,110681.2876
118,000551.SZ,20170711,9.43,9.43,9.07,9.07,9.43,-0.35999999999999943,-3.8176,97020.18,89525.39,9.366,68664.528,9.4623,82341.0931,9.6994,178842.0744,10.1919,91232.0798,10.2975,93767.0961,9.8252,111506.9272
119,000551.SZ,20170710,9.41,9.45,9.35,9.43,9.41,0.019999999999999574,0.2125,57343.39,53895.175,9.432,62216.046,9.5138,91335.07,9.6874,176817.6241,10.2009,90752.6275,10.3057,93630.2998,9.8544,111483.1605
120,000551.SZ,20170707,9.4,9.44,9.34,9.41,9.42,-0.009999999999999787,-0.1062,55580.65,52167.597,9.428,62260.782,9.5846,99688.1131,9.6729,175824.8874,10.2074,90666.4626,10.3115,93715.0104,9.8789,112386.0885
121,000551.SZ,20170706,9.5,9.52,9.29,9.42,9.5,-0.08000000000000007,-0.8421,68222.81,64253.68,9.402,71558.816,9.6477,108902.3769,9.6609,175014.135,10.2138,90782.2912,10.3172,93923.2423,9.8984,113430.4831
122,000551.SZ,20170705,9.38,9.5,9.34,9.5,9.4,0.09999999999999964,1.0638,65155.61,61451.795,9.424,71390.1,9.7138,118997.3838,9.6479,173829.5097,10.2224,90640.0772,10.3242,93901.6019,9.9212,113945.6464
123,000551.SZ,20170704,9.43,9.48,9.3,9.4,9.41,-0.009999999999999787,-0.1063,64777.77,60782.262,9.438,75753.84,9.78,127821.5523,9.6329,172958.6085,10.2306,90625.9299,10.3312,94010.6491,9.9395,113816.2313
124,000551.SZ,20170703,9.28,9.42,9.28,9.41,9.28,0.13000000000000078,1.4009,57567.07,53914.876,9.49,80708.44,9.8485,143220.7677,9.6129,171761.3253,10.2402,90812.4073,10.3389,94315.2225,9.96,113815.2411
125,000551.SZ,20170630,9.52,9.56,9.26,9.28,9.53,-0.25,-2.6233,102070.82,95503.872,9.556,88636.626,9.9415,158873.9546,9.5903,171002.5303,10.2524,91196.1749,10.3462,94594.3394,9.9823,114110.4875
126,000551.SZ,20170629,9.58,9.64,9.52,9.53,9.57,-0.040000000000000924,-0.418,67379.23,64557.718,9.618,100539.182,10.0454,173847.2346,9.5741,169594.8465,10.2644,91141.0661,10.3525,94460.2087,10.0063,114437.8821
127,000551.SZ,20170628,9.64,9.64,9.38,9.57,9.66,-0.08999999999999986,-0.9317,86974.31,82677.09,9.66,129851.712,10.1277,196916.5623,9.5559,168924.9447,10.2738,91273.4785,10.358,94707.1824,10.0223,114362.5276
128,000551.SZ,20170627,9.7,9.78,9.58,9.66,9.74,-0.08000000000000007,-0.8214,89550.77,86616.272,9.816,145643.44,10.2377,228384.2115,9.5474,167404.5344,10.284,91242.0024,10.3631,94649.593,10.0411,113976.2323
129,000551.SZ,20170626,9.6,9.78,9.53,9.74,9.59,0.15000000000000036,1.5641,97208.0,93904.079,9.93,162806.502,10.3677,283480.7238,9.5344,165784.5621,10.2944,91127.5689,10.3676,94674.3345,10.06,113755.9829
130,000551.SZ,20170623,9.74,9.83,9.38,9.59,9.74,-0.15000000000000036,-1.54,161583.6,155376.018,10.038,183256.482,10.44,323480.1577,9.5262,163963.4079,10.3034,90884.3952,10.3704,94523.4364,10.0776,113380.7755
131,000551.SZ,20170622,10.31,10.32,9.73,9.74,10.35,-0.6099999999999994,-5.8937,213941.88,215309.793,10.192,186913.722,10.4885,350851.0792,9.525,160217.4035,10.3132,90229.2469,10.3745,93954.9734,10.0944,111992.3087
132,000551.SZ,20170621,10.23,10.38,10.12,10.35,10.23,0.11999999999999922,1.173,165932.95,170298.415,10.302,197118.86,10.48,339799.3954,9.5194,154833.7756,10.3217,89404.6445,10.3777,93151.93,10.1101,110215.0868
133,000551.SZ,20170620,10.25,10.39,10.14,10.23,10.28,-0.049999999999998934,-0.4864,175366.08,179956.909,10.356,216143.97,10.3569,332316.4631,9.4974,150672.0762,10.327,88966.5001,10.3768,92489.1567,10.1179,109131.7781
134,000551.SZ,20170619,10.31,10.33,10.01,10.28,10.36,-0.08000000000000007,-0.7722,199457.9,202592.617,10.436,240415.446,10.2423,326587.7923,9.4785,146445.0994,10.3334,88365.4906,10.3769,91900.4396,10.126,107351.3163
135,000551.SZ,20170616,10.3,10.48,10.23,10.36,10.29,0.07000000000000028,0.6803,179869.8,186059.795,10.5,273979.964,10.1554,318164.5208,9.4582,142260.1015,10.3401,87958.9674,10.3762,91222.2724,10.1323,105360.9195
136,000551.SZ,20170615,10.54,10.61,10.2,10.29,10.62,-0.33000000000000007,-3.1073,264967.57,276548.867,10.628,337216.754,10.0215,306365.1431,9.4309,137917.055,10.346,87622.9297,10.3736,90481.1653,10.1396,103673.5807
137,000551.SZ,20170614,10.55,10.68,10.38,10.62,10.63,-0.010000000000001563,-0.0941,261058.5,274884.72,10.84,445384.326,9.8938,288271.7831,9.4056,130947.34,10.3519,87195.2601,10.3712,89230.7665,10.1469,100936.904
138,000551.SZ,20170613,10.64,10.77,10.46,10.63,10.6,0.030000000000001137,0.283,296723.46,314804.908,10.852,516612.754,9.7315,270123.1846,9.3676,124406.3791,10.3537,86227.122,10.3663,87998.9329,10.1509,98349.2004
139,000551.SZ,20170612,10.85,10.92,10.43,10.6,11.0,-0.40000000000000036,-3.6364,367280.49,390800.176,10.77,560749.178,9.5592,250221.3985,9.3385,117186.6397,10.3564,85151.7085,10.3612,86569.0781,10.1541,95127.1805
140,000551.SZ,20170609,11.0,11.14,10.75,11.0,11.35,-0.34999999999999964,-3.0837,496053.75,541945.524,10.576,501347.078,9.41,224137.4277,9.3171,107924.0521,10.3594,83643.9478,10.356,84894.1488,10.1581,91361.4719
141,000551.SZ,20170608,10.6,11.75,10.53,11.35,10.68,0.6699999999999999,6.2734,805805.43,911407.045,10.126,415867.294,9.2515,187794.0885,9.29,94679.4688,10.3591,81497.2123,10.3496,82351.4761,10.1543,85825.9085
142,000551.SZ,20170607,10.21,11.17,10.1,10.68,10.22,0.4599999999999991,4.501,617200.64,656927.213,9.604,274884.88,9.0708,127964.0608,9.2535,72021.6491,10.3567,78280.8689,10.3418,78048.5965,10.1472,76452.2
143,000551.SZ,20170606,10.05,10.59,9.94,10.22,9.63,0.5899999999999999,6.1267,517405.58,538590.708,9.298,169435.826,8.94,82636.7462,9.2424,55017.2224,10.3551,74531.5735,10.3376,74758.7347,10.1452,69100.3128
144,000551.SZ,20170605,8.79,9.63,8.67,9.63,8.75,0.8800000000000008,10.0571,70269.99,64554.981,8.978,71250.288,8.8454,45570.5454,9.2468,42013.3435,10.3568,71451.6848,10.3358,72282.0779,10.1515,62953.6623
145,000551.SZ,20170602,8.5,8.87,8.25,8.75,8.74,0.009999999999999787,0.1144,68654.83,58433.713,8.778,63147.068,8.7754,42016.7108,9.2806,41996.8041,10.3622,71461.334,10.3379,72485.9366,10.166,63097.9089
146,000551.SZ,20170601,9.0,9.12,8.72,8.74,9.15,-0.41000000000000014,-4.4809,100893.36,90129.884,8.73,54441.446,8.7669,39179.2654,9.3347,41381.5803,10.3735,71614.9244,10.3453,72444.1608,10.19,63265.794
147,000551.SZ,20170531,8.7,9.22,8.69,9.15,8.62,0.5300000000000011,6.1485,89955.37,80193.249,8.66,41862.822,8.7662,35588.2046,9.3909,39854.6776,10.3864,71362.6481,10.3533,72229.7875,10.2148,63270.1293
148,000551.SZ,20170526,8.66,8.73,8.61,8.62,8.63,-0.010000000000001563,-0.1159,26477.89,22940.983,8.562,29509.522,8.7477,32099.5277,9.4321,38946.3756,10.397,71318.4066,10.3586,72497.6528,10.2309,63123.9945
149,000551.SZ,20170525,8.47,8.66,8.32,8.63,8.51,0.120000000000001,1.4101,29753.89,25275.461,8.626,28932.012,8.7985,32776.6408,9.4926,39828.0044,10.4115,71941.8287,10.3703,73096.7118,10.2535,63657.8155
150,000551.SZ,20170524,8.35,8.54,8.2,8.51,8.39,0.11999999999999922,1.4303,25126.72,21074.084,8.7,28584.248,8.8438,33139.55,9.5518,40199.3579,10.4254,72462.5505,10.3821,73850.7017,10.2753,64197.5407
151,000551.SZ,20170523,8.68,8.73,8.26,8.39,8.66,-0.2699999999999996,-3.1178,38000.24,32439.882,8.794,29148.014,8.9169,33921.2454,9.615,40943.8721,10.4383,72839.4672,10.3944,75255.0798,10.2967,64355.2628
152,000551.SZ,20170522,8.91,8.97,8.66,8.66,8.94,-0.27999999999999936,-3.132,28188.87,24859.001,8.914,28656.96,9.0062,33630.4154,9.6747,41892.8944,10.4526,73333.3391,10.4069,76084.0382,10.3215,64233.8268
153,000551.SZ,20170519,9.0,9.01,8.89,8.94,9.0,-0.0600000000000005,-0.6667,23590.34,21136.071,8.926,27833.214,9.0746,33838.8508,9.7265,45242.3397,10.4649,73673.9837,10.4158,76383.0452,10.3423,64346.8247
154,000551.SZ,20170518,8.9,9.05,8.8,9.0,8.98,0.019999999999999574,0.2227,28015.07,25090.232,8.866,29468.754,9.1254,33903.8377,9.7885,46914.2376,10.4751,74161.0792,10.4222,76616.237,10.3593,64496.8187
155,000551.SZ,20170517,8.98,9.08,8.93,8.98,8.99,-0.009999999999999787,-0.1112,27945.55,25163.258,8.812,34707.654,9.1708,34183.3608,9.8512,49285.6221,10.4835,74464.4899,10.4288,76914.2827,10.3764,64880.2664
156,000551.SZ,20170516,8.7,9.01,8.65,8.99,8.72,0.2699999999999996,3.0963,35544.97,31398.777,8.798,38039.058,9.2177,36431.2392,9.9253,51902.7441,10.4926,74725.3775,10.4354,77053.1888,10.3923,65263.3505
157,000551.SZ,20170515,8.67,8.82,8.67,8.72,8.64,0.08000000000000007,0.9259,24070.14,21027.967,8.856,37986.136,9.2515,36174.4123,9.9938,53924.7612,10.5016,75021.7842,10.4422,77343.4197,10.4053,65348.3812
158,000551.SZ,20170512,8.69,8.78,8.62,8.64,8.73,-0.08999999999999986,-1.0309,31768.04,27642.56,8.956,40066.45,9.3062,36476.4985,10.0741,57828.9965,10.5119,75229.1045,10.4513,77910.6808,10.4228,65719.3241
159,000551.SZ,20170511,8.8,8.89,8.51,8.73,8.91,-0.17999999999999972,-2.0202,54209.57,47162.083,9.12,40770.594,9.3592,37007.0977,10.1524,61272.5303,10.523,75535.3883,10.4596,78102.0367,10.4423,66087.0708
160,000551.SZ,20170510,9.28,9.32,8.9,8.91,9.28,-0.3699999999999992,-3.9871,44602.57,40748.687,9.284,36772.57,9.4292,36779.6169,10.2268,62479.2394,10.533,75748.1526,10.4665,78121.6843,10.4592,66770.4471
161,000551.SZ,20170509,9.16,9.29,9.02,9.28,9.22,0.05999999999999872,0.6508,35280.36,32344.68,9.412,34031.762,9.5031,37375.7662,10.2962,64845.7224,10.54,75817.7369,10.4731,78163.8778,10.4776,67239.7119
162,000551.SZ,20170508,9.41,9.54,9.2,9.22,9.46,-0.2400000000000002,-2.537,34471.71,32416.773,9.476,31862.724,9.5646,38180.1938,10.3429,67746.6012,10.5442,75945.305,10.477,78264.2974,10.4952,67760.0056
163,000551.SZ,20170505,9.55,9.64,9.46,9.46,9.55,-0.08999999999999986,-0.9424,35288.76,33674.349,9.55,31298.156,9.6331,38254.6438,10.3991,69875.6703,10.5481,76073.1308,10.4812,78395.9986,10.5172,68164.1391
164,000551.SZ,20170504,9.52,9.66,9.42,9.55,9.55,0.0,0.0,34219.45,32759.172,9.576,35673.998,9.6977,38543.98,10.4406,70468.6326,10.5503,76210.556,10.4847,78514.8873,10.5368,69050.6573
165,000551.SZ,20170503,9.58,9.58,9.46,9.55,9.6,-0.049999999999998934,-0.5208,30898.53,29421.324,9.552,35271.352,9.7608,41701.9992,10.4815,71365.2224,10.5515,76557.7643,10.4872,78678.0105,10.5588,71033.9884
166,000551.SZ,20170502,9.59,9.63,9.54,9.6,9.59,0.009999999999999787,0.1043,24435.17,23431.251,9.528,34691.098,9.8554,44687.3162,10.5265,72800.87,10.554,76803.8999,10.4897,79024.1573,10.5801,73006.6572
167,000551.SZ,20170428,9.55,9.64,9.51,9.59,9.59,0.0,0.0,31648.87,30334.296,9.474,37537.23,9.9315,46479.7815,10.57,75806.4656,10.557,77180.175,10.4921,79320.7705,10.5973,74082.6045
168,000551.SZ,20170427,9.41,9.65,9.22,9.59,9.43,0.16000000000000014,1.6967,57167.97,54117.955,9.484,41457.92,10.0131,47812.8431,10.6035,76691.1353,10.5597,77385.4884,10.4941,79601.175,10.6132,74473.1271
169,000551.SZ,20170426,9.44,9.48,9.33,9.43,9.43,0.0,0.0,32206.22,30318.839,9.54,40494.828,10.0869,47959.3915,10.6444,76715.6703,10.5619,77674.9509,10.4951,79544.6083,10.6281,74725.4529
170,000551.SZ,20170425,9.42,9.5,9.32,9.43,9.33,0.09999999999999964,1.0718,27997.26,26338.379,9.67,43201.168,10.1831,49824.5492,10.6929,77916.4306,10.5658,78178.5335,10.4959,79610.735,10.6431,75145.0055
171,000551.SZ,20170424,9.6,9.65,9.33,9.33,9.64,-0.3100000000000005,-3.2158,38665.83,36475.249,9.806,44689.628,10.2762,50930.9069,10.7409,79124.3771,10.5697,78411.8492,10.4973,79775.1408,10.6593,75927.2289
172,000551.SZ,20170421,9.87,9.97,9.6,9.64,9.87,-0.22999999999999865,-2.3303,51252.32,50027.695,10.0,44766.488,10.3785,51836.6277,10.7856,79676.8112,10.5751,78592.3939,10.5001,79854.2556,10.6743,76139.3004
173,000551.SZ,20170420,10.09,10.14,9.76,9.87,10.08,-0.21000000000000085,-2.0833,52352.51,52018.738,10.146,49570.764,10.4385,53299.2954,10.8232,80541.4559,10.5779,79175.5349,10.5011,79975.1359,10.6843,75940.1996
174,000551.SZ,20170419,10.05,10.11,9.88,10.08,10.11,-0.02999999999999936,-0.2967,45737.92,45698.224,10.328,53041.792,10.4808,60200.6415,10.8544,81492.4056,10.5829,79698.9122,10.4993,79876.0296,10.6913,75819.7037
175,000551.SZ,20170418,10.32,10.38,10.06,10.11,10.3,-0.19000000000000128,-1.8447,35439.56,36280.078,10.43,53441.652,10.5554,62869.6377,10.8768,81377.5091,10.5867,80472.8029,10.4973,79947.4608,10.6936,75772.5844
176,000551.SZ,20170417,10.4,10.48,10.23,10.3,10.37,-0.06999999999999851,-0.675,39050.13,40450.064,10.538,56149.474,10.6338,68500.6054,10.8956,81810.9968,10.59,82049.3797,10.4953,80189.8634,10.6975,75740.3959
177,000551.SZ,20170414,10.7,10.75,10.32,10.37,10.78,-0.41000000000000014,-3.8033,75273.7,79182.487,10.588,60154.068,10.7262,74491.1877,10.9135,82230.6809,10.5914,83014.9637,10.4907,80128.6834,10.6991,75909.9737
178,000551.SZ,20170413,10.58,10.82,10.55,10.78,10.59,0.1899999999999995,1.7941,69707.65,74864.285,10.65,56389.982,10.7992,76723.4838,10.9274,81773.1256,10.59,83038.9036,10.4853,79978.313,10.6992,75565.3747
179,000551.SZ,20170412,10.66,10.77,10.55,10.59,10.65,-0.0600000000000005,-0.5634,47737.22,50937.068,10.622,50924.434,10.8508,83423.9831,10.9315,81692.9221,10.5847,82992.321,10.4784,79879.7634,10.694,75542.468
180,000551.SZ,20170411,10.54,10.65,10.48,10.65,10.55,0.09999999999999964,0.9479,48978.67,51758.577,10.636,51465.03,10.9054,91201.75,10.9397,81908.65,10.5814,83205.1514,10.4737,80020.6812,10.6881,75364.1823
181,000551.SZ,20170410,10.64,10.72,10.47,10.55,10.68,-0.129999999999999,-1.2172,59073.1,62703.175,10.59,55722.696,10.9523,94760.1354,10.9471,82963.7579,10.5776,83222.1097,10.4681,80581.0649,10.6795,75291.4364
182,000551.SZ,20170407,10.66,10.77,10.57,10.68,10.64,0.03999999999999915,0.3759,56453.27,60215.034,10.564,72322.078,11.0077,99836.2808,10.9518,83605.3285,10.5748,83399.3382,10.4657,80659.7775,10.6696,74945.5159
183,000551.SZ,20170406,10.67,10.72,10.62,10.64,10.66,-0.019999999999999574,-0.1876,42379.91,45192.203,10.638,77118.398,11.0223,105794.5092,10.9559,84967.7997,10.5718,83840.1993,10.4618,80668.3524,10.658,74665.8751
184,000551.SZ,20170405,10.48,10.68,10.41,10.66,10.42,0.2400000000000002,2.3033,50440.2,53412.607,10.736,90370.844,11.06,110754.5208,10.9526,85656.8935,10.5676,83991.0832,10.4574,81170.8709,10.6457,75038.5077
185,000551.SZ,20170331,10.47,10.52,10.3,10.42,10.42,0.0,0.0,70267.0,73300.662,10.904,103668.344,11.0762,111139.85,10.9535,85832.3815,10.5624,84040.3179,10.4547,81334.596,10.6432,74786.0259
186,000551.SZ,20170330,11.0,11.04,10.42,10.42,11.05,-0.6300000000000008,-5.7014,142070.01,151865.489,11.084,110473.654,11.1162,110711.8885,10.9624,86150.6606,10.5596,83911.6115,10.4534,81408.7253,10.6441,74393.8755
187,000551.SZ,20170329,11.13,11.26,11.05,11.05,11.13,-0.08000000000000007,-0.7188,80434.87,89703.347,11.29,113422.48,11.1669,105915.0069,10.9662,84361.7253,10.5563,83287.8703,10.4525,81207.8021,10.6465,73204.8072
188,000551.SZ,20170328,11.37,11.4,11.1,11.13,11.5,-0.3699999999999992,-3.2174,108642.14,122036.798,11.34,127105.144,11.1692,109468.1262,10.9529,84973.0088,10.5485,83123.2477,10.4488,81648.4417,10.6375,72505.3963
189,000551.SZ,20170327,11.3,11.55,11.23,11.5,11.32,0.17999999999999972,1.5901,116927.7,133526.491,11.366,124424.252,11.1385,105859.3185,10.9303,84101.0418,10.541,82753.3783,10.4433,81503.4291,10.6273,71655.9764
190,000551.SZ,20170324,11.36,11.53,11.21,11.32,11.45,-0.129999999999999,-1.1354,104293.55,118361.586,11.32,126051.31,11.0985,101326.5846,10.8953,82618.2994,10.5303,82370.4587,10.4355,81391.1882,10.6116,71060.4067
191,000551.SZ,20170323,11.25,11.46,10.97,11.45,11.3,0.14999999999999858,1.3274,156814.14,176296.915,11.23,131974.648,11.08,98921.8554,10.8644,81616.5268,10.521,82267.0128,10.429,81674.6914,10.6028,70306.4125
192,000551.SZ,20170322,11.22,11.39,10.97,11.3,11.26,0.040000000000000924,0.3552,148848.19,166887.735,11.166,121983.832,11.05,92172.1092,10.825,78091.2838,10.511,81695.8228,10.4213,81881.6725,10.5925,69057.136
193,000551.SZ,20170321,11.24,11.31,11.15,11.26,11.27,-0.009999999999999787,-0.0887,95237.68,106849.778,11.08,103304.09,11.0154,85141.3708,10.7941,74563.1765,10.5015,81211.0245,10.4156,82678.2138,10.5857,68294.2336
194,000551.SZ,20170320,10.91,11.28,10.84,11.27,10.87,0.40000000000000036,3.6799,125062.99,138418.315,11.016,97197.254,10.9892,84019.26,10.7635,72840.4126,10.491,80880.2642,10.4112,84868.4308,10.5844,68528.7925
195,000551.SZ,20170317,11.11,11.27,10.81,10.87,11.13,-0.26000000000000156,-2.336,133910.24,148392.625,10.978,88126.766,10.9631,80913.2454,10.7326,70186.7921,10.4792,80313.0326,10.4043,84216.9385,10.5811,68116.4215
196,000551.SZ,20170316,10.86,11.14,10.86,11.13,10.87,0.26000000000000156,2.3919,106860.06,118206.202,11.02,86669.802,10.9608,73830.2608,10.7153,67918.0688,10.4709,79770.4743,10.3943,83756.7651,10.5812,67483.5732
197,000551.SZ,20170315,10.93,10.99,10.78,10.87,10.94,-0.07000000000000028,-0.6399,55449.48,60061.141,10.94,77643.318,10.9315,69470.1131,10.6871,66442.0924,10.4617,79389.7533,10.3826,83583.4644,10.58,67157.9957
198,000551.SZ,20170314,11.05,11.1,10.93,10.94,11.08,-0.14000000000000057,-1.2635,64703.5,71217.8,10.962,78153.854,10.9346,69306.26,10.6606,66044.2332,10.4542,79502.4727,10.3725,83696.2311,10.5839,67392.9672
199,000551.SZ,20170313,11.06,11.12,10.9,11.08,11.08,0.0,0.0,79710.55,87884.895,10.99,79819.568,10.9269,68922.6692,10.6338,65667.3909,10.4448,79300.3898,10.3614,83964.6128,10.5851,67359.4671
200,000551.SZ,20170310,10.75,11.18,10.73,11.08,10.73,0.34999999999999964,3.2619,126625.42,139649.55,10.986,77690.946,10.9146,67943.4523,10.605,65068.5229,10.4355,79148.3011,10.3495,84133.3198,10.584,67193.2229
201,000551.SZ,20170309,10.95,10.95,10.7,10.73,10.98,-0.25,-2.2769,61727.64,66653.392,10.94,63855.58,10.8985,62439.3408,10.5732,64446.0926,10.4263,78799.5524,10.3354,83855.8822,10.5824,66774.2059
202,000551.SZ,20170308,11.08,11.1,10.9,10.98,11.08,-0.09999999999999964,-0.9025,58002.16,63630.455,10.978,67640.1,10.9115,64218.1638,10.5603,64977.5571,10.418,78570.2682,10.3227,83811.3291,10.5876,67322.3728
203,000551.SZ,20170307,11.07,11.17,10.97,11.08,11.06,0.019999999999999574,0.1808,73032.07,80851.071,10.968,72976.628,10.8908,65978.4977,10.5491,65456.9756,10.4074,78513.733,10.3084,83791.7315,10.5899,67733.2867
204,000551.SZ,20170306,10.83,11.09,10.83,11.06,10.85,0.21000000000000085,1.9355,69067.44,75783.097,10.92,66736.502,10.8708,68266.5915,10.5429,65214.3182,10.3972,78374.9879,10.293,83633.2083,10.5921,68638.4399
205,000551.SZ,20170303,10.94,10.94,10.75,10.85,10.92,-0.07000000000000028,-0.641,57448.59,62383.144,10.858,62958.642,10.83,68015.95,10.5391,66176.3826,10.3885,78392.244,10.2777,83467.9657,10.594,69470.6123
206,000551.SZ,20170302,10.98,11.15,10.85,10.92,10.93,-0.009999999999999787,-0.0915,80650.24,88741.744,10.87,62132.802,10.8177,67935.8115,10.5494,69868.1676,10.3805,78991.0977,10.2642,83414.409,10.598,71416.4064
207,000551.SZ,20170301,10.81,11.05,10.78,10.93,10.84,0.08999999999999986,0.8303,84684.8,92803.726,10.854,57946.118,10.8023,67969.5231,10.5562,72756.3574,10.3751,78933.6344,10.2497,83158.7498,10.5973,71963.0248
208,000551.SZ,20170228,10.78,10.86,10.7,10.84,10.75,0.08999999999999986,0.8372,41831.44,45211.016,10.852,54405.304,10.7731,67705.0162,10.555,73357.7226,10.3688,78747.6458,10.2346,82920.4611,10.5985,72725.4131
209,000551.SZ,20170227,10.91,10.98,10.73,10.75,10.91,-0.16000000000000014,-1.4665,50178.14,54499.486,10.858,57053.41,10.7546,72273.2523,10.5532,73919.6821,10.3622,79341.2159,10.22,83073.0247,10.6011,74169.8331
210,000551.SZ,20170224,10.8,10.92,10.77,10.91,10.84,0.07000000000000028,0.6458,53319.39,57933.133,10.888,63988.25,10.7246,74489.9538,10.5521,74681.8665,10.3585,79535.1853,10.208,83061.1977,10.6039,75993.1091
211,000551.SZ,20170223,10.88,10.92,10.7,10.84,10.92,-0.08000000000000007,-0.7326,59716.82,64503.749,10.848,69501.672,10.6785,75504.9592,10.5415,74986.3744,10.3535,79739.876,10.1953,83036.5489,10.6052,79850.8769
212,000551.SZ,20170222,10.88,10.97,10.82,10.92,10.87,0.05000000000000071,0.46,66980.73,73020.414,10.844,78113.766,10.6346,76313.9177,10.5359,75778.9391,10.3495,80075.9675,10.1817,82951.1636,10.6,80085.3473
213,000551.SZ,20170221,10.9,10.92,10.82,10.87,10.9,-0.030000000000001137,-0.2752,55071.97,59799.461,10.766,77879.44,10.5723,74004.3138,10.5221,75413.9526,10.346,80686.5385,10.1687,82994.8076,10.5939,80177.6257
214,000551.SZ,20170220,10.63,10.9,10.63,10.9,10.71,0.1899999999999995,1.774,84852.34,91485.959,10.73,78146.404,10.5246,71990.5115,10.5079,74862.4171,10.3414,80888.3652,10.1574,83198.193,10.5876,80398.7924
215,000551.SZ,20170217,10.8,10.87,10.6,10.71,10.82,-0.10999999999999943,-1.0166,80886.5,86718.889,10.694,77393.634,10.4723,68283.6938,10.4932,73640.74,10.3365,80979.3836,10.1473,83218.4565,10.5807,80477.7192
216,000551.SZ,20170216,10.53,10.85,10.53,10.82,10.53,0.2900000000000009,2.754,102777.29,110479.895,10.662,77465.576,10.4346,64741.6469,10.4797,72503.0185,10.3331,81474.655,10.1409,83498.5018,10.5792,80260.1069
217,000551.SZ,20170215,10.63,10.71,10.47,10.53,10.69,-0.16000000000000014,-1.4967,65809.1,69835.877,10.618,77153.82,10.3931,61202.9054,10.4674,70451.4929,10.3284,82092.8263,10.1345,83982.986,10.5773,80004.2043
218,000551.SZ,20170214,10.73,10.76,10.59,10.69,10.72,-0.030000000000001137,-0.2799,56406.79,60156.86,10.584,79791.052,10.3654,60500.4254,10.4641,70038.5332,10.327,83604.3164,10.1294,84261.2656,10.5797,80676.7587
219,000551.SZ,20170213,10.58,10.72,10.5,10.72,10.55,0.16999999999999993,1.6114,81088.49,86344.829,10.508,81812.586,10.31,59386.2315,10.455,69833.2974,10.3258,86444.4383,10.1222,84416.6985,10.5789,81321.1724
220,000551.SZ,20170210,10.56,10.67,10.5,10.55,10.6,-0.049999999999998934,-0.4717,81246.21,85824.115,10.418,79641.544,10.2569,57140.26,10.4453,69448.0374,10.3215,85985.2182,10.115,84561.8528,10.5741,81298.6956
221,000551.SZ,20170209,10.38,10.6,10.35,10.6,10.36,0.2400000000000002,2.3166,101218.51,106439.212,10.33,70783.478,10.2223,55455.8623,10.4335,68069.2015,10.312,85810.876,10.1063,84327.1851,10.5729,81670.3167
222,000551.SZ,20170208,10.28,10.37,10.11,10.36,10.31,0.049999999999998934,0.485,78995.26,81047.207,10.26,56318.284,10.1762,55782.3454,10.4159,66372.2668,10.302,85646.6658,10.0976,84183.2396,10.5705,81350.6257
223,000551.SZ,20170207,10.28,10.31,10.2,10.31,10.27,0.040000000000000924,0.3895,66514.46,68152.341,10.232,47851.974,10.1708,55844.0508,10.3997,65023.2609,10.2937,85615.4977,10.0903,84167.1195,10.5713,81547.1168
224,000551.SZ,20170206,10.23,10.27,10.15,10.27,10.11,0.16000000000000014,1.5826,70233.28,71760.127,10.214,41517.06,10.1931,56443.1223,10.385,64110.4888,10.285,85917.8974,10.0838,84162.378,10.57,81616.3403
225,000551.SZ,20170203,10.27,10.27,10.09,10.11,10.25,-0.14000000000000057,-1.3659,36955.88,37520.129,10.216,38825.134,10.2392,56023.7715,10.3688,64113.2559,10.2767,86181.7081,10.076,84095.0688,10.5703,81553.408
226,000551.SZ,20170126,10.24,10.31,10.21,10.25,10.22,0.02999999999999936,0.2935,28892.54,29640.331,10.228,42769.33,10.3023,61010.06,10.3794,63952.9082,10.2669,86478.8094,10.0701,84199.8386,10.5725,82103.6968
227,000551.SZ,20170125,10.22,10.28,10.17,10.22,10.22,0.0,0.0,36663.71,37481.183,10.172,45375.276,10.3754,72862.1169,10.3865,64304.7665,10.2553,86654.5429,10.0631,84584.8347,10.5719,82437.4531
228,000551.SZ,20170124,10.3,10.3,10.14,10.22,10.28,-0.05999999999999872,-0.5837,34839.89,35590.62,10.134,48420.706,10.4469,83799.4231,10.3976,64782.0071,10.2438,86779.7267,10.0577,85403.8668,10.5721,82960.2423
229,000551.SZ,20170123,10.17,10.36,10.16,10.28,10.17,0.10999999999999943,1.0816,56773.65,58365.766,10.11,53322.536,10.4985,89206.4485,10.4021,64580.2176,10.2317,86858.9056,10.0542,85742.2338,10.5715,83627.0121
230,000551.SZ,20170120,9.97,10.25,9.86,10.17,9.97,0.1999999999999993,2.006,56676.86,57476.524,10.054,63060.364,10.5369,89526.7877,10.4047,64232.0412,10.2192,86750.3485,10.0507,85938.5458,10.5667,83598.3329
231,000551.SZ,20170119,10.0,10.11,9.91,9.97,10.03,-0.05999999999999872,-0.5982,41922.27,41988.582,10.078,67684.478,10.5785,91020.2915,10.4091,64690.3679,10.2081,86692.853,10.0492,86396.2479,10.5628,83557.9771
232,000551.SZ,20170118,10.01,10.08,9.9,10.03,10.1,-0.07000000000000028,-0.6931,51890.86,51838.356,10.204,74160.502,10.6231,92693.3985,10.4294,64861.595,10.1976,86661.7527,10.0488,86797.2849,10.5604,83704.0617
233,000551.SZ,20170117,9.9,10.13,9.72,10.1,10.0,0.09999999999999964,1.0,59349.04,59228.894,10.372,76738.674,10.6708,95368.2569,10.4485,65191.8168,10.1861,86609.8302,10.046,87330.5167,10.5571,83746.5569
234,000551.SZ,20170116,10.29,10.44,9.51,10.0,10.29,-0.28999999999999915,-2.8183,105462.79,106697.204,10.538,85224.392,10.6977,95000.73,10.4688,66141.2718,10.1742,86667.2305,10.0419,87534.6647,10.5519,84078.1356
235,000551.SZ,20170113,10.58,10.64,10.29,10.29,10.6,-0.3100000000000005,-2.9245,79797.43,83327.712,10.778,100725.69,10.7277,89682.0354,10.5029,66357.9426,10.1653,86269.429,10.0391,87579.3301,10.5508,83556.5259
236,000551.SZ,20170112,10.85,10.94,10.58,10.6,10.87,-0.2699999999999996,-2.4839,74302.39,79935.243,10.95,120535.942,10.7362,86875.7192,10.5244,66779.6406,10.1547,86056.6257,10.0324,87651.3588,10.5473,83540.8105
237,000551.SZ,20170111,10.87,11.02,10.84,10.87,10.93,-0.0600000000000005,-0.5489,64781.72,70782.046,11.008,126701.708,10.7092,84406.61,10.5326,67136.8238,10.1404,85855.1278,10.0251,88064.7881,10.5391,83366.2987
238,000551.SZ,20170110,11.12,11.23,10.88,10.93,11.2,-0.2699999999999996,-2.4107,101777.63,111932.888,10.99,125932.976,10.6731,81963.8177,10.5376,67656.2365,10.1255,85921.6199,10.0176,88494.5427,10.5263,83820.55
239,000551.SZ,20170109,11.47,11.69,11.03,11.2,11.15,0.049999999999998934,0.4484,182969.28,206147.425,10.946,120795.932,10.6338,78116.9592,10.5444,66811.9632,10.1118,85835.9703,10.0085,88824.8382,10.5136,83859.8097
240,000551.SZ,20170106,11.0,11.38,10.85,11.15,10.89,0.2599999999999998,2.3875,178848.69,198995.208,10.816,96936.608,10.5708,67844.6123,10.5394,63259.6606,10.0979,85178.3842,9.9956,88304.3127,10.4976,82241.4824
241,000551.SZ,20170105,10.76,11.21,10.7,10.89,10.78,0.11000000000000121,1.0204,105131.22,115431.166,10.716,78499.674,10.5123,59316.9938,10.535,59977.1179,10.0874,84826.7555,9.9833,88122.2018,10.4836,80719.0233
242,000551.SZ,20170104,10.7,10.86,10.63,10.78,10.71,0.06999999999999851,0.6536,60938.06,65601.139,10.628,68387.668,10.4554,53873.4992,10.5371,59684.9979,10.0793,85379.0047,9.9712,88100.7929,10.4724,81120.2687
243,000551.SZ,20170103,10.6,10.81,10.56,10.71,10.55,0.16000000000000014,1.5166,76092.41,81515.538,10.55,63464.008,10.3954,52533.8585,10.5471,60917.4126,10.0716,85739.4235,9.9579,88595.146,10.4699,82010.6792
244,000551.SZ,20161230,10.58,10.6,10.47,10.55,10.65,-0.09999999999999964,-0.939,63672.66,67097.333,10.488,56908.59,10.3262,49228.9854,10.56,61291.7741,10.063,85785.1355,9.9474,88873.4031,10.4688,83091.8228
245,000551.SZ,20161229,10.43,10.66,10.37,10.65,10.45,0.20000000000000107,1.9139,86664.02,91349.13,10.428,52614.852,10.2692,47060.3354,10.5806,63563.7124,10.0558,86076.4335,9.9379,88934.0551,10.4692,85742.4089
246,000551.SZ,20161228,10.4,10.47,10.28,10.45,10.39,0.05999999999999872,0.5775,54571.19,56673.11,10.378,41887.132,10.1977,45803.6692,10.5968,64881.8403,10.0449,85763.4012,9.9274,89217.2166,10.4672,86961.4783
247,000551.SZ,20161227,10.4,10.51,10.31,10.39,10.4,-0.009999999999999787,-0.0962,36319.76,37807.663,10.372,41326.588,10.1992,44029.2746,10.6174,69258.6626,10.0357,85918.4049,9.9186,89505.3929,10.4635,87283.4764
248,000551.SZ,20161226,10.25,10.4,10.01,10.4,10.25,0.15000000000000036,1.4634,43315.32,44299.164,10.37,43948.39,10.2069,44378.1946,10.6315,71768.2762,10.0269,86195.8437,9.9099,90047.5493,10.4585,87639.2096
249,000551.SZ,20161223,10.36,10.55,10.25,10.25,10.4,-0.15000000000000036,-1.4423,42203.97,43934.424,10.368,48883.256,10.2223,45114.7,10.6497,74666.7644,10.0187,86351.3843,9.9012,90601.3865,10.4547,88106.8027
250,000551.SZ,20161222,10.43,10.5,10.34,10.4,10.42,-0.019999999999999574,-0.1919,33025.42,34318.083,10.348,47315.62,10.2315,44020.4754,10.6726,77842.0282,10.0097,86467.0374,9.8922,91107.876,10.4528,88229.692
251,000551.SZ,20161221,10.4,10.52,10.33,10.42,10.38,0.03999999999999915,0.3854,51768.47,53996.034,10.268,49415.082,10.2292,44936.6469,10.6891,82368.4524,10.0006,86617.2912,9.8803,91513.5514,10.4493,88917.2731
252,000551.SZ,20161220,10.32,10.49,10.2,10.38,10.39,-0.009999999999999787,-0.0962,49428.77,51106.014,10.146,45687.2,10.2215,46512.9162,10.7065,90923.8497,9.9913,86910.2663,9.8664,91617.2927,10.4471,89826.1904
253,000551.SZ,20161219,10.19,10.57,10.06,10.39,10.15,0.2400000000000002,2.3645,67989.65,69964.93,10.032,42897.488,10.2431,46383.3177,10.7085,91743.6535,9.9838,87782.8453,9.8536,91779.9018,10.4425,90021.9027
254,000551.SZ,20161216,10.0,10.22,10.0,10.15,10.0,0.15000000000000036,1.5,34365.79,34883.015,9.898,43365.03,10.2654,46008.6062,10.7106,91917.5347,9.9785,87949.7499,9.8405,91902.4491,10.436,89882.4407
255,000551.SZ,20161215,9.78,10.09,9.77,10.0,9.81,0.1899999999999995,1.9368,43522.73,43372.916,9.962,42792.684,10.3146,50413.5846,10.7179,93014.4076,9.9753,88335.754,9.8269,91976.5048,10.4343,90114.0071
256,000551.SZ,20161214,9.77,9.9,9.72,9.81,9.81,0.0,0.0,33129.06,32550.772,10.06,42259.282,10.4038,55744.8823,10.7291,94404.0876,9.9748,88964.2664,9.8147,92086.2015,10.4336,90230.3877
257,000551.SZ,20161213,9.69,9.88,9.69,9.81,9.72,0.08999999999999986,0.9259,35480.21,34790.95,10.218,46211.448,10.4969,60437.6592,10.7524,95328.6912,9.9753,89495.9917,9.8048,92266.1486,10.4351,90545.0565
258,000551.SZ,20161212,10.46,10.53,9.7,9.72,10.47,-0.75,-7.1633,70327.36,70998.766,10.33,44711.216,10.5792,64358.1523,10.7779,96743.5259,9.9737,90235.7615,9.796,92609.2002,10.4384,90810.3997
259,000551.SZ,20161209,10.49,10.55,10.45,10.47,10.49,-0.019999999999999574,-0.1907,31504.06,33084.809,10.46,39632.874,10.6808,65290.0285,10.8071,98094.2118,9.9715,90399.1134,9.7879,92678.1336,10.4416,90696.5319
260,000551.SZ,20161208,10.62,10.64,10.45,10.49,10.6,-0.10999999999999943,-1.0377,40855.72,43014.42,10.43,47784.056,10.7338,68487.5885,10.8118,100248.1459,9.9649,90965.1356,9.7738,93238.9909,10.4351,91468.4423
261,000551.SZ,20161207,10.35,10.64,10.35,10.6,10.37,0.23000000000000043,2.2179,52889.89,55707.043,10.464,49161.71,10.7754,70128.7631,10.8079,101381.8815,9.9556,91320.0977,9.7614,93637.5026,10.4285,91917.8699
262,000551.SZ,20161206,10.36,10.46,10.34,10.37,10.37,0.0,0.0,27979.05,29094.39,10.48,51207.412,10.8062,71232.79,10.8038,103035.6432,9.9471,91954.0009,9.7478,93971.8832,10.4196,92266.5011
263,000551.SZ,20161205,10.21,10.5,10.21,10.37,10.32,0.049999999999998934,0.4845,44935.65,46534.962,10.564,63937.704,10.8515,76403.5662,10.8053,104484.5444,9.9417,92713.9397,9.7326,94242.0334,10.4115,92528.2231
264,000551.SZ,20161202,10.66,10.69,10.32,10.32,10.66,-0.33999999999999986,-3.1895,72259.97,75796.829,10.722,77516.494,10.9092,80857.7592,10.8068,105919.7338,9.935,93496.3142,9.7159,94580.5621,10.4007,92507.5029
265,000551.SZ,20161201,10.7,10.8,10.6,10.66,10.68,-0.019999999999999574,-0.1873,47743.99,51040.408,10.862,81891.532,10.9731,82131.6615,10.8035,105903.4471,9.926,93654.2344,9.7024,94685.7386,10.3921,92287.7945
266,000551.SZ,20161130,10.8,10.85,10.65,10.68,10.79,-0.10999999999999943,-1.0195,63118.4,67673.502,10.906,89632.058,11.0185,89298.9362,10.7926,106426.0756,9.9149,94350.9563,9.6869,95270.528,10.3807,92345.0244
267,000551.SZ,20161129,11.16,11.17,10.72,10.79,11.16,-0.370000000000001,-3.3154,91630.51,100754.234,10.978,93496.728,11.0585,94557.5492,10.7809,106870.4621,9.9022,94617.5862,9.6765,95501.7204,10.3689,92459.1935
268,000551.SZ,20161128,11.04,11.27,10.97,11.16,11.02,0.14000000000000057,1.2704,112829.6,126065.93,11.052,89785.094,11.0862,103153.9062,10.7635,105761.4547,9.8865,94984.6226,9.6655,95660.094,10.3528,91712.1675
269,000551.SZ,20161125,10.89,11.05,10.64,11.02,10.88,0.1399999999999988,1.2868,94135.16,102399.64,11.026,79657.372,11.0638,103832.1385,10.7365,104674.4929,9.871,95056.0688,9.6518,95566.2359,10.3339,90978.5699
270,000551.SZ,20161124,11.06,11.11,10.84,10.88,11.04,-0.15999999999999837,-1.4493,86446.62,95137.88,11.022,74278.788,11.0638,107503.5815,10.7115,104401.3303,9.8567,94915.7056,9.6377,95406.4398,10.3171,90742.1757
271,000551.SZ,20161123,11.14,11.17,11.03,11.04,11.16,-0.120000000000001,-1.0753,82441.75,91368.508,11.038,76029.292,11.0754,112404.8369,10.6832,103465.3329,9.8427,95249.5367,9.6244,95462.6055,10.2991,89972.3637
272,000551.SZ,20161122,11.04,11.17,11.03,11.16,11.03,0.13000000000000078,1.1786,73072.34,81111.337,11.054,80108.974,11.0692,120441.9208,10.6491,102618.5218,9.8283,95394.1981,9.6108,95704.4028,10.2779,89537.9549
273,000551.SZ,20161121,10.96,11.08,10.95,11.03,11.0,0.02999999999999936,0.2727,62190.99,68591.102,11.052,83258.646,11.0577,141178.8162,10.6088,102024.5888,9.8128,95775.2526,9.5954,95933.7952,10.2573,89271.0275
274,000551.SZ,20161118,10.97,11.09,10.93,11.0,10.96,0.03999999999999915,0.365,67242.24,74155.682,11.096,99004.16,11.0131,142341.2092,10.5721,101815.3832,9.7982,96294.161,9.5784,96083.2673,10.2409,89395.8452
275,000551.SZ,20161117,11.17,11.17,10.9,10.96,11.12,-0.15999999999999837,-1.4388,95199.14,104415.543,11.136,111851.786,10.9715,142853.4685,10.5341,102314.6538,9.7824,96714.7059,9.5614,96035.8867,10.2236,90415.0623
276,000551.SZ,20161116,11.15,11.32,11.07,11.12,11.15,-0.030000000000001137,-0.2691,102840.16,115252.526,11.174,133488.588,10.9285,141042.7246,10.5035,101465.9162,9.7645,96759.049,9.5457,95945.034,10.2128,90110.7475
277,000551.SZ,20161115,11.26,11.29,11.05,11.15,11.25,-0.09999999999999964,-0.8889,88820.7,98826.253,11.124,137249.88,10.8715,140114.3931,10.4715,100753.5226,9.7433,96526.1365,9.5284,95760.0954,10.198,89511.5777
278,000551.SZ,20161114,11.23,11.41,11.12,11.25,11.2,0.05000000000000071,0.4464,140918.56,158338.888,11.098,147858.524,10.8292,138248.6146,10.4371,99941.5609,9.7229,96443.4212,9.5101,95761.7327,10.1813,90024.7089
279,000551.SZ,20161111,11.14,11.27,11.0,11.2,11.15,0.049999999999998934,0.4484,131480.37,146394.582,11.054,149707.4,10.7854,133838.3092,10.3976,98704.2671,9.7016,96080.7933,9.4889,95338.8561,10.1675,89187.258
280,000551.SZ,20161110,10.97,11.26,10.95,11.15,10.87,0.28000000000000114,2.5759,203383.15,226350.299,11.006,160796.094,10.7477,132666.7946,10.3618,97917.2594,9.6784,95493.2992,9.4683,95077.2744,10.1541,88538.1176
281,000551.SZ,20161109,11.05,11.08,10.74,10.87,11.02,-0.15000000000000036,-1.3612,121646.62,132599.054,10.978,188649.86,10.7077,125078.6923,10.3279,93747.0118,9.6561,94511.8986,9.4458,94290.6348,10.1423,87267.8623
282,000551.SZ,20161108,11.01,11.23,10.99,11.02,11.03,-0.009999999999999787,-0.0907,141863.92,157195.805,10.894,179780.956,10.6685,121829.1623,10.3053,92071.06,9.6371,94108.3813,9.4275,94212.1797,10.1363,87711.28
283,000551.SZ,20161107,10.97,11.15,10.9,11.03,10.96,0.06999999999999851,0.6387,150162.94,165487.252,10.782,166188.494,10.6254,119310.2292,10.2768,91875.7865,9.6184,93772.2147,9.4089,93973.3822,10.1253,86941.5613
284,000551.SZ,20161104,11.0,11.05,10.77,10.96,11.01,-0.049999999999998934,-0.4541,186923.84,203538.18,10.656,150487.8,10.5785,113700.9023,10.2638,91215.6662,9.5998,93298.7019,9.3954,93573.9698,10.1141,86245.5087
285,000551.SZ,20161103,10.41,11.33,10.41,11.01,10.45,0.5600000000000005,5.3589,342651.98,376778.091,10.54,131257.402,10.5369,106532.3062,10.2541,90340.7938,9.5798,92877.6263,9.3814,92944.8521,10.1043,85782.5985
286,000551.SZ,20161102,10.45,10.6,10.4,10.45,10.46,-0.010000000000001563,-0.0956,77302.1,81224.255,10.458,75640.122,10.4754,85690.3246,10.2415,87982.4009,9.5617,91249.5167,9.3664,91524.6372,10.0928,83771.1583
287,000551.SZ,20161101,10.41,10.49,10.36,10.46,10.4,0.0600000000000005,0.5769,73901.61,76957.726,10.504,76896.62,10.4631,84783.4985,10.2429,90946.875,9.5467,91472.4202,9.357,91656.6339,10.0912,86519.9792
288,000551.SZ,20161031,10.38,10.4,10.23,10.4,10.38,0.019999999999999574,0.1927,71659.47,73982.312,10.554,85366.434,10.4492,85116.2623,10.2344,91088.6232,9.5283,91470.5649,9.348,91920.7943,10.092,91739.7489
289,000551.SZ,20161028,10.64,10.67,10.33,10.38,10.6,-0.21999999999999886,-2.0755,90771.85,94834.8506,10.6,91982.104,10.4338,83752.0154,10.2232,90833.9256,9.5084,91682.2837,9.337,92126.0978,10.088,90983.7667
290,000551.SZ,20161027,10.66,10.73,10.54,10.6,10.68,-0.08000000000000007,-0.7491,64565.58,68522.8349,10.596,89708.28,10.4231,82605.9423,10.2153,90469.6006,9.4922,91677.1653,9.3247,92208.2802,10.072,90522.0212
291,000551.SZ,20161026,10.76,10.78,10.53,10.68,10.71,-0.030000000000001137,-0.2801,83584.59,88931.661,10.568,98618.722,10.39,84166.1,10.2009,90082.9856,9.4744,92246.6641,9.3154,92467.0998,10.0528,90695.4433
292,000551.SZ,20161025,10.62,10.83,10.57,10.71,10.63,0.08000000000000007,0.7526,116250.68,124494.8077,10.516,97350.142,10.3315,81938.2631,10.185,90112.6741,9.4622,92375.8677,9.3038,92437.888,10.0325,90574.4095
293,000551.SZ,20161024,10.33,10.65,10.31,10.63,10.36,0.27000000000000135,2.6062,104737.82,110266.8686,10.458,92846.424,10.2677,77122.8392,10.1715,90221.1032,9.4499,92390.7633,9.296,92384.5172,10.0105,90491.8672
294,000551.SZ,20161021,10.44,10.52,10.25,10.36,10.46,-0.10000000000000142,-0.956,79402.73,82238.9004,10.374,86240.104,10.2031,73133.67,10.1541,89026.0847,9.4374,92336.8034,9.2883,92525.7288,9.9897,90538.3232
295,000551.SZ,20161020,10.43,10.65,10.43,10.46,10.42,0.040000000000000924,0.3839,109117.79,114990.7623,10.36,83462.23,10.1585,71262.5369,10.1406,88382.7691,9.4255,92251.5734,9.2884,92693.5947,9.9677,90542.7997
296,000551.SZ,20161019,10.49,10.54,10.36,10.42,10.42,0.0,0.0,77241.69,80633.8406,10.324,77284.18,10.1008,69347.1254,10.1276,86694.9891,9.4128,92160.0515,9.2878,92246.5691,9.9427,89810.5381
297,000551.SZ,20161018,10.2,10.45,10.17,10.42,10.21,0.20999999999999908,2.0568,93732.09,97144.5039,10.28,72620.694,10.0623,68508.6923,10.1138,85959.9771,9.4011,92479.939,9.2941,92391.8056,9.9179,89509.8512
298,000551.SZ,20161017,10.28,10.34,10.18,10.21,10.29,-0.0799999999999983,-0.7775,71706.22,73647.5543,10.244,69048.856,10.0323,67346.13,10.0991,84871.6574,9.3882,92605.686,9.2988,92830.6959,9.8919,88876.6453
299,000551.SZ,20161014,10.25,10.34,10.2,10.29,10.28,0.009999999999999787,0.0973,65513.36,67198.1308,10.236,71677.138,10.0146,66539.0362,10.0947,84391.5024,9.374,92715.0301,9.3088,93026.375,9.8688,88469.1149
300,000551.SZ,20161013,10.27,10.35,10.22,10.28,10.2,0.08000000000000007,0.7843,78227.54,80434.9174,10.162,69499.008,9.9854,69103.4369,10.085,84281.9115,9.359,92671.4298,9.3262,93562.1654,9.8459,88240.9035
301,000551.SZ,20161012,10.2,10.27,10.14,10.2,10.24,-0.040000000000000924,-0.3906,53924.26,54932.45,10.082,64583.534,9.9623,71141.4808,10.0762,84610.435,9.3453,92682.6624,9.3457,93928.3477,9.8217,87697.1207
302,000551.SZ,20161011,10.15,10.29,10.15,10.24,10.17,0.07000000000000028,0.6883,75872.9,77560.4961,10.0,64374.406,9.9469,71731.5169,10.0703,85217.4506,9.3313,92805.3101,9.3623,94192.3324,9.7973,87570.3175
303,000551.SZ,20161010,9.99,10.18,9.96,10.17,9.92,0.25,2.5202,84847.63,85505.3541,9.908,60215.426,9.9362,70869.3138,10.0612,85310.5191,9.3161,92897.147,9.378,94809.3695,9.7725,87460.2079
304,000551.SZ,20160930,9.85,9.98,9.82,9.92,9.88,0.03999999999999915,0.4049,54622.71,54189.494,9.816,60089.388,9.9269,74744.4669,10.0491,84215.2418,9.2988,92790.2358,9.3981,95456.3479,9.7533,86971.2979
305,000551.SZ,20160929,9.79,9.9,9.78,9.88,9.79,0.09000000000000163,0.9193,53650.17,52881.9084,9.816,62433.258,9.9785,80367.2469,10.0385,83884.6221,9.2835,93016.9743,9.4199,96455.6166,9.7377,86898.3784
306,000551.SZ,20160928,9.8,9.82,9.71,9.79,9.78,0.009999999999999787,0.1022,52878.62,51689.281,9.846,67426.98,10.0362,88330.94,10.0326,83947.3182,9.2659,93133.5777,9.4374,96915.0799,9.72,86786.8653
307,000551.SZ,20160927,9.71,9.78,9.61,9.78,9.71,0.06999999999999851,0.7209,55078.0,53441.4158,9.884,69094.056,10.0969,104453.0938,10.0329,83922.5421,9.2519,93519.0575,9.4566,97264.8608,9.7057,87073.2381
308,000551.SZ,20160926,9.92,10.03,9.69,9.71,9.92,-0.20999999999999908,-2.1169,84217.44,83450.8962,9.91,77848.57,10.1523,113915.88,10.0335,84410.8679,9.2388,93841.4822,9.4767,97679.7604,9.6948,87531.4527
309,000551.SZ,20160923,10.1,10.1,9.92,9.92,10.03,-0.10999999999999943,-1.0967,66342.06,66253.1299,9.964,81949.504,10.1877,113493.0808,10.0297,82981.0479,9.2321,93830.6822,9.4982,98248.1536,9.688,87585.5785
310,000551.SZ,20160922,10.0,10.12,10.0,10.03,9.98,0.049999999999998934,0.501,78618.78,79089.5976,9.98,81000.038,10.1954,113235.98,10.0244,82730.0985,9.2228,93929.716,9.5161,98648.6422,9.6841,88410.5399
311,000551.SZ,20160921,9.91,10.02,9.9,9.98,9.91,0.07000000000000028,0.7064,61214.0,61045.446,9.994,78209.134,10.2015,113217.9815,10.0165,82665.005,9.212,94096.5,9.5325,99157.6721,9.6801,89824.3576
312,000551.SZ,20160920,10.03,10.03,9.85,9.91,9.98,-0.07000000000000028,-0.7014,98850.57,98232.5798,10.008,93011.258,10.2115,112464.6485,10.0032,81709.0262,9.2043,94363.1357,9.5479,99827.6612,9.676,90512.6824
313,000551.SZ,20160919,10.05,10.08,9.96,9.98,10.0,-0.019999999999999574,-0.2,104722.11,104808.2822,10.144,98784.914,10.2292,111367.9892,9.9897,80268.1591,9.1975,94499.9006,9.5621,99849.1915,9.6701,90297.0073
314,000551.SZ,20160914,10.01,10.06,9.92,10.0,10.1,-0.09999999999999964,-0.9901,61594.73,61622.2845,10.274,109276.128,10.25,112538.3862,9.9791,78748.4729,9.1875,94511.2454,9.5718,99653.3551,9.6639,90308.9735
315,000551.SZ,20160913,10.16,10.2,10.02,10.1,10.05,0.049999999999998934,0.4975,64664.26,65312.6164,10.39,149450.506,10.2531,112731.6523,9.9732,79041.3432,9.1757,94810.3144,9.5827,99796.8493,9.6516,90042.2087
316,000551.SZ,20160912,10.46,10.46,10.01,10.05,10.59,-0.5399999999999991,-5.0992,135224.62,138261.1023,10.47,172136.498,10.2377,112182.8631,9.9615,81365.4391,9.1683,95113.3828,9.5941,100137.667,9.6387,90205.2416
317,000551.SZ,20160909,10.59,10.77,10.51,10.59,10.63,-0.040000000000000924,-0.3763,127718.85,135824.3675,10.494,160835.784,10.2354,105760.4515,9.9644,79516.9365,9.159,94720.4881,9.6078,100420.2652,9.6263,89419.1927
318,000551.SZ,20160908,10.52,10.63,10.36,10.63,10.58,0.05000000000000071,0.4726,157178.18,164313.2875,10.38,147891.964,10.1862,99955.2538,9.9474,77463.5124,9.1508,94578.2115,9.6185,100138.4974,9.608,88592.4501
319,000551.SZ,20160907,10.84,10.9,10.57,10.58,10.5,0.08000000000000007,0.7619,262466.62,281272.9864,10.276,132133.288,10.1315,92228.4108,9.9259,76584.9053,9.1417,94379.7698,9.6275,99818.6636,9.5856,87281.5145
320,000551.SZ,20160906,10.17,10.55,10.09,10.5,10.17,0.33000000000000007,3.2448,178094.22,184578.2377,10.182,89924.098,10.0915,76298.7438,9.915,71162.6441,9.1403,93305.5022,9.6382,98803.3096,9.5659,84510.786
321,000551.SZ,20160905,10.08,10.25,10.05,10.17,10.02,0.15000000000000036,1.497,78721.05,80092.9203,10.11,71224.054,10.05,67352.0554,9.9062,68359.7212,9.1392,92301.8649,9.6479,98578.1563,9.5469,83388.9548
322,000551.SZ,20160902,10.13,10.13,9.99,10.02,10.11,-0.08999999999999986,-0.8902,62999.75,63331.112,10.126,79467.298,10.0354,68173.3085,9.9088,69224.2197,9.1485,92462.0427,9.6611,99200.1639,9.5353,84673.7427
323,000551.SZ,20160901,10.13,10.21,10.09,10.11,10.11,0.0,0.0,78384.8,79518.6805,10.13,79688.786,10.0338,69062.7731,9.9206,71927.255,9.1567,93190.5483,9.6735,99777.7449,9.5301,85060.7316
324,000551.SZ,20160831,10.15,10.18,10.02,10.11,10.14,-0.030000000000001137,-0.2959,51420.67,51840.6604,10.088,75517.826,10.02,69112.96,9.9232,72096.3791,9.1692,93373.8204,9.6841,100467.8539,9.5245,85214.9392
325,000551.SZ,20160830,10.29,10.35,10.09,10.14,10.25,-0.10999999999999943,-1.0732,84594.0,86155.3562,10.07,75580.346,9.9931,68819.6931,9.9256,73465.1532,9.1908,94100.496,9.7012,101123.1587,9.522,86316.3772
326,000551.SZ,20160829,10.02,10.3,10.02,10.25,10.04,0.21000000000000085,2.0916,119937.27,122360.8652,10.032,69111.802,9.9485,65649.5115,9.9279,75453.7291,9.2147,94486.04,9.7208,101728.5948,9.5187,86651.0907
327,000551.SZ,20160826,9.91,10.08,9.91,10.04,9.9,0.1399999999999988,1.4141,64107.19,64192.1944,9.966,56470.192,9.9046,60714.4785,9.925,77567.1612,9.2338,94337.4317,9.7383,101992.1957,9.5096,86945.3544
328,000551.SZ,20160825,9.99,10.0,9.73,9.9,10.02,-0.11999999999999922,-1.1976,57530.0,56521.78,9.97,54724.944,9.8862,59785.9431,9.9335,84018.8224,9.2537,95143.2997,9.756,102969.0091,9.5011,87341.9257
329,000551.SZ,20160824,9.99,10.08,9.98,10.02,9.95,0.07000000000000028,0.7035,51733.27,51880.87,9.982,55576.398,9.8785,60874.4877,9.9518,96014.5382,9.2791,96092.3065,9.7734,103608.5265,9.4961,88081.6757
330,000551.SZ,20160823,9.92,10.06,9.89,9.95,9.92,0.02999999999999936,0.3024,52251.28,52094.6842,9.974,63109.212,9.8446,59633.7408,9.9541,94932.995,9.304,97285.1248,9.7879,103967.2506,9.4845,88618.1691
331,000551.SZ,20160822,10.07,10.13,9.91,9.92,10.06,-0.14000000000000057,-1.3917,56729.22,56769.8112,9.984,67571.514,9.8285,60061.3177,9.9315,95047.3968,9.324,97834.0706,9.801,104635.1416,9.4768,89843.778
332,000551.SZ,20160819,9.97,10.09,9.96,10.06,9.96,0.09999999999999964,1.004,55380.95,55602.0656,9.986,72033.116,9.8162,61574.8854,9.9091,95660.4268,9.3457,98217.837,9.818,105992.2807,9.4725,90919.5249
333,000551.SZ,20160818,9.95,10.05,9.93,9.96,9.98,-0.019999999999999574,-0.2004,61787.27,61697.2815,9.926,70478.566,9.7754,59523.3292,9.8826,96222.9591,9.3673,98702.664,9.8343,106743.0111,9.4637,92282.4132
334,000551.SZ,20160817,10.01,10.15,9.94,9.98,10.0,-0.019999999999999574,-0.2,89397.34,89692.0286,9.846,66797.44,9.7362,58605.9308,9.8562,97642.7456,9.3908,99525.5017,9.8474,107640.7259,9.4512,92725.256
335,000551.SZ,20160816,9.93,10.05,9.88,10.0,9.93,0.07000000000000028,0.7049,74562.79,74340.4022,9.786,60074.34,9.7085,55810.1954,9.8294,98196.4126,9.4114,99835.4135,9.8628,108801.7631,9.4391,93507.5841
336,000551.SZ,20160815,9.9,9.98,9.77,9.93,9.76,0.16999999999999993,1.7418,79037.23,78256.0163,9.746,55569.028,9.6931,55578.6208,9.7915,98348.6385,9.4308,100460.9832,9.8753,109817.0235,9.4237,93866.9217
337,000551.SZ,20160812,9.55,9.76,9.55,9.76,9.56,0.1999999999999993,2.0921,47608.2,46063.6962,9.72,54097.798,9.6754,60551.4123,9.7518,97618.0779,9.4492,101123.5174,9.8889,111428.2119,9.4051,94739.5419
338,000551.SZ,20160811,9.64,9.74,9.56,9.56,9.68,-0.11999999999999922,-1.2397,43381.64,41930.5828,9.684,51696.87,9.7054,62456.5915,9.7165,97826.3712,9.4669,101504.6354,9.8994,112858.2749,9.394,95746.3373
339,000551.SZ,20160810,9.8,9.84,9.67,9.68,9.8,-0.120000000000001,-1.2245,55781.84,54447.7568,9.72,54582.498,9.74,63573.5754,9.6844,97910.4891,9.4813,101700.7751,9.9095,113859.9102,9.3859,96153.5535
340,000551.SZ,20160809,9.75,9.84,9.72,9.8,9.8,0.0,0.0,52036.23,50941.0398,9.736,58707.25,9.7569,69075.3985,9.6491,97479.8891,9.4963,101909.5488,9.9178,115057.9637,9.3751,97203.3731
341,000551.SZ,20160808,9.52,9.85,9.44,9.8,9.58,0.22000000000000064,2.2965,71681.08,69258.2439,9.682,54042.148,9.7885,71081.0531,9.6129,97372.8676,9.5117,102397.2309,9.9253,116120.4328,9.364,97886.5297
342,000551.SZ,20160805,9.76,9.76,9.58,9.58,9.74,-0.16000000000000014,-1.6427,35603.56,34399.353,9.612,49678.15,9.8192,71935.9577,9.5738,96365.8897,9.5296,103170.1658,9.929,116611.8792,9.3523,98636.7047
343,000551.SZ,20160804,9.71,9.78,9.6,9.74,9.76,-0.019999999999999574,-0.2049,57809.78,56107.9975,9.62,53167.994,9.8715,77513.6838,9.5382,96625.0209,9.5491,103479.1695,9.9327,117163.2476,9.3436,99987.5079
344,000551.SZ,20160803,9.53,9.77,9.43,9.76,9.53,0.23000000000000043,2.4134,76405.6,73372.0591,9.632,55916.502,9.9238,84982.3892,9.4982,96913.4003,9.5658,103793.8673,9.9382,117528.3085,9.33,100920.7201
345,000551.SZ,20160802,9.45,9.54,9.41,9.53,9.45,0.08000000000000007,0.8466,28710.72,27207.4509,9.62,69372.086,9.9577,85576.96,9.4679,96083.2174,9.5842,103894.327,9.9446,117886.3189,9.3117,101256.4395
346,000551.SZ,20160801,9.57,9.6,9.3,9.45,9.62,-0.16999999999999993,-1.7672,49861.09,46942.0888,9.744,78105.048,10.0085,90903.75,9.445,96684.4829,9.6022,104667.47,9.9512,118771.6099,9.2923,101797.6399
347,000551.SZ,20160729,9.75,9.82,9.54,9.62,9.8,-0.1800000000000015,-1.8367,53052.78,51196.6613,9.856,79713.316,10.0677,98776.4031,9.4185,96549.9418,9.6227,105597.8815,9.9608,119895.2968,9.2757,102158.2881
348,000551.SZ,20160728,9.69,9.87,9.56,9.8,9.7,0.10000000000000142,1.0309,71552.32,69610.0051,9.912,94563.868,10.1085,109448.8015,9.3921,97176.5241,9.6401,106344.8131,9.9706,121966.547,9.2565,102633.5863
349,000551.SZ,20160727,10.13,10.34,9.41,9.7,10.15,-0.45000000000000107,-4.4335,143683.52,143044.9283,9.994,95875.352,10.1492,125749.6746,9.3674,97702.7526,9.6547,107202.1805,9.9803,124541.7168,9.2307,102304.6381
350,000551.SZ,20160726,10.02,10.15,9.96,10.15,10.01,0.14000000000000057,1.3986,72375.53,72896.4338,10.094,83697.616,10.2123,150495.8915,9.3526,96073.1456,9.6776,107330.5392,9.9844,125207.1647,9.2072,101216.3441
351,000551.SZ,20160725,9.9,10.04,9.89,10.01,9.9,0.10999999999999943,1.1111,57902.43,57759.563,10.116,90845.31,10.2085,146079.3738,9.3374,97715.4582,9.7006,108125.9362,9.9807,126233.7035,9.1803,101098.5388
352,000551.SZ,20160722,10.2,10.23,9.89,9.9,10.21,-0.3100000000000005,-3.0362,127305.54,127349.1798,10.198,110245.414,10.1446,145943.8746,9.3291,101443.4782,9.7227,108866.0987,9.9816,126831.2833,9.1579,101572.5855
353,000551.SZ,20160721,10.25,10.35,10.19,10.21,10.2,0.010000000000001563,0.098,78109.74,80124.4704,10.258,101611.31,10.0877,142118.2362,9.3224,101017.9729,9.7445,109573.6203,9.9816,127250.3156,9.1372,100968.2061
354,000551.SZ,20160720,10.28,10.41,10.19,10.2,10.26,-0.0600000000000005,-0.5848,82794.84,85069.9886,10.254,105581.16,10.0069,141841.1062,9.3006,101152.2435,9.7628,110181.2502,9.9812,127925.9575,9.1088,101610.5957
355,000551.SZ,20160719,10.35,10.45,10.18,10.26,10.42,-0.16000000000000014,-1.5355,108114.0,110823.9966,10.258,119463.308,9.9192,143938.4269,9.2803,101823.5591,9.7785,110386.5474,9.9801,128381.4213,9.0848,101949.3871
356,000551.SZ,20160718,10.21,10.54,10.21,10.42,10.2,0.22000000000000064,2.1569,154902.95,160817.8583,10.236,136199.3,9.8277,143946.7362,9.2456,99866.8935,9.7917,110782.4562,9.9762,128714.2529,9.0587,101966.5365
357,000551.SZ,20160715,10.17,10.28,10.17,10.2,10.19,0.009999999999999787,0.0981,84135.02,85955.5796,10.218,161911.444,9.6962,138164.8531,9.2076,97572.4459,9.8083,111693.4476,9.9716,128786.0944,9.0237,100882.9564
358,000551.SZ,20160714,10.21,10.3,10.09,10.19,10.22,-0.030000000000001137,-0.2935,97958.99,99778.3788,10.282,238161.308,9.5715,135862.0185,9.1759,97341.1497,9.8263,112374.8322,9.9673,129416.7172,8.9883,101123.116
359,000551.SZ,20160713,10.23,10.32,10.11,10.22,10.15,0.07000000000000028,0.6897,152205.58,155635.4551,10.264,221561.67,9.4462,132533.6477,9.1474,96392.7429,9.8401,113177.2077,9.9607,129607.3566,8.9596,101017.4601
360,000551.SZ,20160712,10.28,10.35,9.89,10.15,10.33,-0.17999999999999972,-1.7425,191793.96,193618.9936,10.056,202348.742,9.3115,124382.5762,9.11,93647.2262,9.8565,114103.6456,9.9524,129479.3994,8.9305,100942.3644
361,000551.SZ,20160711,10.48,10.5,10.13,10.33,10.52,-0.1899999999999995,-1.8061,283463.67,291167.2565,9.858,179504.398,9.1831,112793.9208,9.0791,89613.9326,9.8702,114481.0611,9.942,128706.7905,8.9143,99747.6437
362,000551.SZ,20160708,10.46,10.87,10.31,10.52,10.1,0.41999999999999993,4.1584,465384.34,492832.8136,9.624,137713.074,9.0477,94711.9077,9.0424,84040.2035,9.8833,114952.3417,9.9305,127557.3051,8.8956,97546.7368
363,000551.SZ,20160707,10.1,10.1,10.1,10.1,9.18,0.9199999999999999,10.0218,14960.8,15110.408,9.332,66648.208,8.89,61793.4069,9.0065,75501.8447,9.8904,113729.4563,9.9204,125572.5016,8.8732,92634.5135
364,000551.SZ,20160606,9.18,9.32,9.11,9.18,9.16,0.019999999999999574,0.2183,56140.94,51618.7197,9.126,85300.452,8.7569,64059.0392,8.9926,77768.4071,9.8985,115102.3535,9.912,126546.4091,8.8537,93330.0976
365,000551.SZ,20160603,9.18,9.22,9.08,9.16,9.16,0.0,0.0,77572.24,70979.8279,9.032,90019.958,8.6954,64941.6346,9.0076,78762.8021,9.9117,116505.9087,9.9092,126861.7522,8.8464,93860.7335
366,000551.SZ,20160602,9.1,9.16,9.02,9.16,9.06,0.09999999999999964,1.1038,74507.05,67737.8744,8.916,85345.144,8.6623,62680.6454,9.03,80423.2809,9.9249,117575.5009,9.905,127064.4545,8.8408,94470.5101
367,000551.SZ,20160601,9.05,9.19,9.01,9.06,9.07,-0.009999999999999787,-0.1103,110060.01,100229.1854,8.796,81381.768,8.6308,60730.3915,9.0515,81458.2944,9.9337,118132.643,9.9024,127320.0234,8.8328,94968.2783
368,000551.SZ,20160531,8.72,9.08,8.64,9.07,8.71,0.35999999999999943,4.1332,108222.02,96843.4879,8.678,68618.096,8.5915,55747.8285,9.0665,82397.9132,9.9417,118262.6764,9.9007,127547.7556,8.8208,94666.8351
369,000551.SZ,20160530,8.63,8.78,8.6,8.71,8.58,0.13000000000000078,1.5152,79738.47,69519.5102,8.56,55201.98,8.5646,53142.7946,9.0762,81975.2079,9.9528,118341.0309,9.8966,127454.0969,8.8083,94013.6737
370,000551.SZ,20160527,8.58,8.65,8.52,8.58,8.56,0.019999999999999574,0.2336,54198.17,46555.357,8.532,48933.786,8.5838,53889.3808,9.1003,82953.8191,9.9676,118738.051,9.8931,127905.6413,8.8029,94015.0945
371,000551.SZ,20160526,8.51,8.6,8.32,8.56,8.47,0.08999999999999986,1.0626,54690.17,46420.0425,8.51,45582.918,8.6315,56510.82,9.1171,84064.7632,9.9819,119600.0422,9.8907,128233.9601,8.7977,94246.9261
372,000551.SZ,20160525,8.58,8.61,8.4,8.47,8.48,-0.009999999999999787,-0.1179,46241.65,39403.211,8.472,43527.688,8.7138,62166.5115,9.1409,86696.5803,9.9994,120885.2783,9.884,128552.0342,8.7909,94705.6893
373,000551.SZ,20160524,8.56,8.63,8.46,8.48,8.57,-0.08999999999999986,-1.0502,41141.44,35055.0903,8.454,47802.294,8.8108,72813.7008,9.1741,89378.0094,10.0189,123363.4201,9.8821,128982.485,8.7804,95015.1661
374,000551.SZ,20160523,8.55,8.69,8.48,8.57,8.47,0.09999999999999964,1.1806,48397.5,41572.7653,8.504,49209.882,8.9023,78328.8485,9.2012,92803.1897,10.0394,126596.8547,9.8854,129371.8798,8.7701,95630.2544
375,000551.SZ,20160520,8.26,8.48,8.23,8.47,8.37,0.10000000000000142,1.1947,37443.83,31404.6394,8.54,49361.132,8.9715,80965.5746,9.2144,94173.8656,10.0522,128039.5401,9.8862,129747.641,8.7539,95924.1685
376,000551.SZ,20160519,8.35,8.53,8.25,8.37,8.38,-0.010000000000001563,-0.1193,44414.02,37461.0349,8.556,50929.704,9.0515,86209.8623,9.2321,97427.6338,10.0594,129486.8787,9.8894,130583.9773,8.7447,96870.0869
377,000551.SZ,20160518,8.63,8.68,8.15,8.38,8.73,-0.34999999999999964,-4.0092,67614.68,56814.5921,8.626,56918.216,9.1062,85992.4277,9.2462,99107.0188,10.0719,130281.8745,9.8898,130932.4664,8.7381,97631.3287
378,000551.SZ,20160517,8.75,8.83,8.62,8.73,8.75,-0.019999999999999574,-0.2286,48179.38,42071.2772,8.742,61284.098,9.1638,86706.0469,9.2506,101367.8735,10.0824,131188.1753,9.8866,131147.7955,8.7431,97831.9628
379,000551.SZ,20160516,8.57,8.77,8.48,8.75,8.55,0.1999999999999993,2.3392,49153.75,42392.1828,8.836,69303.598,9.1938,88866.9369,9.2565,103571.9465,10.0922,132188.9659,9.8796,131662.6192,8.7412,98264.2769
380,000551.SZ,20160513,8.66,8.83,8.5,8.55,8.72,-0.16999999999999993,-1.9495,45286.69,39354.548,9.012,85115.68,9.23,90140.7377,9.2624,104300.4494,10.101,132957.122,9.8742,132140.3041,8.7375,98977.3692
381,000551.SZ,20160512,8.75,8.8,8.45,8.72,8.96,-0.2400000000000002,-2.6786,74356.58,63908.3405,9.248,112989.364,9.2608,91184.6854,9.2718,106924.9088,10.1083,133784.0376,9.875,132797.3852,8.7417,99701.6739
382,000551.SZ,20160511,9.25,9.26,8.89,8.96,9.2,-0.23999999999999844,-2.6087,89444.09,81041.7526,9.438,120685.72,9.29,89669.7162,9.2791,107775.3912,10.1147,134427.7014,9.8789,133358.342,8.7445,100290.8491
383,000551.SZ,20160510,9.45,9.63,9.2,9.2,9.63,-0.4300000000000015,-4.4652,88276.88,83391.1966,9.54,119331.89,9.2992,90016.8538,9.2779,108907.7474,10.1183,135130.9388,9.8772,133872.8238,8.7389,100516.338
384,000551.SZ,20160509,9.62,9.75,9.14,9.63,9.73,-0.09999999999999964,-1.0277,128214.16,121397.467,9.602,122800.428,9.3069,96694.0277,9.27,110338.245,10.1174,135421.9122,9.8711,134920.3576,8.7269,100734.7885
385,000551.SZ,20160506,9.69,9.85,9.25,9.73,9.67,0.0600000000000005,0.6205,184655.11,177167.6494,9.492,105475.07,9.3069,93910.1631,9.2432,110326.0844,10.1117,135438.3473,9.8609,135090.731,8.7191,100469.3477
386,000551.SZ,20160505,9.47,9.75,9.36,9.67,9.47,0.1999999999999993,2.1119,112838.36,108301.8259,9.372,83922.394,9.3038,86625.1831,9.2038,107882.8326,10.1024,134581.1803,9.8553,134726.2747,8.7055,99055.9168
387,000551.SZ,20160504,9.48,9.62,9.39,9.47,9.51,-0.03999999999999915,-0.4206,82674.94,78538.3859,9.262,76608.912,9.3231,88255.1954,9.1568,106602.3147,10.0936,134417.0294,9.8559,134973.265,8.7019,98981.1521
388,000551.SZ,20160503,9.09,9.55,9.02,9.51,9.08,0.4299999999999997,4.7357,105619.57,98671.0345,9.212,73216.556,9.3554,90333.8546,9.1197,106432.7491,10.089,134745.3461,9.8629,135351.5483,8.7,99593.5207
389,000551.SZ,20160429,9.06,9.17,9.02,9.08,9.13,-0.05000000000000071,-0.5476,41587.37,37895.5338,9.1,63864.244,9.36,93132.8915,9.0806,105935.1188,10.0832,135258.7599,9.8735,136054.4624,8.7115,99622.2208
390,000551.SZ,20160428,9.08,9.16,8.9,9.13,9.12,0.010000000000001563,0.1096,76891.73,69402.174,9.104,66479.166,9.3846,97153.0969,9.0447,106090.82,10.0806,135729.9166,9.8858,137451.6823,8.7284,99515.3285
391,000551.SZ,20160427,9.23,9.31,9.1,9.12,9.22,-0.10000000000000142,-1.0846,76270.95,70348.49,9.094,69892.196,9.4154,99931.5215,9.0097,105654.6359,10.076,135972.536,9.9051,138466.4888,8.76,99847.2609
392,000551.SZ,20160426,8.94,9.25,8.9,9.22,8.95,0.27000000000000135,3.0168,65713.16,59642.9453,9.13,89654.034,9.4177,101139.1615,8.9806,105280.2,10.0731,136260.2253,9.9214,139610.1322,8.7879,101069.0423
393,000551.SZ,20160425,9.09,9.11,8.79,8.95,9.1,-0.15000000000000036,-1.6484,58858.01,52724.4418,9.212,94916.186,9.4292,107174.4531,8.9544,106096.1638,10.07,136835.4585,9.9378,140889.2754,8.8236,101589.88
394,000551.SZ,20160422,8.95,9.13,8.92,9.1,9.08,0.019999999999999574,0.2203,54661.98,49361.8263,9.36,101134.658,9.4792,113216.9323,8.9368,106776.1368,10.066,137068.3452,9.9542,141966.653,8.8805,102885.9325
395,000551.SZ,20160421,9.17,9.35,9.02,9.08,9.3,-0.22000000000000064,-2.3656,93956.88,86359.3465,9.524,117007.966,9.5023,121135.0546,8.9068,108882.8126,10.0593,137772.4251,9.9689,142934.575,8.9403,104025.2707
396,000551.SZ,20160420,9.66,9.7,8.77,9.3,9.63,-0.33000000000000007,-3.4268,175080.14,160569.4688,9.686,120156.092,9.4977,121215.3315,8.8868,109301.8512,10.053,137881.6415,9.9845,143821.0291,8.9927,104086.348
397,000551.SZ,20160419,9.78,9.88,9.54,9.63,9.69,-0.05999999999999872,-0.6192,92023.92,88972.7083,9.74,113541.474,9.48,119137.7785,8.8574,107370.0885,10.04,137418.8953,9.9951,144013.6753,9.0407,104153.9751
398,000551.SZ,20160418,9.89,9.89,9.6,9.69,9.92,-0.23000000000000043,-2.3185,89950.37,87145.0417,9.694,113906.698,9.42,119867.7162,8.8035,106829.2215,10.0297,137606.1447,10.0011,144568.162,9.0931,105516.1492
399,000551.SZ,20160415,9.85,10.13,9.75,9.92,9.89,0.02999999999999936,0.3033,134028.52,133206.8135,9.662,118518.874,9.3308,124062.5908,8.7403,107187.9456,10.0251,137724.1919,10.0055,145308.7464,9.1453,107296.7991
400,000551.SZ,20160414,9.6,9.89,9.59,9.89,9.57,0.3200000000000003,3.3438,109697.51,106738.9783,9.508,110107.224,9.2546,123223.3092,8.685,105894.0126,10.0167,137570.5296,10.008,145558.2763,9.1841,107260.4117
401,000551.SZ,20160413,9.46,9.73,9.41,9.57,9.4,0.16999999999999993,1.8085,142007.05,136433.0129,9.404,117002.112,9.1823,120471.4123,8.6306,106978.5976,10.0106,138050.3015,10.0054,145814.8827,9.2261,107290.9995
402,000551.SZ,20160412,9.41,9.56,9.26,9.4,9.53,-0.129999999999999,-1.3641,93850.04,87907.4919,9.41,116082.75,9.1285,119895.3554,8.6118,105807.5053,10.0028,137781.5628,10.0086,145978.4846,9.2741,107066.8527
403,000551.SZ,20160411,9.22,9.55,9.22,9.53,9.15,0.379999999999999,4.153,113011.25,106628.9768,9.41,128832.256,9.0954,120620.1969,8.5979,106529.435,9.9919,137852.0854,10.0144,147029.3886,9.3268,108219.1973
404,000551.SZ,20160408,9.3,9.34,9.02,9.15,9.37,-0.21999999999999886,-2.3479,91970.27,84235.3852,9.308,125230.102,9.0485,121768.8854,8.5776,106057.5626,9.9782,138006.0669,10.0202,147720.0554,9.3723,108499.3759
405,000551.SZ,20160407,9.55,9.74,9.31,9.37,9.6,-0.23000000000000043,-2.3958,144171.95,137329.3183,9.292,136450.438,9.0315,125226.08,8.5626,105326.955,9.969,138269.3462,10.0225,148594.8672,9.4209,109468.37
406,000551.SZ,20160406,9.32,9.62,9.25,9.6,9.4,0.1999999999999993,2.1277,137410.24,129108.6112,9.188,127918.67,8.9815,123966.7531,8.5409,103908.3279,9.9642,138353.8008,10.0271,149157.298,9.4637,109871.9727
407,000551.SZ,20160405,9.04,9.46,9.02,9.4,9.02,0.3800000000000008,4.2129,157597.57,146878.2302,8.974,129333.37,8.8885,121210.9308,8.5156,103493.4824,9.9627,138574.2733,10.037,150217.7488,9.4999,109406.3588
408,000551.SZ,20160401,9.02,9.07,8.75,9.02,9.07,-0.05000000000000071,-0.5513,95000.48,84521.768,8.88,122437.428,8.7862,114418.8677,8.4909,102147.6615,9.9577,138704.7867,10.0494,151000.7695,9.5295,108260.0679
409,000551.SZ,20160331,8.87,9.1,8.85,9.07,8.85,0.22000000000000064,2.4859,148071.95,133173.1835,8.866,118221.902,8.7238,113027.27,8.4656,101925.6406,9.9517,139887.4924,10.0615,151927.8316,9.5672,108137.9983
410,000551.SZ,20160330,8.62,8.86,8.58,8.85,8.53,0.3200000000000003,3.7515,101513.11,88458.9391,8.826,115511.174,8.6554,108460.2077,8.4379,99312.7868,9.9437,139949.5432,10.0722,152785.7509,9.6065,107793.8716
411,000551.SZ,20160329,8.87,8.87,8.44,8.53,8.93,-0.40000000000000036,-4.4793,144483.74,124225.0329,8.85,115863.148,8.5792,104257.7538,8.4221,98675.4903,9.9433,140099.1883,10.0825,154363.5989,9.6535,108880.1463
412,000551.SZ,20160328,8.96,9.19,8.84,8.93,8.95,-0.019999999999999574,-0.2235,123117.86,111395.9789,8.928,112555.24,8.5338,97917.5792,8.4121,96531.4256,9.9519,140169.2992,10.0938,155358.8394,9.7049,108021.6976
413,000551.SZ,20160325,8.88,8.95,8.76,8.95,8.87,0.08000000000000007,0.9019,73922.85,65541.7128,8.928,115314.428,8.4723,93334.6769,8.3862,95530.8241,9.9638,140332.4031,10.0972,157036.1146,9.7479,107755.1429
414,000551.SZ,20160324,8.91,9.15,8.84,8.87,8.97,-0.10000000000000142,-1.1148,134518.31,120776.3758,8.882,126089.998,8.4246,94837.2215,8.3488,95399.3406,9.9801,141377.467,10.0989,157079.5166,9.7939,107981.1289
415,000551.SZ,20160323,8.88,8.97,8.8,8.97,8.92,0.05000000000000071,0.5605,103272.98,91736.7534,8.786,119503.246,8.3846,90795.5892,8.3147,94009.7744,9.996,142371.906,10.0962,156302.3722,9.8373,108054.7956
416,000551.SZ,20160322,8.85,9.03,8.78,8.92,8.93,-0.009999999999999787,-0.112,127944.2,113604.3886,8.606,112708.8,8.3162,92566.0492,8.2671,93044.1297,10.0199,143379.691,10.0883,156927.4551,9.8831,109129.0271
417,000551.SZ,20160321,8.89,8.99,8.73,8.93,8.72,0.20999999999999908,2.4083,136913.8,121058.9973,8.464,102501.902,8.2762,91047.5869,8.2335,92468.9388,10.0403,144363.0417,10.0857,156732.8061,9.9257,109564.5836
418,000551.SZ,20160318,8.4,8.74,8.39,8.72,8.39,0.33000000000000007,3.9333,127800.7,109980.1714,8.314,92859.17,8.2277,88931.1569,8.2026,91427.5668,10.0616,145369.8094,10.0887,157144.356,9.9653,110339.2425
419,000551.SZ,20160317,8.11,8.45,8.11,8.39,8.07,0.3200000000000003,3.9653,101584.55,84431.1423,8.142,76675.272,8.1569,84764.5215,8.2035,90099.965,10.0824,146155.4631,10.0991,157320.1636,10.0225,110797.4623
420,000551.SZ,20160316,8.3,8.35,8.02,8.07,8.21,-0.14000000000000057,-1.7052,69300.75,56771.4345,8.052,68770.656,8.0915,84807.7862,8.2094,89482.8588,10.1046,146965.576,10.1183,157645.3707,10.09,111935.1709
421,000551.SZ,20160315,8.23,8.33,8.13,8.21,8.18,0.030000000000001137,0.3667,76909.71,63340.3478,8.064,67618.532,8.0892,86402.7131,8.2212,90463.2976,10.1299,148177.1515,10.1471,158062.3288,10.1584,113204.3052
422,000551.SZ,20160314,7.98,8.28,7.97,8.18,7.86,0.3199999999999994,4.0712,88700.14,72460.5057,8.088,70927.776,8.0762,91761.4585,8.2406,91130.9397,10.1499,149084.9823,10.1836,158709.0834,10.2228,115234.6912
423,000551.SZ,20160311,7.84,7.99,7.75,7.86,7.94,-0.08000000000000007,-1.0076,46881.21,36812.521,8.122,69583.166,8.1338,92799.1331,8.2626,92008.7215,10.1671,149758.8158,10.2153,159248.2716,10.2849,116260.1352
424,000551.SZ,20160310,8.16,8.23,7.9,7.94,8.13,-0.1900000000000004,-2.337,62061.47,50190.5173,8.166,85464.716,8.2162,98300.2438,8.2826,93757.9729,10.1849,150927.0653,10.2579,159721.2928,10.3464,117133.1543
425,000551.SZ,20160309,8.08,8.34,8.03,8.13,8.33,-0.1999999999999993,-2.401,63540.13,51858.6416,8.258,94693.26,8.2854,100985.33,8.2932,95010.8906,10.2016,151719.6875,10.3099,160289.8134,10.4027,118507.3328
426,000551.SZ,20160308,8.35,8.38,7.9,8.33,8.35,-0.019999999999999574,-0.2395,93455.93,75821.9108,8.292,103865.276,8.3246,101261.4438,8.32,96327.5368,10.2108,152341.381,10.363,160608.5949,10.4649,121474.6073
427,000551.SZ,20160307,8.16,8.44,8.16,8.35,8.08,0.2699999999999996,3.3416,81977.09,68118.7767,8.186,99900.978,8.3477,101452.4208,8.3312,95892.0032,10.2231,152870.5466,10.412,160776.8854,10.5245,122658.5869
428,000551.SZ,20160304,8.39,8.58,7.99,8.08,8.4,-0.3200000000000003,-3.8095,126288.96,104451.1044,8.024,103934.958,8.3777,104631.5285,8.3621,96634.7656,10.2372,154186.3503,10.458,161038.214,10.5756,124412.2399
429,000551.SZ,20160303,8.3,8.56,8.25,8.4,8.3,0.09999999999999964,1.2048,108204.19,91176.2345,8.016,96684.126,8.4146,103520.0438,8.3988,96702.8132,10.2541,154904.7181,10.5156,161078.272,10.6356,126536.5556
430,000551.SZ,20160302,7.8,8.33,7.7,8.3,7.8,0.5000000000000009,6.4103,109400.21,88497.1261,7.944,104357.968,8.3962,101923.7038,8.4568,96690.1041,10.2621,155818.6714,10.5728,161170.9505,10.6852,128375.7236
431,000551.SZ,20160301,7.61,7.85,7.42,7.8,7.54,0.2599999999999998,3.4483,73634.44,56306.7831,8.07,102915.908,8.3831,98064.8354,8.5171,94459.8171,10.2749,156720.2169,10.6292,161483.1678,10.7375,131601.4284
432,000551.SZ,20160229,8.05,8.07,7.35,7.54,8.04,-0.4999999999999991,-6.2189,102146.99,77530.1777,8.296,111868.15,8.4223,98542.5731,8.6259,95287.8235,10.299,158407.6612,10.6942,162372.6591,10.7873,134476.8205
433,000551.SZ,20160226,8.09,8.19,7.86,8.04,8.04,0.0,0.0,90034.8,72561.9921,8.556,110832.27,8.4723,96191.6923,8.7338,97221.8694,10.3265,159711.6965,10.7651,163285.8106,10.8371,135950.3007
434,000551.SZ,20160225,8.91,8.91,8.04,8.04,8.93,-0.8900000000000006,-9.9664,146573.4,123554.7843,8.676,106251.232,8.4731,96119.5854,8.8474,97655.4338,10.3474,160834.1908,10.8278,163725.1773,10.8776,138193.2085
435,000551.SZ,20160224,8.89,8.97,8.56,8.93,8.93,0.0,0.0,102189.91,89849.7263,8.794,96124.278,8.4454,90187.2015,8.9997,97934.5088,10.3672,161851.461,10.8888,163944.3026,10.9179,139326.81
436,000551.SZ,20160223,8.83,9.03,8.71,8.93,8.84,0.08999999999999986,1.0181,118395.65,105226.287,8.756,100347.394,8.3515,89039.7515,9.1365,99049.8744,10.3787,163698.541,10.942,164239.5776,10.9379,140027.418
437,000551.SZ,20160222,8.75,8.86,8.68,8.84,8.64,0.1999999999999993,2.3148,96967.59,85239.1288,8.682,99036.196,8.23,85350.9369,9.2565,98465.8165,10.3892,165047.7335,10.9952,164917.6215,10.9548,140165.9403
438,000551.SZ,20160219,8.62,8.73,8.5,8.64,8.63,0.009999999999999787,0.1159,67129.61,57823.32,8.546,97133.032,8.1485,86229.4077,9.3759,100912.4218,10.3938,167197.8015,11.0531,166105.2125,10.9792,140466.44
439,000551.SZ,20160218,8.8,8.8,8.61,8.63,8.74,-0.10999999999999943,-1.2586,95938.63,83447.7107,8.444,95554.094,8.09,88873.8338,9.5206,104649.4032,10.398,167295.9138,11.1133,167552.2524,11.0087,141396.8368
440,000551.SZ,20160217,8.51,8.8,8.4,8.74,8.56,0.17999999999999972,2.1028,123305.49,105783.5758,8.38,92335.374,8.0992,87852.5731,9.6671,108401.1821,10.3964,166651.7629,11.1681,168833.9195,11.0355,142495.3203
441,000551.SZ,20160216,8.17,8.58,8.17,8.56,8.16,0.40000000000000036,4.902,111839.66,94404.849,8.27,81991.384,8.0877,84567.7615,9.7874,108636.2991,10.3888,167246.2526,11.221,169812.9827,11.0665,144048.1028
442,000551.SZ,20160215,7.86,8.29,7.7,8.16,8.13,0.02999999999999936,0.369,87451.77,69382.2594,8.168,77442.934,8.0808,83859.7623,9.9191,108640.7676,10.3883,167129.6474,11.2654,170195.4233,11.1028,147931.4948
443,000551.SZ,20160205,8.29,8.36,8.11,8.13,8.31,-0.17999999999999972,-2.1661,59234.92,48678.527,8.072,73843.062,8.1354,84794.9754,10.0665,109750.8932,10.3971,167956.1333,11.3063,170893.9499,11.1465,153522.2181
444,000551.SZ,20160204,8.22,8.43,8.17,8.31,8.19,0.120000000000001,1.4652,79845.03,66149.5412,7.988,79450.69,8.1969,89357.2677,10.22,113310.9218,10.4134,168638.6142,11.346,171961.0105,11.1768,156147.6753
445,000551.SZ,20160203,8.0,8.27,7.82,8.19,8.05,0.1399999999999988,1.7391,71585.54,57569.5797,7.796,77569.896,8.2146,91396.5546,10.3562,114904.4397,10.4365,169171.2497,11.394,172647.1707,11.1928,158361.2161
446,000551.SZ,20160202,7.72,8.11,7.68,8.05,7.68,0.370000000000001,4.8177,89097.41,71155.4802,7.714,84930.33,8.2231,93940.7954,10.4918,117641.4776,10.4694,169644.7298,11.444,173289.5238,11.2192,159525.3211
447,000551.SZ,20160201,7.7,7.82,7.46,7.68,7.71,-0.03000000000000025,-0.3891,69452.41,53351.8093,7.68,87412.278,8.2992,95418.3869,10.625,120151.6171,10.5133,170319.1314,11.4936,174234.2109,11.2439,160978.9823
448,000551.SZ,20160129,7.32,7.88,7.3,7.71,7.35,0.3600000000000003,4.898,87273.06,66285.5441,7.894,90054.244,8.3785,96125.7238,10.7612,121123.2874,10.5541,171085.5935,11.5428,175480.7464,11.2767,162616.8597
449,000551.SZ,20160128,7.56,7.78,7.31,7.35,7.78,-0.4300000000000006,-5.527,70441.06,53357.8109,8.07,88720.22,8.5085,97660.9508,10.8762,120663.0724,10.6051,171360.2374,11.5917,176489.5797,11.3073,163583.462
450,000551.SZ,20160127,7.91,7.98,7.28,7.78,7.88,-0.09999999999999964,-1.269,108387.71,82714.0526,8.294,95159.142,8.6608,102134.9138,11.0085,121116.1371,10.6703,171969.268,11.6376,177496.3189,11.3373,164835.7484
451,000551.SZ,20160126,8.64,8.68,7.88,7.88,8.75,-0.8700000000000001,-9.9429,101507.15,83597.391,8.512,93403.508,8.86,102087.5577,11.1332,121524.2176,10.7349,172031.9519,11.6794,178093.8982,11.3623,165617.8344
452,000551.SZ,20160125,8.67,8.86,8.58,8.75,8.59,0.16000000000000014,1.8626,82662.24,72183.9546,8.722,96811.022,9.05,96861.6577,11.2653,123920.5871,10.7956,172173.5483,11.7198,179093.1206,11.3836,166807.2095
453,000551.SZ,20160122,8.63,8.68,8.2,8.59,8.47,0.11999999999999922,1.4168,80602.94,68489.4263,8.68,101549.726,9.2615,98332.7669,11.3724,123845.2297,10.8469,172475.4885,11.7571,181009.1542,11.3877,167440.7403
454,000551.SZ,20160121,8.74,9.03,8.46,8.47,8.87,-0.3999999999999986,-4.5096,102635.67,90046.6194,8.622,106361.272,9.4631,105048.2754,11.4771,124507.6803,10.9109,172839.7649,11.7876,181494.2966,11.3908,168107.1119
455,000551.SZ,20160120,8.91,9.06,8.72,8.87,8.93,-0.0600000000000005,-0.6719,99609.54,88336.443,8.736,107495.358,9.7269,105212.9154,11.5926,124161.6841,10.9776,172987.2038,11.8169,181789.002,11.3897,167554.9437
456,000551.SZ,20160119,8.5,8.98,8.44,8.93,8.54,0.39000000000000057,4.5667,118544.72,103647.714,8.704,103303.008,10.0615,109555.4085,11.6885,125350.9126,11.0397,173421.6162,11.8428,182009.0176,11.3835,167416.1583
457,000551.SZ,20160118,8.11,8.71,8.05,8.54,8.3,0.23999999999999844,2.8916,106355.76,90197.5964,8.798,101040.266,10.4192,111214.4562,11.7906,127271.3721,11.1082,174153.6561,11.8676,181929.7783,11.3819,167568.2627
458,000551.SZ,20160115,8.88,9.06,8.18,8.3,9.04,-0.7399999999999984,-8.1858,104660.67,90138.3549,8.956,105489.63,10.7631,110613.0654,11.8959,128867.1126,11.1845,175196.1133,11.8916,181808.5702,11.3836,168544.2013
459,000551.SZ,20160114,8.34,9.09,8.17,9.04,8.71,0.3299999999999983,3.7887,108306.1,93730.8082,9.37,106111.912,11.1169,116420.1038,12.0018,131524.5406,11.2563,175610.1905,11.9145,181691.1486,11.3891,168607.8448
460,000551.SZ,20160113,9.48,9.55,8.61,8.71,9.4,-0.6899999999999995,-7.3404,78647.79,72427.0199,9.632,91164.782,11.4646,123026.3254,12.1185,133108.69,11.3209,176133.1035,11.9357,181687.1763,11.3813,168654.8159
461,000551.SZ,20160112,9.03,9.46,8.99,9.4,9.33,0.07000000000000028,0.7503,107231.01,99163.7043,10.19,95792.556,11.8415,134168.7346,12.2579,136292.9521,11.3849,176643.1285,11.9597,181986.1123,11.3813,169175.488
462,000551.SZ,20160111,10.15,10.22,9.33,9.33,10.37,-1.0399999999999991,-10.0289,128602.58,123839.2656,10.552,107927.264,12.1054,136020.1546,12.3697,137976.9171,11.444,177516.4206,11.9836,182046.5847,11.3729,169726.3645
463,000551.SZ,20160108,10.79,10.79,9.55,10.37,10.35,0.019999999999999574,0.1932,107772.08,112007.2818,11.066,103161.946,12.3908,134742.3862,12.4788,140935.3312,11.5086,178690.5031,12.0067,182136.3656,11.3603,169243.5793
464,000551.SZ,20160107,11.3,11.3,10.35,10.35,11.5,-1.1500000000000004,-10.0,33570.45,35518.0984,11.636,112819.92,12.6062,136082.6908,12.5515,142636.4006,11.5672,180106.5258,12.0254,182172.9239,11.3304,169887.278
465,000551.SZ,20160106,11.28,11.63,11.22,11.5,11.21,0.28999999999999915,2.587,101786.66,115982.7879,12.282,134128.298,12.8369,147367.7246,12.6138,144953.6709,11.6196,182043.8169,12.0432,182839.6139,11.3013,170902.126
466,000551.SZ,20160105,10.85,11.8,10.71,11.21,11.9,-0.6899999999999995,-5.7983,167904.55,187817.2377,12.584,133478.502,12.9477,149847.5692,12.6332,146816.5591,11.6625,183342.2927,12.057,183443.6169,11.2471,170990.8997
467,000551.SZ,20160104,13.08,13.16,11.9,11.9,13.22,-1.3200000000000003,-9.9849,104775.99,130894.2624,12.922,135928.026,13.07,149596.8215,12.68,150292.4759,11.6962,183401.7897,12.0735,183992.7067,11.2061,170338.6768
468,000551.SZ,20151231,13.58,13.84,13.21,13.22,13.58,-0.35999999999999943,-2.651,156061.95,212228.7628,13.254,153810.224,13.1223,154955.7569,12.7065,152571.2526,11.7183,184101.2813,12.0833,184614.2557,11.168,170367.6525
469,000551.SZ,20151230,13.0,13.58,12.92,13.58,13.01,0.5700000000000003,4.3812,140112.34,186449.7559,13.332,167297.656,13.0523,150834.7762,12.6759,154260.6382,11.7295,184681.1855,12.0861,184759.514,11.1079,169778.8417
470,000551.SZ,20151229,12.89,13.07,12.69,13.01,12.9,0.10999999999999943,0.8527,98537.68,126848.1613,13.182,165535.082,12.9015,145566.5769,12.6465,158540.0588,11.7492,185067.9477,12.0849,184733.428,11.0469,170294.4728
471,000551.SZ,20151228,13.6,13.85,12.81,12.9,13.56,-0.6600000000000001,-4.8673,180152.17,241134.4484,13.188,168225.864,12.8123,144590.2369,12.6203,162881.3562,11.7744,185634.6528,12.085,185454.2644,10.986,170358.086
472,000551.SZ,20151225,13.5,13.88,13.35,13.56,13.61,-0.049999999999998934,-0.3674,194186.98,264674.7327,13.242,157234.638,12.7446,140137.1815,12.6003,167915.9415,11.7989,186111.0234,12.0896,185731.1508,10.9184,169342.7944
473,000551.SZ,20151224,12.82,13.75,12.68,13.61,12.83,0.7799999999999994,6.0795,223499.11,295312.6151,13.2,154452.42,12.6531,139275.3915,12.5409,170713.0553,11.8159,186707.759,12.0915,185813.4418,10.8384,168556.0959
474,000551.SZ,20151223,13.08,13.27,12.79,12.83,13.04,-0.20999999999999908,-1.6104,131299.47,171108.6929,13.066,136557.526,12.5592,128244.6977,12.4721,170394.1991,11.8323,186945.7227,12.0899,185552.3651,10.7613,167307.8743
475,000551.SZ,20151222,13.06,13.2,12.72,13.04,13.17,-0.13000000000000078,-0.9871,111991.59,145353.5971,13.06,143226.598,12.5069,126077.5277,12.4206,174128.1232,11.8481,187704.6152,12.0942,186337.2979,10.706,167641.66
476,000551.SZ,20151221,13.35,13.45,13.0,13.17,13.35,-0.17999999999999972,-1.3483,125196.04,164204.6369,12.968,155716.71,12.4577,124452.9285,12.3624,177645.8268,11.8606,188380.914,12.0989,187356.2038,10.6572,168403.8825
477,000551.SZ,20151218,12.98,13.38,12.9,13.35,12.94,0.41000000000000014,3.1685,180275.89,237532.7735,12.796,151175.342,12.3777,125595.0262,12.2818,178514.6347,11.8712,189389.1063,12.0992,187824.5208,10.5973,169086.4888
478,000551.SZ,20151217,12.86,13.11,12.81,12.94,12.8,0.1399999999999988,1.0937,134024.64,173532.0359,12.45,129445.314,12.3046,125869.2146,12.1891,177000.1915,11.8832,190959.912,12.0966,188178.2408,10.5281,170220.2781
479,000551.SZ,20151216,12.59,13.21,12.59,12.8,12.58,0.22000000000000064,1.7488,164644.83,212644.6247,12.232,119809.438,12.2415,127914.3146,12.1224,176573.1453,11.8888,191158.2965,12.0954,188723.9838,10.4611,170526.7132
480,000551.SZ,20151215,12.56,12.95,12.42,12.58,12.31,0.2699999999999996,2.1933,174442.15,222041.6972,12.076,111332.962,12.1723,130250.3446,12.065,175757.3965,11.8931,191073.5468,12.0978,188910.5966,10.4076,169972.2755
481,000551.SZ,20151214,11.84,12.34,11.62,12.31,11.62,0.6900000000000013,5.938,102489.2,122944.107,12.034,113041.274,12.2054,129306.1162,12.0079,175871.5947,11.8976,190812.0887,12.1012,189119.5727,10.3701,169707.4429
482,000551.SZ,20151211,11.93,11.93,11.5,11.62,11.85,-0.23000000000000043,-1.9409,71625.75,83481.6348,12.05,108563.452,12.2931,135800.2315,11.9715,179909.0941,11.9033,190830.5893,12.1064,190676.9472,10.348,170295.6512
483,000551.SZ,20151210,12.0,12.14,11.83,11.85,12.02,-0.16999999999999993,-1.4143,85845.26,102776.5359,12.156,114863.554,12.4146,142943.3138,11.9615,189658.1621,11.9101,190929.5187,12.1115,191163.5125,10.3437,172332.802
484,000551.SZ,20151209,12.16,12.22,11.81,12.02,12.37,-0.34999999999999964,-2.8294,122262.45,146844.267,12.266,115868.862,12.5062,153969.7292,11.9494,202037.8903,11.9122,190922.374,12.1145,191779.8504,10.3345,174891.0989
485,000551.SZ,20151208,12.5,12.85,12.35,12.37,12.39,-0.02000000000000135,-0.1614,182983.71,230806.3655,12.288,119425.034,12.5692,157304.0362,11.9018,205975.5891,11.9165,190820.7929,12.118,192078.6362,10.3396,176572.8532
486,000551.SZ,20151207,12.26,12.45,12.18,12.39,12.15,0.2400000000000002,1.9753,80100.09,98591.5683,12.294,119596.36,12.5769,151871.2615,11.8176,207824.9091,11.9193,190447.0726,12.1195,192012.2225,10.3329,177727.0264
487,000551.SZ,20151204,12.25,12.48,12.0,12.15,12.4,-0.25,-2.0161,103126.26,126347.672,12.24,135698.53,12.5592,158411.6285,11.7524,210142.3597,11.9265,190706.4528,12.1212,192880.3916,10.3276,180417.5365
488,000551.SZ,20151203,12.06,12.42,12.01,12.4,12.13,0.2699999999999996,2.2259,90871.8,111225.7699,12.19,154075.922,12.6092,172485.4331,11.6862,212936.3521,11.934,190988.7396,12.1238,194081.7683,10.3219,182254.984
489,000551.SZ,20151202,12.68,12.89,11.43,12.13,12.4,-0.2699999999999996,-2.1774,140043.31,172474.7502,12.312,168334.998,12.64,179514.8638,11.6197,215919.335,11.9419,191149.0078,12.1229,195366.7815,10.3109,183953.2375
490,000551.SZ,20151201,12.08,12.67,12.03,12.4,12.12,0.28000000000000114,2.3102,183840.34,226801.1521,12.576,177708.876,12.6438,185165.46,11.5574,216499.4797,11.9504,191192.0478,12.1226,195920.6337,10.3055,185336.2283
491,000551.SZ,20151130,11.85,12.32,11.23,12.12,11.9,0.21999999999999886,1.8487,160610.94,190836.3199,12.736,173837.972,12.6577,192994.0985,11.475,215926.6032,11.9603,191331.0952,12.1197,195779.5665,10.288,185653.5217
492,000551.SZ,20151127,12.82,13.08,11.71,11.9,13.01,-1.1099999999999994,-8.5319,195013.22,241786.8167,12.92,187553.516,12.6577,199573.3946,11.4024,216115.8156,11.9734,192026.1632,12.1183,196006.7888,10.2684,185988.4713
493,000551.SZ,20151126,13.5,13.68,12.94,13.01,13.45,-0.4399999999999995,-3.2714,162167.18,214140.5834,13.108,181672.56,12.6823,211597.6138,11.3312,215989.2585,11.9849,192128.9726,12.1194,196184.877,10.2488,186256.4171
494,000551.SZ,20151125,13.36,13.71,13.23,13.45,13.2,0.25,1.8939,186912.7,251412.6965,13.0,171710.652,12.5692,221376.2038,11.215,215048.3724,11.9896,192257.0518,12.1122,196304.0983,10.2132,186443.5088
495,000551.SZ,20151124,13.06,13.47,12.81,13.2,13.04,0.16000000000000014,1.227,164485.82,216688.2418,12.742,167353.084,12.4015,223356.6115,11.0788,213391.5521,11.9892,191901.4346,12.102,196215.736,10.16,185992.1927
496,000551.SZ,20151123,12.95,13.75,12.75,13.04,12.84,0.1999999999999993,1.5576,229188.66,302996.8178,12.662,191673.064,12.2385,230569.4631,10.9374,210354.4121,11.9879,192289.4429,12.0915,196015.8743,10.1187,186061.1255
497,000551.SZ,20151120,12.55,12.92,12.43,12.84,12.47,0.3699999999999992,2.9671,165608.44,210187.1413,12.614,182286.212,12.0862,230754.4515,10.8009,206237.1171,11.9924,192273.8687,12.0807,195638.037,10.0832,186624.6476
498,000551.SZ,20151119,12.16,12.52,12.08,12.47,12.16,0.3100000000000005,2.5493,112357.64,138098.7366,12.482,191864.736,11.9008,229918.0723,10.6824,205188.4144,11.9996,192568.9085,12.0726,195351.7087,10.0521,187479.6541
499,000551.SZ,20151118,12.79,12.87,12.06,12.16,12.8,-0.6400000000000006,-5.0,165124.86,206016.6017,12.504,226515.736,11.7262,231181.7015,10.5706,207164.6944,12.0057,193034.3217,12.0677,195564.5686,10.0132,189179.0651
500,000551.SZ,20151117,13.0,13.48,12.7,12.8,12.8,0.0,0.0,286085.72,370865.7876,12.496,242719.122,11.6115,227672.4869,10.4691,205526.7259,12.0154,193720.629,12.0636,195326.4989,9.9863,190167.0371
501,000551.SZ,20151116,11.94,12.8,11.8,12.8,12.18,0.620000000000001,5.0903,182254.4,222926.9245,12.38,255767.592,11.4615,216197.3831,10.3415,200401.5262,12.0226,193707.4413,12.0556,194879.217,9.9659,190574.2465
502,000551.SZ,20151113,12.3,12.54,11.97,12.18,12.58,-0.40000000000000036,-3.1797,213501.06,261308.6627,12.128,277174.482,11.2954,215895.1131,10.2212,198502.8144,12.0255,193860.8247,12.0497,195395.5447,9.9485,192009.8955
503,000551.SZ,20151112,12.13,12.88,11.93,12.58,12.12,0.46000000000000085,3.7954,285612.64,352597.9116,11.946,277005.87,11.21,217915.3531,10.1209,196592.3935,12.0305,194045.2241,12.0472,196017.6844,9.9336,192518.8676
504,000551.SZ,20151111,12.3,12.41,11.9,12.12,12.22,-0.10000000000000142,-0.8183,246141.79,298281.7541,11.646,271533.92,11.11,226952.3854,9.9974,190909.4832,12.0316,193633.0197,12.043,198965.4053,9.9109,192618.17
505,000551.SZ,20151110,11.55,12.39,11.42,12.22,11.54,0.6800000000000015,5.8925,351328.07,415855.217,11.434,268624.264,11.0577,246999.6338,9.88,188259.7094,12.0391,193286.0794,12.0395,198645.5747,9.8905,194245.2051
506,000551.SZ,20151109,11.16,11.9,11.16,11.54,11.27,0.2699999999999996,2.3957,289288.85,334836.7847,11.076,229305.752,10.9177,239677.7985,9.7609,181152.5324,12.0457,192302.9617,12.0292,197421.2609,9.8668,193729.8892
507,000551.SZ,20151106,11.0,11.29,11.0,11.27,11.08,0.1899999999999995,1.7148,212658.0,238227.8721,10.808,197204.946,10.7615,236337.1631,9.64,175833.5865,12.0571,192833.4938,12.0226,196450.7348,9.8397,195293.7361
508,000551.SZ,20151105,10.93,11.32,10.77,11.08,11.06,0.019999999999999574,0.1808,258252.89,285230.8287,10.688,178574.36,10.6769,232201.4254,9.5479,173078.5815,12.0656,192425.1417,12.0175,196317.4754,9.8127,193541.7333
509,000551.SZ,20151104,10.69,11.07,10.6,11.06,10.43,0.6300000000000008,6.0403,231593.51,251793.7945,10.642,154305.656,10.5862,227575.9723,9.4879,168628.4721,12.0743,191951.2074,12.0122,195364.727,9.7769,190140.7735
510,000551.SZ,20151103,10.26,10.75,10.23,10.43,10.2,0.23000000000000043,2.2549,154735.51,162050.2722,10.558,143651.932,10.5154,224552.8731,9.4188,165108.1082,12.0851,191542.6224,12.0066,194600.1605,9.7313,189838.3533
511,000551.SZ,20151102,10.53,10.79,10.2,10.2,10.67,-0.47000000000000064,-4.4049,128784.82,135067.8681,10.686,160657.666,10.4831,224940.0054,9.3771,165815.4365,12.1004,191660.8466,12.0041,194200.373,9.7055,189042.5267
512,000551.SZ,20151030,10.78,10.97,10.45,10.67,10.85,-0.17999999999999972,-1.659,119505.07,128567.5227,10.902,215519.514,10.4369,227676.7531,9.3253,165066.1379,12.1176,192341.651,12.0018,193656.3916,9.6952,190078.2723
513,000551.SZ,20151029,10.71,11.06,10.56,10.85,10.64,0.20999999999999908,1.9737,136909.37,147984.2975,11.056,292969.704,10.3585,231333.6062,9.2418,164610.2624,12.131,193637.8584,11.9961,193176.1418,9.6927,190585.0337
514,000551.SZ,20151028,10.88,11.3,10.51,10.64,11.07,-0.4299999999999997,-3.8844,178324.89,194318.3555,10.966,316816.672,10.2531,235472.1377,9.145,164559.5335,12.1406,194826.2588,11.9891,192511.4051,9.7032,190846.836
515,000551.SZ,20151027,10.96,11.18,10.38,11.07,11.28,-0.20999999999999908,-1.8617,239764.18,259387.1061,10.74,330323.812,10.1315,231768.4577,9.0624,163134.7571,12.1506,195210.4216,11.9828,191654.9857,9.7337,190332.7264
516,000551.SZ,20151026,11.64,11.88,10.84,11.28,11.44,-0.16000000000000014,-1.3986,403094.06,455797.927,10.56,314149.658,9.9585,223369.7369,8.9921,160680.9106,12.1565,194656.5035,11.974,190634.5082,9.7777,189618.6872
517,000551.SZ,20151023,10.4,11.44,10.23,11.44,10.4,1.0399999999999991,10.0,506756.02,556161.2072,10.284,273155.246,9.7362,197071.9677,8.9362,153800.4465,12.1607,193239.2636,11.9661,188709.3643,9.808,186641.7391
518,000551.SZ,20151022,9.61,10.46,9.53,10.4,9.51,0.8900000000000006,9.3586,256144.21,256638.1763,10.024,210262.686,9.5023,164952.3223,8.855,144083.8432,12.1651,191283.3894,11.9574,186306.7139,9.8563,181575.9493
519,000551.SZ,20151021,10.25,10.46,9.23,9.51,10.17,-0.6600000000000001,-6.4897,245860.59,245450.8411,9.946,190987.49,9.38,155245.2715,8.7891,144353.4279,12.1748,190770.6906,11.954,185087.3935,9.9407,180269.246
520,000551.SZ,20151020,9.92,10.28,9.85,10.17,9.9,0.2699999999999996,2.7273,158893.41,159953.128,9.964,174687.88,9.3154,150144.5462,8.7421,141740.095,12.1902,190257.6272,11.955,184049.3311,10.0417,178556.6275
521,000551.SZ,20151019,10.15,10.28,9.71,9.9,10.14,-0.2400000000000002,-2.3669,198122.0,197994.5602,9.86,176318.03,9.2031,146339.9708,8.7015,140686.23,12.1989,190061.9034,11.9537,183557.3704,10.1276,178063.3423
522,000551.SZ,20151016,10.01,10.25,9.87,10.14,10.01,0.13000000000000078,1.2987,192293.22,193354.7321,9.776,174835.686,9.0923,139702.0423,8.6976,139405.5744,12.208,189834.2101,11.9538,182691.3327,10.2108,177103.604
523,000551.SZ,20151015,9.56,10.09,9.5,10.01,9.6,0.41000000000000014,4.2708,159768.23,157497.4524,9.56,162412.452,8.9823,133963.9638,8.7126,138061.7979,12.2173,189312.861,11.9528,181908.6737,10.3131,176313.8111
524,000551.SZ,20151014,9.6,9.84,9.53,9.6,9.65,-0.05000000000000071,-0.5181,164362.54,158957.58,9.322,156574.968,8.8869,133100.7731,8.7506,139963.0871,12.2287,189233.4356,11.9529,181469.493,10.4205,175835.1263
525,000551.SZ,20151013,9.38,9.76,9.36,9.65,9.48,0.16999999999999993,1.7932,167044.16,159390.4195,9.08,135947.072,8.7931,127564.7077,8.7965,143297.0574,12.2416,188959.3282,11.9556,180977.4904,10.5301,175805.8248
526,000551.SZ,20151012,9.15,9.62,9.12,9.48,9.06,0.41999999999999993,4.6358,190710.28,179204.4728,8.83,120378.366,8.6762,126718.9631,8.8774,145689.7003,12.2541,189261.0707,11.9569,180401.538,10.652,176564.6821
527,000551.SZ,20151009,8.82,9.1,8.79,9.06,8.82,0.2400000000000002,2.7211,130177.05,117021.9994,8.696,108226.82,8.5754,120486.1762,8.9476,148008.4185,12.2702,189808.3173,11.9601,179862.3553,10.786,177441.4731
528,000551.SZ,20151008,8.76,8.92,8.63,8.82,8.39,0.4299999999999997,5.1251,130580.81,114833.6719,8.618,118101.642,8.45,118814.4562,9.0338,152470.5156,12.2889,191117.1063,11.9654,179823.816,10.9136,177896.2828
529,000551.SZ,20150930,8.48,8.56,8.35,8.39,8.4,-0.009999999999999787,-0.119,61223.06,51756.5844,8.596,113872.266,8.3977,117922.6885,9.1191,155716.2218,12.3101,195653.1942,11.9713,179491.3392,11.0407,178603.2796
530,000551.SZ,20150929,8.6,8.68,8.35,8.4,8.81,-0.41000000000000014,-4.6538,89200.63,75989.179,8.61,123993.44,8.4477,121440.0815,9.2129,160334.3909,12.3319,196561.9953,11.9775,179590.9458,11.1678,179814.8573
531,000551.SZ,20150928,8.68,8.82,8.38,8.81,8.67,0.14000000000000057,1.6148,129952.55,112472.0364,8.672,129692.954,8.4715,123186.2746,9.3106,164880.4788,12.3463,196945.4565,11.9859,179334.4761,11.2946,181731.9832
532,000551.SZ,20150925,8.68,8.93,8.21,8.67,8.71,-0.040000000000000924,-0.4592,179551.16,155267.2524,8.664,133411.794,8.4869,126942.5915,9.3776,167165.3259,12.3575,196912.9383,11.9912,178848.9499,11.4255,183968.222
533,000551.SZ,20150924,8.54,8.74,8.48,8.71,8.46,0.25,2.9551,109433.93,94286.1997,8.606,115980.3,8.4692,121077.7846,9.4359,167347.12,12.3696,196986.4522,11.9966,178043.432,11.5607,185729.9312
534,000551.SZ,20150923,8.52,8.68,8.3,8.46,8.71,-0.25,-2.8703,111828.93,95260.794,8.49,125303.41,8.4015,120660.1977,9.4865,170455.2147,12.3798,196901.7612,12.0024,177674.5198,11.6833,188438.0172
535,000551.SZ,20150922,8.79,8.92,8.61,8.71,8.77,-0.05999999999999872,-0.6842,117698.2,103169.4105,8.432,124874.434,8.3323,122456.7869,9.5418,172348.4538,12.3913,196836.1559,12.0096,177323.0222,11.8061,190797.1937
536,000551.SZ,20150921,8.32,8.84,8.14,8.77,8.38,0.3899999999999988,4.6539,148546.75,126109.3083,8.176,123023.732,8.2646,123394.04,9.5638,173388.6241,12.4003,196624.1643,12.0152,177052.5921,11.9042,191580.846
537,000551.SZ,20150918,8.18,8.45,8.1,8.38,8.13,0.25,3.075,92393.69,76295.6328,8.05,117111.948,8.2577,123993.0131,9.6029,174009.4779,12.4076,195848.5061,12.0217,176626.6902,11.9883,192340.2596
538,000551.SZ,20150917,8.5,8.55,8.13,8.13,8.17,-0.03999999999999915,-0.4896,156049.48,130124.6365,8.182,120023.044,8.3346,129897.9815,9.6618,179275.9229,12.4169,195473.1531,12.0308,176566.7221,12.0743,194302.5859
539,000551.SZ,20150916,7.47,8.17,7.45,8.17,7.43,0.7400000000000002,9.9596,109684.05,85422.756,8.298,111193.376,8.3769,131462.7531,9.7318,181443.1126,12.4275,194560.0933,12.0427,176228.3694,12.1848,194832.6741
540,000551.SZ,20150915,7.85,8.03,7.34,7.43,8.14,-0.7100000000000009,-8.7224,108444.69,83449.266,8.466,125013.5,8.3762,143433.9869,9.7724,185270.4482,12.4372,194031.6624,12.0531,176345.1879,12.2978,195772.1297
541,000551.SZ,20150914,9.09,9.17,8.14,8.14,9.04,-0.8999999999999986,-9.9558,118987.83,102174.232,8.668,123986.296,8.4131,147169.57,9.8521,189116.8621,12.4522,193745.9596,,,12.4178,197642.8609
542,000551.SZ,20150911,8.7,9.07,8.69,9.04,8.71,0.3299999999999983,3.7887,106949.17,94668.6967,8.606,120989.79,8.4631,147482.9677,9.9441,194929.7621,12.4648,193459.5493,,,12.5226,199791.2487
543,000551.SZ,20150910,8.8,9.02,8.68,8.71,9.01,-0.29999999999999893,-3.3296,111901.14,98924.8501,8.31,126636.874,8.5192,151146.8554,10.0165,200311.4944,12.4712,193416.2085,,,12.6151,201802.1381
544,000551.SZ,20150909,8.44,9.05,8.4,9.01,8.44,0.5700000000000003,6.7536,178784.67,156581.9537,8.134,130233.144,8.6685,153816.3692,10.0856,204422.46,12.479,192986.8885,,,12.7004,203517.8561
545,000551.SZ,20150908,7.78,8.5,7.66,8.44,7.83,0.6099999999999994,7.7905,103308.67,83138.3031,8.068,125742.89,8.8446,157326.1685,10.1406,207783.5085,12.4835,192234.412,,,12.7781,203925.7753
546,000551.SZ,20150907,7.8,8.12,7.75,7.83,7.56,0.27000000000000046,3.5714,104005.3,82266.3856,8.256,138912.812,9.0538,170742.2346,10.2038,215573.5306,12.4941,192043.0465,,,12.8616,206153.3361
547,000551.SZ,20150902,7.35,8.28,7.3,7.56,7.83,-0.27000000000000046,-3.4483,135184.59,104573.7387,8.426,153390.054,9.4054,181849.0592,10.2806,221711.0035,12.5086,191680.2433,,,12.9581,210186.2244
548,000551.SZ,20150901,8.7,8.7,7.81,7.83,8.68,-0.8499999999999996,-9.7926,129882.49,105423.2221,8.546,179415.154,9.7369,192184.6062,10.3379,229693.1441,12.5253,191158.2937,,,13.0406,210551.6565
549,000551.SZ,20150831,9.15,9.28,8.61,8.68,9.38,-0.7000000000000011,-7.4627,156333.4,139439.412,8.562,184840.11,10.0569,203877.3646,10.3794,228263.0059,12.5405,190850.4063,,,13.1151,210852.4351
550,000551.SZ,20150828,8.8,9.38,8.67,9.38,8.68,0.7000000000000011,8.0645,169158.28,151083.2009,8.584,178185.83,10.2908,210385.1662,10.3712,223758.5206,12.5501,190328.7444,,,13.1758,210591.8855
551,000551.SZ,20150827,8.3,8.68,8.0,8.68,8.16,0.5199999999999996,6.3725,176391.51,147755.6968,8.662,175270.116,10.46,214160.7454,10.32,224927.7476,12.5535,189638.1189,,,13.2258,209738.4856
552,000551.SZ,20150826,7.93,8.43,7.42,8.16,7.91,0.25,3.1606,265310.09,213033.6707,9.056,169312.778,10.6938,219343.5231,10.3144,222535.3065,12.5628,189104.764,,,13.2781,208531.5532
553,000551.SZ,20150825,7.98,8.28,7.91,7.91,8.79,-0.879999999999999,-10.0114,157007.27,125629.3976,9.684,161133.172,10.9192,214907.1585,10.3518,220804.5903,12.5753,188121.1099,,,13.3314,206124.9709
554,000551.SZ,20150824,9.2,9.36,8.79,8.79,9.77,-0.9800000000000004,-10.0307,123062.0,109458.7844,10.334,185275.224,11.13,217116.7654,10.4274,220819.4406,12.5886,187547.3944,,,13.3943,205466.6711
555,000551.SZ,20150821,10.3,10.54,9.76,9.77,10.65,-0.8800000000000008,-8.2629,154579.71,157282.9713,11.056,210341.628,11.2562,224197.3154,10.5112,221804.2212,12.5931,187234.8567,,,13.4474,205548.0841
556,000551.SZ,20150820,11.13,11.39,10.65,10.65,11.3,-0.6500000000000004,-5.7522,146604.82,162170.8854,11.476,233335.026,11.3,225860.3423,10.6041,221368.5435,12.5934,186479.8397,,,13.4963,205053.0327
557,000551.SZ,20150819,10.73,11.48,10.15,11.3,11.16,0.14000000000000057,1.2545,224412.06,243000.1087,11.744,260391.732,11.2085,226357.2015,10.7135,222533.4382,12.5869,185794.3799,,,13.5307,205015.3091
558,000551.SZ,20150818,12.4,12.65,11.16,11.16,12.4,-1.2400000000000002,-10.0,277717.53,330787.881,11.828,263696.284,11.1162,222145.18,10.7797,221221.9938,12.5749,184537.4811,,,13.5605,203542.4873
559,000551.SZ,20150817,11.72,12.41,11.72,12.4,11.87,0.5300000000000011,4.465,248394.02,300319.1527,11.912,251800.94,11.0562,221663.2792,10.8944,216783.8838,12.5647,182935.8856,,,13.5897,201789.4677
560,000551.SZ,20150814,11.99,12.22,11.77,11.87,11.99,-0.120000000000001,-1.0008,269546.7,322700.7777,11.776,250875.66,10.9108,220227.8877,11.0218,214129.3968,12.5458,181574.9955,,,13.6088,201195.7231
561,000551.SZ,20150813,11.79,12.04,11.37,11.99,11.72,0.2699999999999996,2.3038,281888.35,332018.0702,11.62,238493.79,10.7323,217940.7154,11.1753,209654.9115,12.5304,180203.1122,,,13.6372,201077.7768
562,000551.SZ,20150812,11.36,11.93,11.32,11.72,11.58,0.14000000000000057,1.209,240934.82,281826.3058,11.352,219262.552,10.59,214658.7469,11.3112,204949.2841,12.5157,178777.2857,,,13.658,200116.8357
563,000551.SZ,20150811,11.62,11.85,11.41,11.58,11.72,-0.14000000000000057,-1.1945,218240.81,253648.5543,11.094,214097.418,10.5554,220481.1785,11.4412,201573.0138,12.5031,177675.3708,,,13.6843,199312.5127
564,000551.SZ,20150810,11.17,11.76,11.0,11.72,11.09,0.6300000000000008,5.6808,243767.62,277943.7507,10.846,205689.068,10.5492,225995.5831,11.6244,199067.6591,12.4932,176846.3921,,,13.7084,198212.0195
565,000551.SZ,20150807,10.75,11.17,10.7,11.09,10.65,0.4399999999999995,4.1315,207637.35,227582.2941,10.394,187548.342,10.4985,226603.7638,11.8112,195541.1665,12.4807,176052.3557,,,13.7258,197899.9048
566,000551.SZ,20150806,10.15,10.73,10.01,10.65,10.43,0.22000000000000064,2.1093,185732.16,195006.8357,10.196,179952.028,10.4823,233174.7615,12.0091,194203.7424,,,,,13.7604,198157.3531
567,000551.SZ,20150805,10.35,10.76,10.15,10.43,10.34,0.08999999999999986,0.8704,215109.15,225221.1264,10.142,197096.16,10.4777,247208.3969,12.2485,195328.0453,,,,,13.8034,198455.5132
568,000551.SZ,20150804,9.63,10.35,9.55,10.34,9.46,0.879999999999999,9.3023,176199.06,174974.5787,10.158,200021.116,10.4785,254713.7992,12.5162,196544.5291,,,,,13.8423,197979.0864
569,000551.SZ,20150803,9.99,10.12,9.15,9.46,10.1,-0.6399999999999988,-6.3366,153063.99,147630.3804,10.0,212743.996,10.4146,272435.2077,12.76,196194.1974,,,,,13.8852,199149.1404
570,000551.SZ,20150731,10.02,10.42,9.8,10.1,10.38,-0.28000000000000114,-2.6975,169655.78,171583.5818,10.136,229975.75,10.3977,266911.6538,13.0215,197092.4791,,,,,13.9435,200897.4432
571,000551.SZ,20150730,10.57,11.05,10.31,10.38,10.51,-0.129999999999999,-1.2369,271452.82,290980.287,10.37,259369.88,10.2669,254105.8938,13.2516,196575.8794,,,,,13.9851,201359.9208
572,000551.SZ,20150729,9.87,10.51,9.43,10.51,9.55,0.9599999999999991,10.0524,229733.93,227787.4827,10.594,263064.93,10.0562,249295.0615,13.4731,195444.475,,,,,14.0187,200941.2776
573,000551.SZ,20150728,9.32,10.18,9.16,9.55,10.14,-0.5899999999999999,-5.8185,239813.46,229915.5427,10.704,267452.938,9.9008,238934.6446,13.7119,197442.6082,,,,,14.0484,200894.8945
574,000551.SZ,20150727,11.0,11.59,10.14,10.14,11.27,-1.129999999999999,-10.0266,239222.76,260728.4031,10.97,278102.31,9.8915,236369.4354,13.9842,199556.3109,,,,,14.0971,200313.1469
575,000551.SZ,20150724,11.58,12.06,11.07,11.27,11.5,-0.23000000000000043,-2.0,316626.43,367828.9874,11.06,303891.642,9.9177,230084.0062,14.2125,201712.7115,,,,,14.1375,199920.2984
576,000551.SZ,20150723,11.02,11.59,10.8,11.5,11.06,0.4399999999999995,3.9783,289928.07,325310.331,10.894,303102.232,9.9462,217770.0146,14.4009,200893.3215,,,,,14.163,200574.4191
577,000551.SZ,20150722,10.86,11.28,10.6,11.06,10.88,0.17999999999999972,1.6544,251673.97,275984.5569,10.496,326432.092,10.0562,206219.1377,14.5351,197556.3818,,,,,14.1761,198760.1153
578,000551.SZ,20150721,10.4,11.17,10.2,10.88,10.59,0.2900000000000009,2.7384,293060.32,314756.448,10.132,292348.856,10.3108,201183.5431,14.6533,196198.4053,,,,,14.1932,197937.8805
579,000551.SZ,20150720,10.46,10.78,10.15,10.59,10.44,0.15000000000000036,1.4368,368169.42,387197.5997,9.636,234372.972,10.5162,192472.9762,14.7695,194625.1065,,,,,14.2163,196333.8397
580,000551.SZ,20150717,9.49,10.46,9.46,10.44,9.51,0.9299999999999997,9.7792,312679.38,314678.664,9.046,202521.488,10.86,173907.7738,14.941,189555.5971,,,,,14.2436,193715.0448
581,000551.SZ,20150716,8.49,9.85,8.32,9.51,9.24,0.2699999999999996,2.9221,406577.37,368623.9312,8.656,158995.314,11.3438,162020.2415,15.1233,185657.4747,,,,,14.2733,192570.2619
582,000551.SZ,20150715,9.24,9.24,9.24,9.24,8.4,0.8399999999999999,10.0,81257.79,75082.198,8.64,118972.988,11.9269,139776.9208,15.3269,181015.4794,,,,,14.3145,191231.3493
583,000551.SZ,20150714,8.4,8.4,8.4,8.4,7.64,0.7600000000000007,9.9476,3180.9,2671.956,8.888,134223.866,12.4938,142903.0154,15.5258,186864.2771,,,,,14.3544,194255.0991
584,000551.SZ,20150708,7.64,7.78,7.64,7.64,8.49,-0.8500000000000005,-10.0118,208912.0,159689.3027,9.536,164896.594,13.0892,152361.5331,15.7485,194352.0706,,,,,14.4036,197327.9449
585,000551.SZ,20150707,9.2,9.2,8.49,8.49,9.43,-0.9399999999999995,-9.9682,95048.51,81598.2689,10.594,151067.528,13.8715,146526.6677,15.9682,195283.4821,,,,,14.4606,196675.7847
586,000551.SZ,20150706,11.53,11.53,9.43,9.43,10.48,-1.0500000000000007,-10.0191,206465.74,207735.6256,11.77,169300.074,14.6085,148743.4646,16.1549,198646.1321,,,,,14.5058,198061.958
587,000551.SZ,20150703,11.0,11.65,10.48,10.48,11.64,-1.1600000000000001,-9.9656,157512.18,168353.4945,12.594,163971.516,15.2538,145335.71,16.3099,200525.8376,,,,,14.5411,198310.5499
588,000551.SZ,20150702,12.9,13.27,11.64,11.64,12.93,-1.2899999999999991,-9.9768,156544.54,191268.1628,13.51,157833.438,15.8931,150446.9623,16.4449,207848.1829,,,,,14.5587,198641.2619
589,000551.SZ,20150701,14.1,14.59,12.93,12.93,14.37,-1.4399999999999995,-10.0209,139766.67,194805.0303,14.528,158152.822,16.5,158133.5054,16.5068,208026.0494,,,,,14.5599,198847.0609
590,000551.SZ,20150630,13.11,14.5,12.2,14.37,13.55,0.8199999999999985,6.0517,186211.24,245790.221,15.36,153682.328,16.9385,160019.7446,16.5212,208398.8203,,,,,14.5398,198726.2944
591,000551.SZ,20150629,15.65,15.68,13.55,13.55,15.06,-1.5099999999999998,-10.0266,179822.95,254945.3833,15.808,140819.484,17.2447,159819.3085,16.4879,206945.3185,,,,,14.4976,198447.9335
592,000551.SZ,20150626,16.08,16.45,15.06,15.06,16.73,-1.67,-9.9821,126821.79,198259.6631,16.326,130083.22,17.581,157686.1115,16.4755,204749.1521,,,,,14.47,197613.2135
593,000551.SZ,20150625,17.02,17.77,16.51,16.73,17.09,-0.35999999999999943,-2.1065,158141.46,271659.5342,16.876,131330.612,17.8005,165852.5177,16.4032,203544.7341,,,,,14.4245,197900.0025
594,000551.SZ,20150624,16.81,17.25,16.51,17.09,16.61,0.4800000000000004,2.8898,117414.2,198748.722,17.144,124475.694,17.9466,176585.5177,16.2686,201388.1153,,,,,14.3542,197456.664
595,000551.SZ,20150623,16.01,16.65,15.0,16.61,16.14,0.46999999999999886,2.912,121897.02,194810.8624,17.29,133425.84,18.0787,191528.9908,16.1375,201100.4853,,,,,14.279,198697.7424
596,000551.SZ,20150619,17.15,17.73,16.03,16.14,17.81,-1.6699999999999982,-9.3768,126141.63,213545.5866,17.726,153838.128,18.1782,206193.8646,16.0245,201314.3371,,,,,14.2149,200665.966
597,000551.SZ,20150618,18.08,18.58,17.7,17.81,18.07,-0.26000000000000156,-1.4388,133058.75,241690.8166,18.404,179903.722,18.2962,218703.5215,15.9451,201058.7259,,,,,14.1565,203232.6464
598,000551.SZ,20150617,17.7,18.22,17.19,18.07,17.82,0.25,1.4029,123866.87,220012.7672,18.568,186149.528,18.1618,222043.0115,15.8103,201373.9259,,,,,14.0772,211908.896
599,000551.SZ,20150616,18.61,18.61,17.55,17.82,18.79,-0.9699999999999989,-5.1623,162164.93,290241.5651,18.6241,198097.268,17.9317,228322.6962,15.677,201082.2659,,,,,13.99,212818.5435
600,000551.SZ,20150615,19.55,20.14,18.75,18.79,19.53,-0.740000000000002,-3.789,223958.46,435058.7838,18.6447,196082.56,17.7017,234276.7908,15.5454,200613.9168,,,,,13.8922,212581.9315
601,000551.SZ,20150612,18.6,20.25,18.3,19.53,18.63,0.9000000000000021,4.8309,256469.6,491037.172,18.4693,197887.882,17.5194,232111.2246,15.3997,200022.8788,,,,,13.7806,211266.0845
602,000551.SZ,20150611,18.45,18.82,18.25,18.63,18.35,0.2799999999999976,1.5259,164287.78,304294.5956,18.2891,206128.054,17.2971,226239.9646,15.2372,200147.3238,,,,,13.6589,210381.652
603,000551.SZ,20150610,17.9229,18.6489,17.6344,18.3506,17.9229,0.4277000000000015,2.3863,183605.57,337569.4324,18.3247,235606.368,17.128,232737.0223,15.0876,201486.4412,,,,,13.5463,209487.6605
604,000551.SZ,20150609,17.7538,18.45,17.6145,17.9229,17.9129,0.00999999999999801,0.0558,152091.39,275744.5675,18.2352,261393.33,16.9474,240160.9715,14.9507,201398.3535,,,,,13.4365,208404.6765
605,000551.SZ,20150608,18.629,18.6489,17.5847,17.9129,18.629,-0.7161000000000008,-3.844,232985.07,420113.8746,18.1854,288728.486,16.7974,248289.7785,14.8173,200916.3662,,,,,13.331,207539.0768
606,000551.SZ,20150605,19.0965,19.5739,18.0721,18.629,18.8081,-0.17909999999999826,-0.9522,297670.46,558255.7555,17.8155,277425.896,16.5817,248874.0031,14.6734,200545.0118,,,,,13.223,204923.9688
607,000551.SZ,20150604,18.4699,19.3949,16.8089,18.8081,17.903,0.9051000000000009,5.0556,311679.35,574748.0336,17.1053,258992.358,16.2902,242082.3223,14.528,198464.8797,,,,,13.1042,201466.2673
608,000551.SZ,20150603,17.903,18.7484,17.3957,17.903,17.6742,0.22879999999999967,1.2945,312540.38,569280.3213,16.3096,244570.12,15.9742,238905.1208,14.3829,195418.2568,,,,,12.9822,197638.1277
609,000551.SZ,20150602,16.4608,17.6742,15.9436,17.6742,16.063,1.6112000000000002,10.0305,288767.17,493271.388,16.0132,221223.264,15.7561,246130.6238,14.249,191501.6909,,,,,12.871,193918.7893
610,000551.SZ,20150601,15.1976,16.0729,14.9291,16.063,15.0783,0.9846999999999984,6.5306,176472.12,279252.699,15.8063,199498.474,15.4539,236424.8415,14.1278,190771.8656,,,,,12.7634,190965.9401
611,000551.SZ,20150529,14.571,15.4264,14.0737,15.0783,14.8296,0.24870000000000125,1.6771,205502.77,308167.6407,15.8799,213953.956,15.2504,234576.2846,14.0623,193939.9415,,,,,12.6818,189649.5752
612,000551.SZ,20150528,16.421,16.8586,14.7799,14.8296,16.421,-1.5914000000000001,-9.6912,239568.16,384714.9499,16.0649,228876.784,15.1089,229290.8546,14.0076,193905.7894,,,,,12.6136,188252.3129
613,000551.SZ,20150527,16.799,16.799,15.9535,16.421,16.6398,-0.21880000000000166,-1.3149,195806.1,320580.9489,16.2937,232516.328,14.9781,218951.2492,13.9509,193920.0959,,,,,12.5469,185725.7916
614,000551.SZ,20150526,16.5105,17.1272,16.431,16.6398,16.431,0.2088000000000001,1.2708,180143.22,303166.6148,16.0311,241471.106,14.6843,210494.7477,13.8426,194815.6576,,,,,12.4569,184054.0843
615,000551.SZ,20150525,16.0132,16.6796,15.6452,16.431,16.0033,0.4277000000000015,2.6726,248749.53,406495.9618,15.6711,247318.184,14.3392,203161.9169,13.7414,195287.3979,,,,,12.3678,182662.2019
616,000551.SZ,20150522,16.0132,16.5105,15.6353,16.0033,15.9734,0.029899999999999594,0.1872,280116.91,451026.0083,15.3249,251643.424,14.0469,192306.9362,13.6455,194140.6212,,,,,12.2809,180035.6967
617,000551.SZ,20150521,15.2673,16.1724,14.9689,15.9734,15.1081,0.8652999999999995,5.7274,257765.88,401146.0349,15.1379,276914.426,13.7983,180695.48,13.5627,196657.3438,,,,,12.2005,177101.1224
618,000551.SZ,20150520,14.949,15.5159,14.8097,15.1081,14.8396,0.2684999999999995,1.8093,240579.99,367397.9551,14.6924,257879.65,13.6032,169902.0162,13.46,193601.15,,,,,12.1211,174804.8667
619,000551.SZ,20150519,14.8794,15.3767,14.7302,14.8396,14.7003,0.13930000000000042,0.9476,209378.61,314905.4379,14.3542,240251.828,13.4586,162455.5208,13.3787,192113.6903,,,,,12.0537,172679.988
620,000551.SZ,20150518,14.5213,15.1579,14.4517,14.7003,15.0683,-0.3680000000000003,-2.4422,270375.73,402336.0436,14.0339,225734.542,13.3584,155114.8915,13.3131,191036.5918,,,,,11.9876,170817.716
621,000551.SZ,20150515,13.8052,15.1181,13.5466,15.0683,13.7455,1.3228000000000009,9.6235,406471.92,588384.0509,13.7197,192690.054,13.2543,145566.0708,13.2523,188136.1232,,,,,11.9251,168540.5516
622,000551.SZ,20150514,13.4073,13.7952,13.3477,13.7455,13.4173,0.3282000000000007,2.4461,162592.0,223157.3311,13.2263,128569.986,13.1595,129980.7823,13.1818,182852.2626,,,,,11.8571,164769.7781
623,000551.SZ,20150513,13.1587,13.5665,13.0294,13.4173,13.2383,0.1789999999999985,1.3521,152440.88,205434.0513,12.9081,113014.87,13.1793,137527.6077,13.1482,187074.8194,,,,,11.8047,163593.7813
624,000551.SZ,20150512,13.0592,13.4272,13.0095,13.2383,13.1289,0.10940000000000083,0.8333,136792.18,181618.671,12.7509,104053.65,13.1893,141941.2146,13.1133,191651.2353,,,,,11.7516,162601.9905
625,000551.SZ,20150511,12.7807,13.2084,12.6514,13.1289,12.6017,0.5272000000000006,4.1836,105153.29,137534.8502,12.6574,102528.81,13.2245,145311.8615,13.0794,194499.8282,,,,,11.706,161389.5248
626,000551.SZ,20150508,12.3431,12.6216,12.2337,12.6017,12.1541,0.44759999999999955,3.6827,85871.58,107500.3376,12.7191,104988.322,13.2444,147661.9023,13.0437,196112.9662,,,,,11.6604,160626.1292
627,000551.SZ,20150507,12.6514,12.7111,12.1541,12.1541,12.6315,-0.47740000000000116,-3.7794,84816.42,105543.9375,12.8444,116569.116,13.2765,158007.09,13.0227,199440.6112,,,,,11.6201,160060.0899
628,000551.SZ,20150506,12.9598,13.1289,12.4326,12.6315,12.7708,-0.13929999999999865,-1.0908,107634.78,139442.4541,13.1209,122395.918,13.3943,168940.1323,13.0203,203566.8968,,,,,11.5873,159557.0412
629,000551.SZ,20150505,13.477,13.5168,12.7111,12.7708,13.4372,-0.6664000000000012,-4.9594,129167.98,169958.4688,13.2641,130117.174,13.49,176667.7777,12.9958,205763.3909,,,,,11.548,158820.9221
630,000551.SZ,20150504,13.3775,13.5764,13.2383,13.4372,13.2283,0.20889999999999986,1.5792,117450.85,158140.7204,13.477,145056.212,13.5343,180530.0208,12.9653,207022.5524,,,,,11.5063,158058.6225
631,000551.SZ,20150430,13.5466,13.7057,13.2084,13.2283,13.5366,-0.30829999999999913,-2.2775,143775.55,194596.8875,13.5903,173706.188,13.5435,191799.4254,12.9059,207412.5032,,,,,11.4587,157513.5356
632,000551.SZ,20150429,13.3178,13.5665,13.2283,13.5366,13.3477,0.1889000000000003,1.4152,113950.43,153736.071,13.654,186914.632,13.5902,202600.2831,12.8466,208046.5803,,,,,11.4145,156693.3159
633,000551.SZ,20150428,13.835,13.9345,13.2084,13.3477,13.835,-0.4873000000000012,-3.5222,146241.06,198445.9201,13.6858,200246.664,13.5657,209553.45,12.786,208142.7132,,,,,11.3693,156492.2152
634,000551.SZ,20150427,13.9743,14.213,13.6858,13.835,14.0041,-0.16909999999999847,-1.2075,203863.17,285092.7154,13.6938,198139.216,13.5313,216769.8746,12.736,208204.1812,,,,,11.3237,156268.0195
635,000551.SZ,20150424,13.4073,14.1235,13.2283,14.0041,13.5466,0.4574999999999996,3.3772,260700.73,359954.1298,13.5307,201438.386,13.4471,218492.3385,12.6661,205881.4724,,,,,,
636,000551.SZ,20150423,13.6958,13.7555,13.3178,13.5466,13.6958,-0.14920000000000044,-1.0894,209817.77,285600.5279,13.467,194687.434,13.3852,213529.3892,12.5909,204404.8356,,,,,,
637,000551.SZ,20150422,13.4272,13.7356,13.3278,13.6958,13.3875,0.3083000000000009,2.3029,180610.59,246572.2681,13.5327,194342.714,13.3561,213524.8777,12.5397,206160.6009,,,,,,
638,000551.SZ,20150421,12.9996,13.3974,12.9399,13.3875,13.0194,0.3681000000000001,2.8273,135703.82,180390.4526,13.463,194096.024,13.3171,227761.4077,12.4826,210220.3676,,,,,,
639,000551.SZ,20150420,13.5366,13.6262,12.9399,13.0194,13.6858,-0.6664000000000012,-4.8693,220359.02,293123.0848,13.4968,219745.882,13.2474,229157.6746,12.4379,229281.3574,,,,,,
640,000551.SZ,20150417,13.9842,14.3423,13.6759,13.6858,13.8748,-0.18900000000000006,-1.3622,226945.97,317914.1927,13.66,232511.418,13.1954,226822.8546,12.394,228449.9282,,,,,,
641,000551.SZ,20150416,13.4272,14.0141,13.3775,13.8748,13.3477,0.5271000000000008,3.949,208094.17,288392.6502,13.5665,227990.544,13.1128,222654.4923,12.2998,226022.6653,,,,,,
642,000551.SZ,20150415,13.3974,13.7256,13.1388,13.3477,13.5565,-0.2088000000000001,-1.5402,179377.14,242680.752,13.3715,234382.626,13.0172,219859.5408,12.1983,223586.6585,,,,,,
643,000551.SZ,20150414,13.8549,14.2826,13.5068,13.5565,13.835,-0.2785000000000011,-2.013,263953.11,367465.8509,13.2502,243758.238,12.9651,223509.0423,12.1117,223903.1297,,,,,,
644,000551.SZ,20150413,13.2283,13.9047,13.2283,13.835,13.2184,0.6166,4.6647,284186.7,388934.8816,13.1786,230204.094,12.8917,226755.6438,12.0125,218999.7565,,,,,,
645,000551.SZ,20150410,12.7907,13.278,12.7111,13.2184,12.9001,0.3183000000000007,2.4674,204341.6,267942.5638,13.0453,215318.578,12.7685,228590.4377,11.9031,213652.5526,,,,,,
646,000551.SZ,20150409,12.9697,13.1189,12.3928,12.9001,12.741,0.15910000000000046,1.2487,240054.58,308866.7264,13.0393,247587.354,12.6813,230844.4946,11.8087,210206.3706,,,,,,
647,000551.SZ,20150408,13.2383,13.3974,12.6315,12.741,13.1985,-0.4574999999999996,-3.4663,226255.2,293286.3977,12.9558,230347.496,12.6055,224686.4485,11.718,204229.8232,,,,,,
648,000551.SZ,20150407,13.1686,13.4869,13.1289,13.1985,13.1686,0.029899999999999594,0.2271,196182.39,261862.8055,12.8762,223097.728,12.5397,222590.78,11.629,198702.9894,,,,,,
649,000551.SZ,20150403,13.0294,13.288,12.91,13.1686,13.1885,-0.019899999999999807,-0.1509,209759.12,276407.6148,12.7589,218412.702,12.4533,224815.9908,11.5249,193655.5332,,,,,,
650,000551.SZ,20150402,12.6117,13.4272,12.542,13.1885,12.4824,0.7060999999999993,5.6568,365685.48,478685.0704,12.6514,210812.838,12.3477,222704.9492,11.419,188474.0885,,,,,,
651,000551.SZ,20150401,12.3531,12.5321,12.3531,12.4824,12.3431,0.13930000000000042,1.1286,153855.29,192231.0008,12.548,183039.874,12.236,207804.4869,11.3134,179698.1474,,,,,,
652,000551.SZ,20150331,12.6514,12.6813,12.2934,12.3431,12.6117,-0.26860000000000106,-2.1298,190006.36,237567.1076,12.5719,213500.602,12.1541,206024.0169,11.2388,177459.6021,,,,,,
653,000551.SZ,20150330,12.5619,12.7012,12.4326,12.6117,12.6315,-0.01980000000000004,-0.1568,172757.26,217902.3526,12.55,237107.134,12.0669,204126.1562,11.1689,174833.1826,,,,,,
654,000551.SZ,20150327,12.8901,12.9896,12.4326,12.6315,12.6713,-0.03979999999999961,-0.3141,171759.8,218055.504,12.4445,249284.55,11.9797,199853.9785,11.087,171225.0003,,,,,,
655,000551.SZ,20150326,12.5918,12.9001,12.2437,12.6713,12.6017,0.06960000000000122,0.5523,226820.66,285978.2412,12.3013,246932.586,11.904,198051.7608,10.9998,168244.6547,,,,,,
656,000551.SZ,20150325,12.2337,12.8106,12.0049,12.6017,12.2337,0.36799999999999855,3.0081,306158.93,385943.9387,12.1442,241370.756,11.8106,190211.0231,10.9199,163801.46,,,,,,
657,000551.SZ,20150324,12.0945,12.3928,11.7364,12.2337,12.0845,0.14920000000000044,1.2346,308039.02,375636.5518,12.0388,225160.996,11.7219,182852.2654,10.841,156319.1868,,,,,,
658,000551.SZ,20150323,11.995,12.174,11.8756,12.0845,11.9154,0.16910000000000025,1.4192,233644.34,282640.9029,11.9512,200016.308,11.689,179888.7862,10.7746,149024.6226,,,,,,
659,000551.SZ,20150320,11.8856,12.0149,11.7662,11.9154,11.8856,0.029799999999999827,0.2507,159999.98,191403.6647,11.8816,187683.334,11.6637,186427.1185,10.7137,144668.8097,,,,,,
660,000551.SZ,20150319,12.0348,12.0447,11.7463,11.8856,12.0746,-0.18900000000000006,-1.5653,199011.51,237352.2869,11.7822,181825.174,11.6599,234410.0023,10.659,142351.5776,,,,,,
661,000551.SZ,20150318,11.816,12.184,11.6668,12.0746,11.7961,0.2785000000000011,2.3609,225110.13,269473.434,11.6469,175089.706,11.6324,233877.6115,10.5999,138548.5394,,,,,,
662,000551.SZ,20150317,11.7364,11.9254,11.6369,11.7961,11.7364,0.05969999999999942,0.5087,182315.58,215527.346,11.5275,153511.47,11.5099,227670.6038,10.5394,134856.7238,,,,,,
663,000551.SZ,20150316,11.4778,11.7563,11.4778,11.7364,11.4181,0.3182999999999989,2.7877,171979.47,201464.9432,11.4977,146714.548,11.4044,223282.4777,10.4855,133131.6747,,,,,,
664,000551.SZ,20150313,11.2988,11.4579,11.1993,11.4181,11.2093,0.2088000000000001,1.8627,130709.18,148837.1785,11.442,137296.868,11.3018,224679.2231,10.4291,130261.4621,,,,,,
665,000551.SZ,20150312,11.448,11.5673,10.9904,11.2093,11.4778,-0.2684999999999995,-2.3393,165334.17,187024.6693,11.448,153254.048,11.207,222104.5492,10.3709,128712.8559,,,,,,
666,000551.SZ,20150311,11.627,11.6867,11.438,11.4778,11.6469,-0.16910000000000025,-1.4519,117218.95,135825.2516,11.5673,174089.972,11.1228,217262.0569,10.3299,125198.8288,,,,,,
667,000551.SZ,20150310,11.4778,11.7165,11.4181,11.6469,11.4579,0.18900000000000006,1.6495,148330.97,172711.0594,11.623,214374.714,11.0096,214950.7077,10.2778,123159.9956,,,,,,
668,000551.SZ,20150309,11.259,11.5673,11.249,11.4579,11.448,0.00990000000000002,0.0865,124891.07,143622.8649,11.6668,341464.014,10.8688,206375.4,10.217,120074.3385,,,,,,
669,000551.SZ,20150306,11.9154,12.0348,11.3584,11.448,11.806,-0.35799999999999876,-3.0324,210495.08,246590.5946,11.6807,354903.886,10.7349,199717.8446,10.1652,117786.0062,,,,,,
670,000551.SZ,20150305,11.6867,12.0845,11.5574,11.806,11.7563,0.04969999999999963,0.4228,269513.79,321292.2665,11.4877,341688.676,10.5972,185415.8292,10.1131,113136.9112,,,,,,
671,000551.SZ,20150304,11.5375,11.7961,11.4181,11.7563,11.8657,-0.10940000000000083,-0.922,318642.66,371292.8611,11.2112,312839.906,10.425,167267.8454,10.0497,107327.55,,,,,,
672,000551.SZ,20150303,11.7364,12.4028,11.5275,11.8657,11.5275,0.3382000000000005,2.9339,783777.47,947256.6963,10.9407,287138.806,10.259,147934.0623,9.9941,100207.7462,,,,,,
673,000551.SZ,20150302,11.5275,11.5275,11.5275,11.5275,10.4832,1.0442999999999998,9.9617,192090.43,222632.8084,10.6045,149830.996,10.1114,93623.8531,9.9367,79574.8521,,,,,,
674,000551.SZ,20150227,10.4136,10.6025,10.3738,10.4832,10.4235,0.05969999999999942,0.5727,144419.03,152154.699,10.3221,131889.264,9.9912,86594.4431,9.8961,76833.0124,,,,,,
675,000551.SZ,20150226,10.3539,10.5329,10.2843,10.4235,10.4036,0.019899999999999807,0.1913,125269.94,130855.4883,10.2266,120439.74,9.9407,79337.5223,9.8797,76392.0521,,,,,,
676,000551.SZ,20150225,10.1948,10.5429,10.145,10.4036,10.1848,0.21880000000000166,2.1483,190137.16,198067.8804,10.1052,102756.146,9.8826,75118.9154,,,,,,,,
677,000551.SZ,20150217,10.1649,10.2445,10.0456,10.1848,10.1152,0.06959999999999944,0.6881,97238.42,99027.2591,9.968,72397.284,9.8482,66320.06,,,,,,,,
678,000551.SZ,20150216,9.9958,10.1649,9.9958,10.1152,10.0058,0.10939999999999905,1.0934,102381.77,103931.8349,9.8626,57863.376,9.8275,62821.8462,,,,,,,,
679,000551.SZ,20150213,9.8665,10.0655,9.8069,10.0058,9.8168,0.18900000000000006,1.9253,87171.41,87570.7649,9.7532,44105.022,9.8168,59563.5438,,,,,,,,
680,000551.SZ,20150212,9.7273,9.9262,9.7273,9.8168,9.7173,0.09950000000000081,1.0239,36851.97,36409.8525,9.6716,40131.436,9.8176,59438.5662,,,,,,,,
681,000551.SZ,20150211,9.6477,9.7969,9.6278,9.7173,9.6577,0.05959999999999965,0.6171,38342.85,37513.5722,9.6975,48309.992,9.8359,62851.0369,,,,,,,,
682,000551.SZ,20150210,9.598,9.6875,9.5383,9.6577,9.5682,0.08950000000000102,0.9354,24568.88,23763.7066,9.7472,60783.042,9.8482,65263.7569,,,,,,,,
683,000551.SZ,20150209,9.5582,9.7074,9.5582,9.5682,9.598,-0.029800000000001603,-0.3105,33590.0,32508.7775,9.781,65885.078,9.8757,71034.4892,,,,,,,,
684,000551.SZ,20150206,9.9063,10.0058,9.4786,9.598,9.9461,-0.34809999999999874,-3.4999,67303.48,66041.8957,9.8009,73252.688,9.9063,77963.2515,,,,,,,,
685,000551.SZ,20150205,10.0257,10.0754,9.8566,9.9461,9.966,-0.019899999999999807,-0.1997,77744.75,78095.302,9.8725,74942.4,9.9231,78508.5408,,,,,,,,
686,000551.SZ,20150204,9.8367,10.1052,9.777,9.966,9.8267,0.13929999999999865,1.4176,100708.1,100965.0573,9.8665,69745.778,9.8841,78532.5269,,,,,,,,
687,000551.SZ,20150203,9.7173,9.8367,9.6676,9.8267,9.6676,0.15910000000000046,1.6457,50079.06,49202.3627,9.8685,61608.926,9.8726,74313.2308,,,,,,,,
688,000551.SZ,20150202,9.9163,9.9163,9.6179,9.6676,9.956,-0.2883999999999993,-2.8967,70428.05,69013.6808,9.9063,68702.454,9.8635,74145.5046,,,,,,,,
689,000551.SZ,20150130,9.9362,10.0853,9.9063,9.956,9.9163,0.039699999999999847,0.4004,75752.04,76223.6677,9.9839,70859.662,9.8566,72067.8569,,,,,,,,
690,000551.SZ,20150129,9.9063,10.0356,9.8765,9.9163,9.9759,-0.05959999999999965,-0.5974,51761.64,51761.6473,9.968,69650.896,9.8367,69862.9131,,,,,,,,
691,000551.SZ,20150128,9.9859,10.0953,9.9362,9.9759,10.0157,-0.03980000000000139,-0.3974,60023.84,60472.1903,9.9879,79216.248,9.8183,69914.0062,,,,,,,,
692,000551.SZ,20150127,10.0953,10.1351,9.8566,10.0157,10.0555,-0.03979999999999961,-0.3958,85546.7,86226.9093,9.9859,91944.262,9.7931,70834.9038,,,,,,,,
693,000551.SZ,20150126,9.8765,10.0853,9.8765,10.0555,9.8765,0.17900000000000027,1.8124,81214.09,81791.4825,9.9461,89713.37,9.7816,70144.3369,,,,,,,,
694,000551.SZ,20150123,10.0655,10.0655,9.8466,9.8765,10.0157,-0.13920000000000066,-1.3898,69708.21,69699.8301,9.8228,89081.866,9.7709,70224.72,,,,,,,,
695,000551.SZ,20150122,9.9362,10.0953,9.8566,10.0157,9.966,0.04970000000000141,0.4987,99588.4,99789.5681,9.8108,84311.674,9.7916,72467.7715,,,,,,,,
696,000551.SZ,20150121,9.8665,9.9859,9.7969,9.966,9.8168,0.14919999999999867,1.5198,123663.91,123021.379,9.7492,73973.718,9.7847,74763.0008,,,,,,,,
697,000551.SZ,20150120,9.4985,9.8964,9.4985,9.8168,9.4389,0.37790000000000035,4.0036,74392.24,72428.0162,9.6716,57924.662,,,,,,,,,,
698,000551.SZ,20150119,9.6179,9.8267,9.1604,9.4389,9.8168,-0.37790000000000035,-3.8495,78056.57,75123.3487,9.6477,52463.768,,,,,,,,,,
699,000551.SZ,20150116,9.7074,9.8566,9.6477,9.8168,9.7074,0.10940000000000083,1.127,45857.25,45077.3441,9.6955,47337.624,,,,,,,,,,
700,000551.SZ,20150115,9.6079,9.8267,9.6079,9.7074,9.5781,0.12930000000000064,1.35,47898.62,46812.8724,9.6616,52565.276,,,,,,,,,,
701,000551.SZ,20150114,9.6974,9.7273,9.5085,9.5781,9.6974,-0.11930000000000085,-1.2302,43418.63,42016.3696,9.6935,58299.418,,,,,,,,,,
702,000551.SZ,20150113,9.7173,9.7372,9.6079,9.6974,9.6776,0.01980000000000004,0.2046,47087.77,45774.932,9.7611,66067.506,,,,,,,,,,
703,000551.SZ,20150112,9.6477,9.9362,9.6278,9.6776,9.6477,0.029899999999999594,0.3099,52425.85,51357.0669,9.8506,76423.528,,,,,,,,,,
704,000551.SZ,20150109,9.8466,9.9262,9.6378,9.6477,9.8665,-0.21879999999999988,-2.2176,71995.51,70990.4872,9.9003,91823.634,,,,,,,,,,
705,000551.SZ,20150108,9.9262,10.0555,9.8566,9.8665,9.9163,-0.0497999999999994,-0.5022,76569.33,76670.8851,,,,,,,,,,,,
706,000551.SZ,20150107,10.0655,10.0754,9.8367,9.9163,10.145,-0.2286999999999999,-2.2543,82259.07,82326.0216,,,,,,,,,,,,
707,000551.SZ,20150106,9.8466,10.1749,9.7671,10.145,9.9262,0.21879999999999988,2.2043,98867.88,99228.839,,,,,,,,,,,,
708,000551.SZ,20150105,9.9859,10.0058,9.8267,9.9262,9.9461,-0.019899999999999807,-0.2001,129426.38,129475.8279,,,,,,,,,,,,
