,ts_code,trade_date,open,high,low,close,pre_close,change,pct_chg,vol,amount,ma5,ma_v_5,ma13,ma_v_13,ma34,ma_v_34
0,000540.SZ,20170818,7.26,7.44,7.19,7.35,7.34,0.009999999999999787,0.1362,594806.49,434576.726,7.318,543643.088,7.5638,742111.5092,7.4796,1066127.1353
1,000540.SZ,20170817,7.28,7.35,7.25,7.34,7.29,0.04999999999999982,0.6859,449676.93,328196.444,7.29,610282.006,7.6277,813698.3723,7.4608,1056045.2959
2,000540.SZ,20170816,7.35,7.37,7.22,7.29,7.35,-0.05999999999999961,-0.8163,474620.74,345113.604,7.378,681400.528,7.7069,890182.5285,7.4434,1054719.6218
3,000540.SZ,20170815,7.27,7.52,7.27,7.35,7.26,0.08999999999999986,1.2397,666144.99,493330.245,7.454,700456.678,7.7785,963569.6954,7.4252,1053667.8691
4,000540.SZ,20170814,7.2,7.32,7.19,7.26,7.21,0.04999999999999982,0.6935,532966.29,386731.929,7.552,738905.442,7.8638,1091729.3123,7.4055,1048623.7453
5,000540.SZ,20170811,7.7,7.73,7.15,7.21,7.78,-0.5700000000000003,-7.3265,928001.08,693428.733,7.64,790376.544,7.9131,1150191.3038,7.3934,1050882.9747
6,000540.SZ,20170810,7.65,7.83,7.54,7.78,7.67,0.11000000000000032,1.4342,805269.54,620172.757,7.74,784159.858,7.98,1203100.1015,7.3798,1054967.5691
7,000540.SZ,20170809,7.79,7.85,7.66,7.67,7.84,-0.16999999999999993,-2.1684,569901.49,440524.897,7.768,780763.274,7.9992,1347125.5008,7.3423,1041080.6176
8,000540.SZ,20170808,7.72,7.85,7.61,7.84,7.7,0.13999999999999968,1.8182,858388.81,664418.568,7.816,925212.414,8.0331,1469003.5708,7.3061,1038020.6606
9,000540.SZ,20170807,7.69,7.75,7.54,7.7,7.71,-0.009999999999999787,-0.1297,790321.8,603869.644,7.884,1058621.794,8.0515,1591381.8838,7.2626,1019994.1271
10,000540.SZ,20170804,7.94,7.98,7.71,7.71,7.92,-0.20999999999999996,-2.6515,896917.65,701509.623,8.018,1189351.626,8.0515,1715307.6292,7.2201,999593.1794
11,000540.SZ,20170803,7.87,8.12,7.84,7.92,7.91,0.009999999999999787,0.1264,788286.62,628079.77,8.12,1295698.878,8.0408,1842920.6277,7.1778,976155.7585
12,000540.SZ,20170802,8.11,8.24,7.9,7.91,8.18,-0.2699999999999996,-3.3007,1292147.19,1036521.966,8.228,1604485.556,7.9638,1878937.8846,7.1285,955792.1653
13,000540.SZ,20170801,8.3,8.62,8.16,8.18,8.37,-0.1899999999999995,-2.27,1525435.71,1274029.953,8.226,1604650.554,7.8777,1809960.2869,7.0795,921313.7762
14,000540.SZ,20170731,8.24,8.48,8.07,8.37,8.22,0.14999999999999858,1.8248,1443970.96,1194503.151,8.206,1622726.502,7.7692,1721850.6069,7.0223,880394.2068
15,000540.SZ,20170728,8.34,8.52,8.16,8.22,8.46,-0.2400000000000002,-2.8369,1428653.91,1182564.862,8.138,1869452.256,7.6392,1642829.9469,6.9612,841778.1938
16,000540.SZ,20170727,7.8,8.49,7.76,8.46,7.9,0.5600000000000005,7.0886,2332220.01,1918517.226,8.116,2014584.754,7.5238,1563685.1646,6.9034,804005.8094
17,000540.SZ,20170726,8.0,8.08,7.82,7.9,8.08,-0.17999999999999972,-2.2277,1292972.18,1025316.432,8.04,2038002.128,7.3937,1419407.9285,6.8405,739734.4882
18,000540.SZ,20170725,7.98,8.09,7.78,8.08,8.03,0.05000000000000071,0.6227,1615815.45,1281911.232,8.0,2259678.99,7.3015,1339069.8477,6.7938,705501.5024
19,000540.SZ,20170724,8.14,8.74,8.0,8.03,8.11,-0.08000000000000007,-0.9864,2677599.73,2222669.002,7.898,2447693.226,7.1924,1245091.4808,6.7421,662055.1132
20,000540.SZ,20170721,7.97,8.38,7.91,8.11,8.08,0.02999999999999936,0.3713,2154316.4,1749226.208,7.676,2163475.472,7.0886,1068633.7138,6.6901,585921.3174
21,000540.SZ,20170720,7.71,8.31,7.55,8.08,7.7,0.3799999999999999,4.9351,2449306.88,1924789.896,7.412,1811699.876,6.9712,933068.3562,6.6352,525007.575
22,000540.SZ,20170719,7.48,7.81,7.42,7.7,7.57,0.1299999999999999,1.7173,2401356.49,1839151.221,7.15,1397840.474,6.8659,764046.5923,6.5812,456970.1559
23,000540.SZ,20170718,6.82,7.61,6.82,7.57,6.92,0.6500000000000004,9.3931,2555886.63,1868806.639,6.946,1000909.652,6.7927,610450.2477,6.5376,391415.4471
24,000540.SZ,20170717,6.81,7.18,6.53,6.92,6.79,0.1299999999999999,1.9146,1256510.96,869977.484,6.776,569686.674,6.7236,447602.1338,6.5003,324063.1312
25,000540.SZ,20170714,6.75,6.85,6.74,6.79,6.77,0.020000000000000462,0.2954,395438.42,268718.105,6.7457,409707.67,6.7052,388997.0431,6.4787,292362.9238
26,000540.SZ,20170713,6.66,6.79,6.62,6.77,6.68,0.08999999999999986,1.3473,380009.87,254299.716,6.7278,380335.412,6.7095,405484.8638,6.4601,287860.0732
27,000540.SZ,20170712,6.74,6.78,6.57,6.68,6.72,-0.040000000000000036,-0.5952,416702.38,277963.759,6.7062,383152.774,6.7079,458320.8192,6.4389,281524.7497
28,000540.SZ,20170711,6.7491,6.8462,6.7006,6.72,6.7685,-0.048500000000000654,-0.7166,399771.74,278890.364,6.7064,376542.05,6.6946,451890.8815,6.4204,275925.3076
29,000540.SZ,20170710,6.6617,6.8268,6.652,6.7685,6.7006,0.06790000000000074,1.0133,456615.94,318300.183,6.6792,374981.052,6.6729,456974.8208,6.3995,268166.9594
30,000540.SZ,20170707,6.6229,6.7103,6.5937,6.7006,6.6617,0.038899999999999935,0.5839,248577.13,170676.22,6.6675,334062.654,6.6415,440734.1077,6.3775,257916.3538
31,000540.SZ,20170706,6.652,6.7394,6.5937,6.6617,6.6811,-0.019400000000000084,-0.2904,394096.68,270717.278,6.6772,365268.03,6.6072,429050.45,6.3581,254595.9715
32,000540.SZ,20170705,6.5646,6.7006,6.5646,6.6811,6.584,0.09710000000000019,1.4748,383648.76,262220.31,6.6792,374220.924,6.5773,406431.1162,6.3421,247943.7438
33,000540.SZ,20170704,6.72,6.72,6.584,6.584,6.7103,-0.12630000000000052,-1.8822,391966.75,267788.577,6.6792,396420.128,6.5437,384298.4769,6.3267,241830.1826
34,000540.SZ,20170703,6.788,6.788,6.6811,6.7103,6.7491,-0.03880000000000017,-0.5749,252023.95,174335.51,6.7316,439982.796,6.5175,363368.8777,6.313,234068.1603
35,000540.SZ,20170630,6.6326,6.788,6.6035,6.7491,6.6714,0.0777000000000001,1.1647,404604.01,278807.344,6.7394,602953.464,6.4809,354303.2162,6.297,232530.4191
36,000540.SZ,20170629,6.6909,6.7297,6.5937,6.6714,6.6811,-0.009699999999999598,-0.1452,438861.15,301154.487,6.6908,588655.3,6.4458,333258.7938,6.277,228982.6156
37,000540.SZ,20170628,6.7977,6.8171,6.6811,6.6811,6.8462,-0.1650999999999998,-2.4116,494644.78,343376.051,6.6442,594055.66,6.4137,310607.3854,6.261,220794.1747
38,000540.SZ,20170627,6.7783,6.8851,6.72,6.8462,6.7491,0.0970999999999993,1.4387,609780.09,427356.325,6.5801,544224.038,6.3861,283865.1015,6.2453,210205.8818
39,000540.SZ,20170626,6.5646,7.0307,6.5646,6.7491,6.5063,0.2427999999999999,3.7318,1066877.29,745680.407,6.4617,441605.936,6.345,246885.9146,6.225,197211.7976
40,000540.SZ,20170623,6.4092,6.5452,6.3995,6.5063,6.4384,0.06790000000000074,1.0546,333113.19,222019.677,6.3665,248239.546,6.3121,175482.9092,6.2122,169805.1935
41,000540.SZ,20170622,6.3607,6.5549,6.351,6.4384,6.3607,0.0777000000000001,1.2216,465862.95,310288.199,6.3141,200801.798,6.2934,156708.8692,6.207,164401.3271
42,000540.SZ,20170621,6.2927,6.3898,6.2733,6.3607,6.2539,0.10679999999999978,1.7077,245486.67,160410.675,6.2752,131605.6,6.2785,127277.0392,6.2056,154748.4103
43,000540.SZ,20170620,6.2733,6.2927,6.2441,6.2539,6.2733,-0.019400000000000084,-0.3092,96689.58,62401.043,6.25,109342.336,6.2695,118857.6515,6.2067,151965.4382
44,000540.SZ,20170619,6.2539,6.2733,6.2344,6.2733,6.2441,0.02919999999999945,0.4676,100045.34,64465.581,6.2577,116209.724,6.2665,124688.9446,6.2122,152352.0062
45,000540.SZ,20170616,6.2247,6.2636,6.2247,6.2441,6.2441,0.0,0.0,95924.45,61749.444,6.2538,125079.224,6.2688,137447.6023,6.2161,155690.2138
46,000540.SZ,20170615,6.2441,6.2636,6.2053,6.2441,6.2344,0.009700000000000486,0.1556,119881.96,77016.81,6.2694,135293.352,6.2643,143815.2531,6.2224,158948.0276
47,000540.SZ,20170614,6.2927,6.3024,6.215,6.2344,6.2927,-0.05830000000000002,-0.9265,134170.35,86345.053,6.283,137127.092,6.2576,153235.2177,6.2261,160095.0185
48,000540.SZ,20170613,6.2441,6.3121,6.2344,6.2927,6.2539,0.03880000000000017,0.6204,131026.52,84748.318,6.3005,138020.666,6.2434,155576.6423,6.2301,163807.4824
49,000540.SZ,20170612,6.3121,6.3704,6.2539,6.2539,6.3218,-0.06789999999999985,-1.0741,144392.84,93920.529,6.2946,129625.496,6.2247,162907.0138,6.2387,165832.63
50,000540.SZ,20170609,6.2927,6.3898,6.2927,6.3218,6.3121,0.009699999999999598,0.1537,146995.09,95937.475,6.2927,117396.76,6.206,162260.48,6.2481,166706.5356
51,000540.SZ,20170608,6.3121,6.3607,6.283,6.3121,6.3218,-0.009699999999999598,-0.1534,129050.66,84017.466,6.2771,115204.668,6.1829,159268.1923,6.2553,168771.4344
52,000540.SZ,20170607,6.283,6.3315,6.2441,6.3218,6.2636,0.05819999999999936,0.9292,138638.22,89910.79,6.2577,123893.814,6.162,159778.4592,6.2619,169574.0062
53,000540.SZ,20170606,6.2441,6.283,6.2053,6.2636,6.2441,0.01949999999999985,0.3123,89050.67,57275.939,6.2538,149347.748,6.1463,162030.9762,6.2693,172876.8368
54,000540.SZ,20170605,6.2344,6.3024,6.2247,6.2441,6.2441,0.0,0.0,83249.16,53606.272,6.2383,167278.396,6.1381,168703.0538,6.281,180046.7582
55,000540.SZ,20170602,6.2053,6.2636,6.147,6.2441,6.215,0.02910000000000057,0.4682,136034.63,86933.756,6.2208,199096.864,6.1284,172149.8869,6.2958,189168.2994
56,000540.SZ,20170601,6.283,6.2927,6.1956,6.215,6.3024,-0.0873999999999997,-1.3868,172496.39,110913.307,6.182,204811.712,6.1224,177050.3577,6.309,193154.9738
57,000540.SZ,20170531,6.2441,6.3218,6.2344,6.3024,6.1859,0.11649999999999938,1.8833,265907.89,171822.853,6.149,215576.704,6.1112,185625.9192,6.3247,199778.7462
58,000540.SZ,20170526,6.1276,6.215,6.1179,6.1859,6.1568,0.02910000000000057,0.4726,178703.91,113382.749,6.0907,189592.706,6.0977,177514.0938,6.3358,202065.1626
59,000540.SZ,20170525,6.0499,6.1859,6.0305,6.1568,6.0499,0.10689999999999955,1.767,242341.5,152926.926,6.0577,175470.994,6.0948,174124.7792,6.3487,203064.3685
60,000540.SZ,20170524,6.0111,6.0694,5.9722,6.0499,6.0499,0.0,0.0,164608.87,102094.149,6.0344,154139.52,6.0948,168404.7585,6.3638,203170.0741
61,000540.SZ,20170523,5.9917,6.0791,5.9625,6.0499,6.0111,0.03880000000000017,0.6455,226321.35,140270.251,6.048,154801.934,6.1149,166131.2108,6.3815,208854.055
62,000540.SZ,20170522,6.0111,6.0596,5.9625,6.0111,6.0208,-0.009700000000000486,-0.1611,135987.9,84130.319,6.0694,144695.2,6.1366,160212.7785,6.393,206511.1068
63,000540.SZ,20170519,6.0499,6.0694,6.0014,6.0208,6.0402,-0.019399999999999196,-0.3212,108095.35,67142.641,6.0907,143109.218,6.1657,160341.6923,6.4052,210975.8144
64,000540.SZ,20170518,6.0985,6.1082,6.0305,6.0402,6.1179,-0.0777000000000001,-1.27,135684.13,84729.399,6.1199,161438.298,6.1948,163631.7131,6.4227,212997.3729
65,000540.SZ,20170517,6.1373,6.1859,6.0985,6.1179,6.1568,-0.038899999999999935,-0.6318,167920.94,106269.905,6.1257,191097.21,6.2255,161643.1562,6.4387,214929.3976
66,000540.SZ,20170516,6.1179,6.1762,6.0111,6.1568,6.1179,0.038899999999999935,0.6358,175787.68,110136.584,6.1276,189603.854,6.2479,165152.6531,6.4555,219875.7779
67,000540.SZ,20170515,6.1373,6.1762,6.0694,6.1179,6.1665,-0.04860000000000042,-0.7881,128057.99,80798.878,6.1257,181374.882,6.271,167529.7638,6.4689,222705.1182
68,000540.SZ,20170512,6.0208,6.1859,5.9528,6.1665,6.0694,0.09710000000000019,1.5998,199740.75,125168.604,6.1335,189359.53,6.2905,169900.6608,6.4818,224884.8935
69,000540.SZ,20170511,6.0985,6.1179,5.9237,6.0694,6.1276,-0.05820000000000025,-0.9498,283978.69,175954.625,6.1626,176421.93,6.3061,174566.3046,6.4935,228937.1209
70,000540.SZ,20170510,6.1665,6.2247,6.1179,6.1276,6.147,-0.019400000000000084,-0.3156,160454.16,102198.359,6.215,149502.538,6.3457,168097.2931,6.5115,227038.7765
71,000540.SZ,20170509,6.147,6.2053,6.1276,6.147,6.1568,-0.009799999999999365,-0.1592,134642.82,85438.491,6.2674,144944.462,6.3801,169147.4062,6.5263,230253.2712
72,000540.SZ,20170508,6.3121,6.3413,6.1568,6.1568,6.3121,-0.15530000000000044,-2.4604,167981.23,107834.686,6.3179,148189.022,6.4122,175498.0854,6.542,240330.5559
73,000540.SZ,20170505,6.3315,6.3995,6.3121,6.3121,6.3315,-0.019400000000000084,-0.3064,135052.75,88230.463,6.3743,136559.354,6.4413,174602.46,6.5606,252181.2
74,000540.SZ,20170504,6.3315,6.4189,6.3218,6.3315,6.3898,-0.05830000000000002,-0.9124,149381.73,97885.524,6.3937,152257.684,6.4615,183516.4377,6.576,281616.5018
75,000540.SZ,20170503,6.3995,6.4287,6.3704,6.3898,6.3995,-0.009699999999999598,-0.1516,137663.78,90650.728,6.4189,163719.362,6.4869,197627.6892,6.5809,288339.0632
76,000540.SZ,20170502,6.4287,6.4675,6.3801,6.3995,6.4384,-0.038899999999999935,-0.6042,150865.62,99799.331,6.4151,167962.536,6.5146,217298.2877,6.5843,296493.1156
77,000540.SZ,20170428,6.3995,6.4384,6.3704,6.4384,6.4092,0.02919999999999945,0.4556,109832.89,72529.265,6.4092,189868.236,6.537,226584.1292,6.5823,295417.8406
78,000540.SZ,20170427,6.4772,6.4869,6.3121,6.4092,6.4578,-0.04859999999999953,-0.7526,213544.4,140424.779,6.4384,207877.966,6.5609,248728.1108,6.5783,299405.8235
79,000540.SZ,20170426,6.4675,6.5161,6.4287,6.4578,6.3704,0.0873999999999997,1.372,206690.12,137783.275,6.4714,199990.212,6.5818,258735.93,6.5786,298706.6976
80,000540.SZ,20170425,6.3704,6.4384,6.3607,6.3704,6.3704,0.0,0.0,158879.65,104661.354,6.4927,202092.518,6.5945,259196.4523,6.578,298416.8121
81,000540.SZ,20170424,6.584,6.5937,6.3607,6.3704,6.584,-0.21359999999999957,-3.2442,260394.12,172920.089,6.5258,201584.208,6.6176,265893.0554,6.5806,300971.6085
82,000540.SZ,20170421,6.5646,6.6229,6.5161,6.584,6.5743,0.009699999999999598,0.1475,199881.54,135321.403,6.5665,199692.276,6.6393,273390.7554,6.582,301461.1503
83,000540.SZ,20170420,6.5355,6.6229,6.5355,6.5743,6.5646,0.009699999999999598,0.1478,174105.63,117941.414,6.5821,226281.568,6.6281,269296.8762,6.5795,316702.2088
84,000540.SZ,20170419,6.5161,6.584,6.4578,6.5646,6.5355,0.02910000000000057,0.4453,217201.65,145865.419,6.617,270136.754,6.6169,278041.6708,6.5732,316446.6509
85,000540.SZ,20170418,6.5743,6.6229,6.5258,6.5355,6.5743,-0.03880000000000017,-0.5902,156338.1,105901.0,6.6423,281012.736,6.6206,274936.0315,6.5669,314520.7162
86,000540.SZ,20170417,6.652,6.6617,6.5161,6.5743,6.6617,-0.0873999999999997,-1.312,250934.46,169937.794,6.685,329286.046,6.6244,278400.2523,6.5597,313768.2121
87,000540.SZ,20170414,6.7297,6.8365,6.652,6.6617,6.7491,-0.08740000000000059,-1.295,332828.0,230807.04,6.7064,347828.364,6.6333,284951.2838,6.5535,310427.14
88,000540.SZ,20170413,6.6617,6.8462,6.6423,6.7491,6.6909,0.05820000000000025,0.8698,393381.56,273373.009,6.6986,323798.146,6.6296,280271.0723,6.544,305226.3926
89,000540.SZ,20170412,6.7491,6.7491,6.6811,6.6909,6.7491,-0.05820000000000025,-0.8623,271581.56,187831.124,6.6831,294308.932,6.6147,265562.5177,6.5326,299164.775
90,000540.SZ,20170411,6.6714,6.7783,6.5743,6.7491,6.6811,0.0680000000000005,1.0178,397704.65,273582.283,6.6753,311565.464,6.605,270634.4346,6.5232,295931.2624
91,000540.SZ,20170410,6.6326,6.72,6.5452,6.6811,6.6229,0.05820000000000025,0.8788,343646.05,234700.038,6.6132,261356.756,6.5997,256921.3831,6.5121,290899.3285
92,000540.SZ,20170407,6.6909,6.6909,6.6132,6.6229,6.6714,-0.048500000000000654,-0.727,212676.91,145514.871,6.5627,250185.138,6.596,251236.8392,6.4995,285260.4515
93,000540.SZ,20170406,6.7006,6.7297,6.6132,6.6714,6.652,0.019400000000000084,0.2916,245935.49,168702.378,6.5607,243015.424,6.6005,271590.1923,6.4901,283081.4576
94,000540.SZ,20170405,6.5161,6.72,6.5161,6.652,6.4384,0.21360000000000046,3.3176,357864.22,244861.995,6.5433,234102.92,6.6094,296587.7031,6.4778,280562.9576
95,000540.SZ,20170331,6.4481,6.4966,6.4384,6.4384,6.4287,0.009699999999999598,0.1509,146661.11,97550.244,6.551,229749.65,6.6236,356432.9946,6.4675,274366.0318
96,000540.SZ,20170330,6.6035,6.6132,6.4287,6.4287,6.6132,-0.1844999999999999,-2.7899,287787.96,192732.88,6.586,254814.478,6.6281,374224.3569,6.4644,274491.3706
97,000540.SZ,20170329,6.5937,6.6811,6.5743,6.6132,6.584,0.029200000000000337,0.4435,176828.34,120935.662,6.6112,237690.956,6.6341,384002.3262,6.4615,272824.5621
98,000540.SZ,20170328,6.6811,6.7103,6.5743,6.584,6.6909,-0.10690000000000044,-1.5977,201372.97,137336.354,6.6015,269828.584,6.6124,379192.9362,6.4521,274414.8953
99,000540.SZ,20170327,6.6132,6.7394,6.584,6.6909,6.6132,0.0777000000000001,1.1749,336097.87,231376.913,6.6209,273440.986,6.5907,382581.5008,6.4412,271615.755
100,000540.SZ,20170324,6.5646,6.6229,6.5063,6.6132,6.5549,0.05830000000000002,0.8894,271985.25,183684.907,6.6093,260170.808,6.5698,371325.8277,6.4275,265190.1076
101,000540.SZ,20170323,6.5646,6.6035,6.5063,6.5549,6.5646,-0.009700000000000486,-0.1478,202170.35,136438.789,6.6229,301227.858,6.5564,365544.9631,6.4161,260597.3003
102,000540.SZ,20170322,6.6617,6.6811,6.5161,6.5646,6.6811,-0.11649999999999938,-1.7437,337516.48,228546.305,6.6695,374974.414,6.5489,368896.6846,6.4061,256742.1724
103,000540.SZ,20170321,6.652,6.72,6.6132,6.6811,6.6326,0.048499999999999766,0.7312,219434.98,150725.233,6.7239,534641.72,6.5377,364244.5354,6.3964,249585.1182
104,000540.SZ,20170320,6.6326,6.7394,6.6132,6.6326,6.6811,-0.048499999999999766,-0.7259,269746.98,184995.334,6.687,566344.488,6.5235,402601.6546,6.3827,245702.8309
105,000540.SZ,20170317,6.8171,6.8559,6.6617,6.6811,6.788,-0.10690000000000044,-1.5748,477270.5,332357.859,6.6617,595375.404,6.5026,394576.2454,6.3704,241393.525
106,000540.SZ,20170316,6.8462,6.8754,6.7491,6.788,6.8365,-0.048499999999999766,-0.7094,570903.13,398866.463,6.5918,522782.558,6.4772,369533.8892,6.3564,231535.5779
107,000540.SZ,20170315,6.5258,6.9433,6.5063,6.8365,6.4966,0.3399000000000001,5.232,1135853.01,787705.395,6.4947,457686.794,6.4391,335676.1838,6.339,218504.8532
108,000540.SZ,20170314,6.5743,6.6229,6.4772,6.4966,6.5063,-0.009700000000000486,-0.1491,377948.82,254472.627,6.4111,268471.016,6.4025,258867.3377,6.3195,189539.9
109,000540.SZ,20170313,6.3315,6.5549,6.2539,6.5063,6.3315,0.1748000000000003,2.7608,414901.56,274821.074,6.3995,232248.054,6.3906,241794.5508,6.3095,181606.6774
110,000540.SZ,20170310,6.3024,6.351,6.3024,6.3315,6.3024,0.02910000000000057,0.4617,114306.27,74468.19,6.3898,198416.288,6.3794,224285.7046,6.2993,172724.175
111,000540.SZ,20170309,6.4092,6.4092,6.2927,6.3024,6.4189,-0.11650000000000027,-1.815,245424.31,160037.795,6.4073,230962.742,6.3823,227926.9246,6.2936,178139.0853
112,000540.SZ,20170308,6.4287,6.4675,6.3898,6.4189,6.4384,-0.01949999999999985,-0.3029,189774.12,125596.027,6.4461,325493.386,6.3876,226480.3546,6.2938,175528.3085
113,000540.SZ,20170307,6.4481,6.4869,6.4092,6.4384,6.4578,-0.019400000000000084,-0.3004,196834.01,130470.69,6.4345,320621.894,6.3749,223568.8246,6.2921,173995.1041
114,000540.SZ,20170306,6.4384,6.5355,6.4287,6.4578,6.4189,0.038899999999999935,0.606,245742.73,163961.532,6.417,311599.066,6.3644,219088.6023,6.2916,174752.3694
115,000540.SZ,20170303,6.4384,6.4966,6.4092,6.4189,6.4966,-0.0777000000000001,-1.196,277038.54,183459.67,6.384,288601.112,6.3487,212516.5838,6.2941,172590.7624
116,000540.SZ,20170302,6.4675,6.6811,6.4675,6.4966,6.3607,0.13590000000000035,2.1366,718077.53,486075.089,6.3723,260661.006,6.3398,202526.5992,6.2981,169183.6135
117,000540.SZ,20170301,6.351,6.3898,6.3315,6.3607,6.351,0.009699999999999598,0.1527,165416.66,108432.324,6.3413,148246.018,6.3271,158899.2992,6.2987,156508.4815
118,000540.SZ,20170228,6.2927,6.3607,6.2927,6.351,6.2927,0.05830000000000002,0.9265,151719.87,98898.635,6.3413,152619.998,6.3248,163953.1308,6.3061,162198.9188
119,000540.SZ,20170227,6.3413,6.351,6.2927,6.2927,6.3607,-0.06799999999999962,-1.0691,130752.96,85070.259,6.3452,154604.45,6.3203,170043.8846,6.3167,175492.1006
120,000540.SZ,20170224,6.3315,6.3607,6.3121,6.3607,6.3413,0.019399999999999196,0.3059,137338.01,89623.363,6.3607,173777.638,6.3144,168155.3646,6.333,200419.5703
121,000540.SZ,20170223,6.3413,6.351,6.3121,6.3413,6.3607,-0.019399999999999196,-0.305,156002.59,101687.71,6.3393,176694.882,6.3039,166639.0454,6.3438,211352.6012
122,000540.SZ,20170222,6.3704,6.3801,6.3218,6.3607,6.3704,-0.009700000000000486,-0.1523,187286.56,122279.342,6.3316,173212.588,6.2949,163548.8308,6.3533,218580.1282
123,000540.SZ,20170221,6.3704,6.3898,6.3413,6.3704,6.3704,0.0,0.0,161642.13,105943.291,6.3102,167816.574,6.2837,154611.0954,6.3615,232102.1229
124,000540.SZ,20170220,6.2539,6.3704,6.2539,6.3704,6.2539,0.11650000000000027,1.8628,226618.9,147571.414,6.2966,164921.896,6.2733,149421.4423,6.3672,236070.8976
125,000540.SZ,20170217,6.3121,6.3315,6.2441,6.2539,6.3024,-0.048499999999999766,-0.7695,151924.23,98447.697,6.2888,149782.642,6.2613,138715.1585,6.3715,235836.3421
126,000540.SZ,20170216,6.2636,6.3121,6.2539,6.3024,6.2539,0.048499999999999766,0.7755,138591.12,89732.882,6.3043,165621.09,6.2583,136507.9546,6.3784,236898.9588
127,000540.SZ,20170215,6.2927,6.3218,6.2539,6.2539,6.3024,-0.048499999999999766,-0.7695,160306.49,103833.911,6.3024,184082.8,6.2509,136777.8915,6.3844,238483.1532
128,000540.SZ,20170214,6.3315,6.3413,6.283,6.3024,6.3315,-0.02910000000000057,-0.4596,147168.74,95536.752,6.2946,173261.942,6.2464,134281.8915,6.3927,240306.3979
129,000540.SZ,20170213,6.3607,6.3607,6.3121,6.3315,6.3315,0.0,0.0,150922.63,98404.451,6.2791,167353.366,6.2367,134580.0346,6.3995,242979.5856
130,000540.SZ,20170210,6.3024,6.3413,6.2441,6.3315,6.2927,0.03880000000000017,0.6166,231116.47,149878.628,6.2577,160334.8,6.2232,131295.1592,6.4052,247897.5379
131,000540.SZ,20170209,6.2247,6.3218,6.215,6.2927,6.215,0.0777000000000001,1.2502,230899.67,149556.425,6.2344,128330.706,6.2098,122201.3138,6.4104,251793.5618
132,000540.SZ,20170208,6.2247,6.2247,6.1762,6.215,6.2247,-0.009700000000000486,-0.1558,106202.2,67852.923,6.2228,100986.1,6.1978,127394.6638,6.4149,253613.7574
133,000540.SZ,20170207,6.2247,6.2344,6.1956,6.2247,6.2247,0.0,0.0,117625.86,75287.122,6.2228,97233.102,6.2053,131275.8715,6.4187,257791.4794
134,000540.SZ,20170206,6.215,6.2344,6.1956,6.2247,6.215,0.009700000000000486,0.1561,115829.8,74148.879,6.2208,98354.046,6.2158,132815.8185,6.4227,259719.6218
135,000540.SZ,20170203,6.2441,6.2539,6.1956,6.215,6.2344,-0.019400000000000084,-0.3112,71096.0,45487.32,6.2169,103608.146,6.2307,141027.4515,6.4258,262203.2412
136,000540.SZ,20170126,6.2247,6.2441,6.215,6.2344,6.215,0.019400000000000084,0.3121,94176.64,60393.961,6.2131,114960.644,6.2561,148808.3815,6.4304,265918.8909
137,000540.SZ,20170125,6.2247,6.2344,6.1956,6.215,6.215,0.0,0.0,87437.21,55971.007,6.2014,126334.236,6.2808,153963.6769,6.4355,270030.3012
138,000540.SZ,20170124,6.2053,6.2539,6.1956,6.215,6.2053,0.009699999999999598,0.1563,123230.58,78926.693,6.1898,130490.644,6.3039,169324.1254,6.4392,276111.0991
139,000540.SZ,20170123,6.1956,6.2539,6.1859,6.2053,6.1956,0.009700000000000486,0.1566,142100.3,90951.567,6.1781,128423.824,6.3345,187451.8908,6.4464,279079.4847
140,000540.SZ,20170120,6.1568,6.2247,6.147,6.1956,6.1762,0.019400000000000084,0.3141,127858.49,81638.511,6.1645,159686.408,6.3734,222958.6408,6.4535,280794.1303
141,000540.SZ,20170119,6.1373,6.2636,6.1276,6.1762,6.1568,0.019400000000000084,0.3151,151044.6,96463.973,6.1878,165446.29,6.4234,288376.2131,6.4624,283139.3468
142,000540.SZ,20170118,6.1568,6.1762,6.1373,6.1568,6.1568,0.0,0.0,108219.25,68611.297,6.2247,162766.404,6.466,315915.9408,6.4735,283556.5932
143,000540.SZ,20170117,6.1276,6.1762,6.0694,6.1568,6.1373,0.01949999999999985,0.3177,112896.48,71315.3,6.2772,185638.76,6.5049,338494.3454,6.4855,287924.055
144,000540.SZ,20170116,6.3024,6.3315,5.9237,6.1373,6.3121,-0.1748000000000003,-2.7693,298413.22,189561.292,6.3548,197509.082,6.5422,379581.8762,6.4969,289673.5844
145,000540.SZ,20170113,6.3801,6.3995,6.3024,6.3121,6.3607,-0.04859999999999953,-0.7641,156657.9,102445.213,6.4384,170065.534,6.5751,379440.8954,6.5092,289104.7962
146,000540.SZ,20170112,6.3995,6.4384,6.351,6.3607,6.4189,-0.05820000000000025,-0.9067,137645.17,90746.86,6.4792,196158.562,6.5908,384209.0577,6.5152,292112.6832
147,000540.SZ,20170111,6.5549,6.5549,6.4092,6.4189,6.5452,-0.12630000000000052,-1.9297,222581.03,148304.673,6.5297,240407.834,6.6005,388086.5985,6.5209,294547.4312
148,000540.SZ,20170110,6.5258,6.6035,6.5063,6.5452,6.5549,-0.009699999999999598,-0.148,172248.09,116142.214,6.5879,316629.238,6.6072,385769.1138,6.5243,293366.2635
149,000540.SZ,20170109,6.5063,6.5743,6.4772,6.5549,6.5161,0.03880000000000017,0.5954,161195.48,108565.231,6.6481,477837.006,6.6064,389619.0154,6.5243,294773.3976
150,000540.SZ,20170106,6.5937,6.6326,6.5063,6.5161,6.6132,-0.09710000000000019,-1.4683,287123.04,193769.3,6.6831,547410.122,6.605,395531.4492,6.5223,297360.0791
151,000540.SZ,20170105,6.6811,6.6811,6.5937,6.6132,6.7103,-0.09710000000000019,-1.447,358891.53,244926.247,6.7122,570333.216,6.6057,397916.8315,6.5235,294838.0265
152,000540.SZ,20170104,6.7394,6.7977,6.6132,6.7103,6.8462,-0.13589999999999947,-1.985,603688.05,414611.473,6.718,627961.786,6.5975,398277.5815,6.5218,291162.6847
153,000540.SZ,20170103,6.7977,7.2541,6.72,6.8462,6.7297,0.11649999999999938,1.7311,978286.93,696560.629,6.6889,566540.27,6.5773,374362.0638,6.5169,279979.7406
154,000540.SZ,20161125,6.6909,6.8268,6.6423,6.7297,6.6617,0.0680000000000005,1.0208,509061.06,352419.546,6.6229,414611.686,6.5385,318204.9731,6.5095,262084.8488
155,000540.SZ,20161124,6.6423,6.7006,6.584,6.6617,6.6423,0.019400000000000084,0.2921,401738.51,274615.365,6.5743,350410.114,6.5101,293137.4069,6.5046,263088.7097
156,000540.SZ,20161123,6.5743,6.7588,6.5646,6.6423,6.5646,0.07769999999999921,1.1836,647034.38,444661.214,6.5432,308553.158,6.4847,277640.0492,6.5063,258461.7018
157,000540.SZ,20161122,6.5355,6.5646,6.5258,6.5646,6.5161,0.048500000000000654,0.7443,296580.47,199936.337,6.5219,223605.644,6.4638,243054.95,6.5106,247837.4541
158,000540.SZ,20161121,6.4869,6.5452,6.4578,6.5161,6.4869,0.02919999999999945,0.4501,218644.01,146600.825,6.5161,211900.974,6.4518,238238.3438,6.5175,252318.2185
159,000540.SZ,20161118,6.5161,6.5452,6.4675,6.4869,6.5063,-0.019400000000000084,-0.2982,188053.2,126159.155,6.518,231798.774,6.4384,244049.1385,6.5298,268638.7535
160,000540.SZ,20161117,6.5355,6.5355,6.4869,6.5063,6.5355,-0.02919999999999945,-0.4468,192453.73,128932.232,6.5219,266904.39,6.4361,246826.2531,6.5346,275925.6515
161,000540.SZ,20161116,6.5549,6.5549,6.5161,6.5355,6.5355,0.0,0.0,222296.81,149512.723,6.5102,286970.908,6.4317,247437.37,6.5375,275992.5571
162,000540.SZ,20161115,6.5258,6.5646,6.5063,6.5355,6.5258,0.009699999999999598,0.1486,238057.12,160122.454,6.4714,292160.496,6.4287,246306.5269,6.5412,281455.3306
163,000540.SZ,20161114,6.4869,6.5743,6.4675,6.5258,6.5063,0.01949999999999985,0.2997,318133.01,213784.845,6.4364,281185.612,6.4302,240704.5162,6.5412,278088.7318
164,000540.SZ,20161111,6.4384,6.5355,6.4092,6.5063,6.4481,0.05820000000000025,0.9026,363581.28,242281.327,6.3976,257613.582,6.4331,235979.8962,6.5412,273021.2547
165,000540.SZ,20161110,6.3704,6.4578,6.3704,6.4481,6.3413,0.10679999999999978,1.6842,292786.32,193884.945,6.3704,224382.944,6.4361,221272.1423,6.5421,267041.8712
166,000540.SZ,20161109,6.3607,6.3995,6.2927,6.3413,6.3607,-0.019399999999999196,-0.305,248244.75,162394.128,6.3626,212618.598,6.4443,220217.3808,6.5426,262844.0976
167,000540.SZ,20161108,6.351,6.3801,6.3315,6.3607,6.3315,0.02919999999999945,0.4612,183182.7,119903.888,6.3626,221806.516,6.4578,221039.02,6.5475,261258.8321
168,000540.SZ,20161107,6.3898,6.3995,6.3218,6.3315,6.3704,-0.038899999999999935,-0.6106,200272.86,130999.933,6.382,230001.114,6.4727,223903.9354,6.5512,263935.9868
169,000540.SZ,20161104,6.4189,6.4384,6.351,6.3704,6.4092,-0.03880000000000017,-0.6054,197428.09,129818.127,6.4054,230026.192,6.4884,222530.7408,6.5598,264880.0088
170,000540.SZ,20161103,6.3218,6.4384,6.3218,6.4092,6.3413,0.06789999999999985,1.0708,233964.59,153997.55,6.4306,232059.744,6.5019,224274.0146,6.5698,264509.8953
171,000540.SZ,20161102,6.4481,6.4578,6.3218,6.3413,6.4578,-0.11649999999999938,-1.804,294184.34,193736.773,6.4597,218313.022,6.5078,225441.5577,6.5789,265807.2438
172,000540.SZ,20161101,6.4578,6.4675,6.4092,6.4578,6.4481,0.009699999999999598,0.1504,224155.69,148620.489,6.5044,210818.744,6.5243,218302.2431,6.5912,265873.7197
173,000540.SZ,20161031,6.4675,6.4772,6.4189,6.4481,6.4966,-0.048499999999999766,-0.7465,200398.25,132869.823,6.5219,200463.702,6.5317,219054.1062,6.5966,263927.3344
174,000540.SZ,20161028,6.5646,6.5646,6.4966,6.4966,6.5549,-0.05830000000000002,-0.8894,207595.85,139619.2133,6.5432,216198.936,6.5392,220828.6985,6.602,266130.5176
175,000540.SZ,20161027,6.5549,6.5549,6.5258,6.5549,6.5646,-0.009700000000000486,-0.1478,165230.98,111271.1716,6.5471,226464.978,6.5467,233310.6031,6.6075,269419.3038
176,000540.SZ,20161026,6.5452,6.584,6.5161,6.5646,6.5452,0.019400000000000084,0.2964,256712.95,173078.2124,6.5471,237504.102,6.5474,262384.5531,6.6143,276205.8491
177,000540.SZ,20161025,6.5549,6.5549,6.5258,6.5452,6.5549,-0.009699999999999598,-0.148,172380.48,116113.4057,6.5413,222645.778,6.5594,261438.96,6.6183,277567.9574
178,000540.SZ,20161024,6.5063,6.5646,6.4869,6.5549,6.5161,0.03880000000000017,0.5954,279074.42,187764.4385,6.5413,232187.812,6.5781,270164.3046,6.6255,282348.7171
179,000540.SZ,20161021,6.5452,6.5549,6.4675,6.5161,6.5549,-0.03880000000000017,-0.5919,258926.06,173559.0592,6.5277,226201.458,6.5967,283229.8462,6.6283,282369.4838
180,000540.SZ,20161020,6.5452,6.5743,6.5161,6.5549,6.5355,0.019400000000000084,0.2968,220426.6,148609.3054,6.5355,214690.896,6.6289,322815.7031,6.6326,287417.0053
181,000540.SZ,20161019,6.5549,6.584,6.5063,6.5355,6.5452,-0.009700000000000486,-0.1482,182421.33,122878.8569,6.5355,217391.558,6.6363,339383.4823,6.6386,287763.5541
182,000540.SZ,20161018,6.4772,6.5452,6.4675,6.5452,6.4869,0.05830000000000002,0.8987,220090.65,147527.2162,6.5374,225600.882,6.6416,340330.1892,6.6454,296463.475
183,000540.SZ,20161017,6.5452,6.5743,6.4675,6.4869,6.5549,-0.06799999999999962,-1.0374,249142.65,167518.6185,6.5471,255554.874,6.6505,354787.1477,6.6546,301216.9997
184,000540.SZ,20161014,6.5452,6.5549,6.5063,6.5549,6.5549,0.0,0.0,201373.25,135465.6242,6.5627,314364.81,6.6543,345129.4638,6.668,314115.7909
185,000540.SZ,20161013,6.5452,6.5743,6.5063,6.5549,6.5452,0.009699999999999598,0.1482,233929.91,157493.1208,6.5957,322974.208,6.652,340857.5823,6.6851,348724.4965
186,000540.SZ,20161012,6.5743,6.584,6.5161,6.5452,6.5937,-0.048499999999999766,-0.7356,223467.95,150690.2493,6.6423,333350.218,6.6505,335192.3769,6.696,358322.9859
187,000540.SZ,20161011,6.5452,6.6229,6.5161,6.5937,6.5646,0.02909999999999968,0.4433,369860.61,250275.6463,6.6928,378441.92,6.6445,329545.7669,6.7086,380561.6532
188,000540.SZ,20161010,6.7006,6.7103,6.4481,6.5646,6.72,-0.15539999999999932,-2.3125,543192.33,365839.4889,6.7608,459178.238,6.6378,316044.6215,6.724,418031.8256
189,000540.SZ,20160930,6.7977,6.8268,6.7103,6.72,6.788,-0.0680000000000005,-1.0018,244420.24,170448.304,6.7783,437701.318,6.6318,295353.3623,6.7294,430861.5047
190,000540.SZ,20160929,6.8268,6.8754,6.7685,6.788,6.7977,-0.009699999999999598,-0.1427,285809.96,200699.3584,6.755,427762.974,6.6244,294426.3908,6.7211,433928.9656
191,000540.SZ,20160928,6.8754,6.9045,6.7588,6.7977,6.9336,-0.13590000000000035,-1.96,448926.46,315684.8064,6.7297,452207.204,6.6184,286659.7962,6.7157,436525.8076
192,000540.SZ,20160927,6.6132,6.9336,6.5549,6.9336,6.652,0.2816000000000001,4.2333,773542.2,538812.0503,6.6773,387140.464,6.6124,273517.3331,6.7094,433405.4432
193,000540.SZ,20160926,6.5937,6.7685,6.5937,6.652,6.6035,0.048499999999999766,0.7345,435807.73,300109.938,6.5957,261599.782,6.599,236817.5115,6.6997,429247.9929
194,000540.SZ,20160923,6.6714,6.6909,6.6035,6.6035,6.6617,-0.05819999999999936,-0.8737,194728.52,133139.3047,6.5724,206494.684,6.5982,215446.0392,6.6937,426777.0494
195,000540.SZ,20160922,6.5549,6.7491,6.5549,6.6617,6.5355,0.12619999999999987,1.931,408031.11,280678.8184,6.5452,197561.384,6.6005,221644.3438,6.6906,435109.5315
196,000540.SZ,20160921,6.5161,6.5646,6.4869,6.5355,6.5258,0.009699999999999598,0.1486,123592.76,83206.8052,6.5141,154824.306,6.602,214827.6877,6.682,434885.4788
197,000540.SZ,20160920,6.584,6.584,6.4966,6.5258,6.5355,-0.009699999999999598,-0.1484,145838.79,97928.1496,6.5044,184946.946,6.6214,235780.0538,6.6726,435706.4365
198,000540.SZ,20160919,6.4772,6.5452,6.4675,6.5355,6.4675,0.06799999999999962,1.0514,160282.24,107419.064,6.5238,202253.11,6.6348,247871.2723,6.6617,438297.3138
199,000540.SZ,20160914,6.4675,6.5063,6.4481,6.4675,6.5063,-0.03880000000000017,-0.5963,150062.02,100027.6853,6.5588,207165.508,6.6543,261305.4315,6.654,439503.0544
200,000540.SZ,20160913,6.5063,6.5549,6.4578,6.5063,6.4869,0.019400000000000084,0.2991,194345.72,129995.2082,6.6093,232767.992,6.6684,271283.7754,6.6503,443372.3215
201,000540.SZ,20160912,6.5063,6.584,6.4675,6.4869,6.6229,-0.13599999999999923,-2.0535,274205.96,184039.008,6.6598,253187.752,6.6804,289452.7038,6.6437,452595.9276
202,000540.SZ,20160909,6.72,6.7394,6.6229,6.6229,6.7103,-0.08740000000000059,-1.3025,232369.61,159269.0664,6.6909,229942.278,6.7013,286222.1885,6.6437,451942.4638
203,000540.SZ,20160908,6.72,6.7588,6.6811,6.7103,6.72,-0.009699999999999598,-0.1443,184844.23,127937.1327,6.6928,238529.652,6.7125,305133.6523,6.6386,457058.6915
204,000540.SZ,20160907,6.7103,6.7977,6.7103,6.72,6.7588,-0.03880000000000017,-0.5741,278074.44,193380.1818,6.687,265443.722,6.7237,320277.2108,6.6274,458454.6747
205,000540.SZ,20160906,6.7394,6.7783,6.6326,6.7588,6.6423,0.11650000000000027,1.7539,296444.52,205032.8032,6.7006,289023.538,6.7409,351786.9885,6.6189,457013.4197
206,000540.SZ,20160905,6.6617,6.7006,6.6229,6.6423,6.6326,0.009699999999999598,0.1462,157978.59,108166.8267,6.6889,290339.56,6.77,434988.89,6.6086,453735.055
207,000540.SZ,20160902,6.6617,6.7394,6.6035,6.6326,6.6811,-0.048499999999999766,-0.7259,275306.48,188870.2567,6.7181,325729.104,6.7917,465935.0408,6.6023,456815.9256
208,000540.SZ,20160901,6.788,6.8074,6.6811,6.6811,6.788,-0.10690000000000044,-1.5748,319414.58,221711.1514,6.7219,326623.906,6.8178,520110.13,6.5957,460062.2371
209,000540.SZ,20160831,6.6909,6.8462,6.6617,6.788,6.7006,0.08740000000000059,1.3044,395973.52,276530.9181,6.7181,348849.348,6.8515,621989.5062,6.5923,462756.3259
210,000540.SZ,20160830,6.8074,6.8268,6.6811,6.7006,6.788,-0.08740000000000059,-1.2876,303024.63,209796.7948,6.7122,316096.496,6.8485,666868.5754,6.5863,467131.2926
211,000540.SZ,20160829,6.6617,6.8462,6.6326,6.788,6.652,0.13600000000000012,2.0445,334926.31,233508.092,6.7258,351135.298,6.8283,670383.1354,6.5812,474998.1929
212,000540.SZ,20160826,6.6811,6.7297,6.6132,6.652,6.6617,-0.009699999999999598,-0.1456,279780.49,192299.9448,6.7394,360492.134,6.8141,673396.6954,6.5752,489806.4856
213,000540.SZ,20160825,6.7588,6.7783,6.5549,6.6617,6.7588,-0.09710000000000019,-1.4366,430541.79,295019.6157,6.7976,442076.346,6.8089,678246.9708,6.5612,489668.4632
214,000540.SZ,20160824,6.7783,6.8365,6.7491,6.7588,6.7685,-0.009700000000000486,-0.1433,232209.26,162554.6203,6.8928,631581.836,6.8044,693758.2862,6.5463,482687.4444
215,000540.SZ,20160823,6.8559,6.9045,6.72,6.7685,6.8559,-0.0873999999999997,-1.2748,478218.64,335271.2174,6.9258,697195.694,6.7805,702957.2392,6.5298,483662.5335
216,000540.SZ,20160822,6.9531,7.0113,6.8559,6.8559,6.9433,-0.0873999999999997,-1.2588,381710.49,272335.0856,6.9666,797468.494,6.7596,702942.9523,6.5141,480712.1506
217,000540.SZ,20160819,7.089,7.0987,6.9142,6.9433,7.1376,-0.19430000000000014,-2.7222,687701.55,494731.4571,7.0191,1049895.69,6.7222,704381.6315,6.4958,481237.2432
218,000540.SZ,20160818,6.8948,7.4192,6.8754,7.1376,6.9239,0.21370000000000022,3.0864,1378069.24,1016429.7693,6.9802,1108235.664,6.6662,663135.7677,6.4729,472575.3812
219,000540.SZ,20160817,6.9725,6.9725,6.8754,6.9239,6.9725,-0.04860000000000042,-0.697,560278.55,398735.3183,6.8404,902364.598,6.5908,575124.9508,6.4407,437573.6403
220,000540.SZ,20160816,7.1084,7.1084,6.9433,6.9725,7.1181,-0.14559999999999995,-2.0455,979582.64,705573.582,6.7763,865129.406,6.5407,547509.4792,6.4149,427014.8929
221,000540.SZ,20160815,6.7783,7.2347,6.7394,7.1181,6.7491,0.3689999999999998,5.4674,1643846.47,1187976.7721,6.6986,737779.692,6.4922,493819.8223,6.3881,405523.4935
222,000540.SZ,20160812,6.4384,6.8754,6.4189,6.7491,6.4384,0.31070000000000064,4.8257,979401.42,672524.9306,6.5957,535448.176,6.4279,406443.0423,6.3567,364684.0444
223,000540.SZ,20160811,6.5646,6.5937,6.4287,6.4384,6.6035,-0.1651000000000007,-2.5002,348713.91,233262.1468,6.5355,409927.022,6.4078,350488.1785,6.3347,342418.0279
224,000540.SZ,20160810,6.5743,6.6423,6.5258,6.6035,6.584,0.01950000000000074,0.2962,374102.59,253539.3727,6.5471,435790.822,6.4085,354919.52,6.3201,340718.4862
225,000540.SZ,20160809,6.5937,6.6132,6.5258,6.584,6.6035,-0.01950000000000074,-0.2953,342834.07,231819.0997,6.5005,441052.968,6.3876,344012.2177,6.3021,336803.5135
226,000540.SZ,20160808,6.4384,6.652,6.3801,6.6035,6.4481,0.1554000000000002,2.41,632188.89,428207.1823,6.4267,402787.218,6.3756,335261.2715,6.2864,330532.1956
227,000540.SZ,20160805,6.4966,6.5258,6.4092,6.4481,6.4966,-0.048499999999999766,-0.7465,351795.65,233998.1207,6.3374,323135.164,6.3607,300860.5969,6.269,318131.4238
228,000540.SZ,20160804,6.3413,6.5063,6.3121,6.4966,6.3704,0.12619999999999987,1.981,478032.91,316927.559,6.3024,293031.518,6.3592,294009.2538,6.2567,313328.705
229,000540.SZ,20160803,6.1859,6.5258,6.1762,6.3704,6.215,0.1554000000000002,2.5004,400413.32,262072.3905,6.2714,253748.356,6.3525,286905.2662,6.2436,305146.5024
230,000540.SZ,20160802,6.1859,6.215,6.147,6.215,6.1568,0.05820000000000025,0.9453,151505.32,96468.4344,6.2539,275255.358,6.3674,287720.6723,6.2336,300414.9094
231,000540.SZ,20160801,6.2733,6.2927,6.1276,6.1568,6.2733,-0.11650000000000027,-1.8571,233928.62,148803.9174,6.3083,295351.932,6.3958,317968.1392,6.2307,303722.7415
232,000540.SZ,20160729,6.3121,6.3218,6.2539,6.2733,6.3413,-0.0680000000000005,-1.0723,201277.42,130436.3854,6.3665,329830.478,6.4242,343858.1869,6.2273,301496.1576
233,000540.SZ,20160728,6.2733,6.3607,6.2344,6.3413,6.283,0.05830000000000002,0.9279,281617.1,182531.7676,6.3782,336036.526,6.4481,392868.2515,6.2202,302817.9229
234,000540.SZ,20160727,6.5646,6.5937,6.215,6.283,6.4869,-0.20389999999999997,-3.1433,507948.33,334111.0586,6.3956,325527.46,6.4354,392365.9923,6.2179,301151.3303
235,000540.SZ,20160726,6.4675,6.4869,6.4189,6.4869,6.4481,0.03880000000000017,0.6017,251988.19,167590.5057,6.4209,260933.818,6.4257,368153.5938,6.2173,292843.6794
236,000540.SZ,20160725,6.3704,6.5743,6.3704,6.4481,6.3315,0.11660000000000004,1.8416,406321.35,271190.0108,6.4092,263081.818,6.4033,369182.3708,6.2124,295555.3503
237,000540.SZ,20160722,6.4481,6.4578,6.3218,6.3315,6.4287,-0.09719999999999995,-1.512,232307.66,152417.2602,6.4015,258953.762,6.3868,366996.5454,6.2059,290989.6318
238,000540.SZ,20160721,6.4287,6.4675,6.3898,6.4287,6.4092,0.01949999999999985,0.3043,229071.77,151769.2965,6.4481,294694.95,6.3794,379862.39,6.203,291279.7165
239,000540.SZ,20160720,6.4189,6.4772,6.3995,6.4092,6.4287,-0.01949999999999985,-0.3033,184980.12,122531.0912,6.4791,357825.074,6.3592,392487.5031,6.197,294374.1179
240,000540.SZ,20160719,6.4092,6.4675,6.3801,6.4287,6.4092,0.01949999999999985,0.3043,262728.19,173513.7511,6.5025,434928.898,6.3308,392720.5746,6.1916,302080.015
241,000540.SZ,20160718,6.5646,6.5937,6.3995,6.4092,6.5646,-0.1554000000000002,-2.3672,385681.07,257465.5053,6.5335,550064.912,6.3017,387993.8785,6.1802,298201.1824
242,000540.SZ,20160715,6.6035,6.7297,6.5063,6.5646,6.584,-0.019399999999999196,-0.2947,411013.6,279241.6493,6.4869,527946.244,6.2748,377470.3392,6.1705,291169.5303
243,000540.SZ,20160714,6.5063,6.7685,6.4869,6.584,6.5258,0.05819999999999936,0.8918,544722.39,372549.5195,6.4054,484380.954,6.2352,365492.77,6.1587,286884.5103
244,000540.SZ,20160713,6.5161,6.6229,6.4772,6.5258,6.584,-0.05819999999999936,-0.884,570499.24,383501.217,6.3277,428508.934,6.1904,340695.4215,6.1447,276050.865
245,000540.SZ,20160712,6.1762,6.6423,6.147,6.584,6.1762,0.40779999999999994,6.6028,838408.26,550251.4683,6.2694,389990.21,6.1455,319190.0562,6.1342,266455.4085
246,000540.SZ,20160711,6.1665,6.2636,6.1568,6.1762,6.1568,0.019400000000000084,0.3151,275087.73,175792.54,6.1995,302221.286,6.1,273235.0762,6.1199,247477.5144
247,000540.SZ,20160708,6.1859,6.1956,6.1373,6.1568,6.1956,-0.03880000000000017,-0.6263,193187.15,122650.1185,6.1975,325843.388,6.0903,262044.4246,6.1176,245135.8529
248,000540.SZ,20160707,6.215,6.2344,6.1665,6.1956,6.2344,-0.03880000000000017,-0.6224,265362.29,169259.3538,6.1742,324807.968,6.0791,263381.0015,6.115,246506.3024
249,000540.SZ,20160706,6.2636,6.3315,6.1956,6.2344,6.2344,0.0,0.0,377905.62,242917.6466,6.1451,311991.738,6.0664,257468.7646,6.1133,247335.9241
250,000540.SZ,20160705,6.1568,6.2539,6.1568,6.2344,6.1665,0.06789999999999985,1.1011,399563.64,255722.6385,6.1101,286185.626,6.0522,243771.2569,6.1133,242030.4541
251,000540.SZ,20160704,6.0014,6.215,5.9917,6.1665,6.0402,0.12630000000000052,2.091,393198.24,248077.7486,6.0732,257333.938,6.0365,231461.6815,6.1145,236511.5094
252,000540.SZ,20160701,6.0499,6.0694,6.0305,6.0402,6.0499,-0.009700000000000486,-0.1603,188010.05,117079.3703,6.0402,223165.662,6.0327,221521.1715,6.1142,230533.5756
253,000540.SZ,20160630,6.0791,6.0888,6.0111,6.0499,6.0596,-0.009699999999999598,-0.1601,201281.14,125327.7975,6.0208,243749.55,6.0327,219229.9962,6.1176,231787.4812
254,000540.SZ,20160629,6.0694,6.0985,6.0305,6.0596,6.0499,0.009699999999999598,0.1603,248875.06,155544.0552,6.0091,251692.026,6.0312,222686.6346,6.1216,231655.3709
255,000540.SZ,20160628,5.982,6.0694,5.9722,6.0499,6.0014,0.048499999999999766,0.8081,255305.2,158248.3285,6.0072,227838.866,6.0469,220846.4723,6.1265,230799.1288
256,000540.SZ,20160627,5.9043,6.0111,5.8946,6.0014,5.9431,0.05830000000000002,0.981,222356.86,136856.1206,5.9994,218890.356,6.0634,218552.8569,6.1319,237435.3003
257,000540.SZ,20160624,5.9917,6.0305,5.8363,5.9431,5.9917,-0.04859999999999953,-0.8111,290929.49,178221.6536,6.0053,212119.626,6.088,227924.2523,6.1513,243406.6865
258,000540.SZ,20160623,6.0402,6.0499,5.9722,5.9917,6.0499,-0.05820000000000025,-0.962,240993.52,149126.2542,6.0266,193901.332,6.1097,224859.4392,6.1785,244772.0518
259,000540.SZ,20160622,6.0111,6.0499,6.0014,6.0499,6.0111,0.03880000000000017,0.6455,129609.26,80472.6679,6.0344,193610.46,6.1284,224949.9792,6.2022,247645.725
260,000540.SZ,20160621,6.0499,6.0791,6.0111,6.0111,6.0305,-0.019400000000000084,-0.3217,210562.65,131128.762,6.048,220482.93,6.1418,240693.9915,6.225,257785.1435
261,000540.SZ,20160620,6.0694,6.0694,6.0014,6.0305,6.0499,-0.019400000000000084,-0.3207,188503.21,117055.478,6.0538,210015.354,6.1582,258879.9892,6.247,269149.1962
262,000540.SZ,20160617,6.0402,6.1179,6.0402,6.0499,6.0305,0.019400000000000084,0.3217,199838.02,124977.3475,6.0538,221558.2,6.159,254444.9638,6.2696,272041.3188
263,000540.SZ,20160616,6.1179,6.1373,6.0208,6.0305,6.1179,-0.0873999999999997,-1.4286,239539.16,149452.9869,6.0965,226581.186,6.1612,250350.1085,6.2904,277585.3435
264,000540.SZ,20160615,6.0014,6.1956,5.9722,6.1179,6.0402,0.0777000000000001,1.2864,263971.61,166016.5476,6.1432,223770.994,6.1717,252333.4746,6.313,283009.2671
265,000540.SZ,20160614,6.0208,6.0791,6.0111,6.0402,6.0305,0.009699999999999598,0.1608,158224.77,98426.7278,6.1839,239813.672,6.1709,245595.5392,6.3319,296146.5141
266,000540.SZ,20160613,6.215,6.2247,6.0305,6.0305,6.2636,-0.2331000000000003,-3.7215,246217.44,156325.7551,6.2208,258386.102,6.1807,252213.1508,6.3622,303805.3479
267,000540.SZ,20160608,6.2733,6.3024,6.2441,6.2636,6.2636,0.0,0.0,224952.95,145297.6849,6.2616,257576.722,6.1859,248131.7985,6.3925,312256.6009
268,000540.SZ,20160607,6.351,6.351,6.2539,6.2636,6.3218,-0.05819999999999936,-0.9206,225488.2,146074.6706,6.2538,279442.416,6.1732,245863.9746,6.4213,338108.1894
269,000540.SZ,20160606,6.2539,6.3413,6.2344,6.3218,6.2247,0.0970999999999993,1.5599,344185.0,222596.4055,6.2461,323740.9,6.1582,246963.5308,6.4423,344954.2615
270,000540.SZ,20160603,6.2539,6.2539,6.1762,6.2247,6.2344,-0.009699999999999598,-0.1556,251086.92,160635.6358,6.1897,281073.476,6.1441,243070.0254,6.4593,357982.7379
271,000540.SZ,20160602,6.1956,6.2539,6.1859,6.2344,6.2247,0.009699999999999598,0.1558,242170.54,155123.8506,6.1606,260177.072,6.1448,238949.4654,6.4762,360619.1035
272,000540.SZ,20160601,6.1859,6.2636,6.1762,6.2247,6.2247,0.0,0.0,334281.42,214336.2973,6.147,264807.548,6.1478,236622.4638,6.4953,375365.0847
273,000540.SZ,20160531,6.0596,6.2344,6.0499,6.2247,6.0402,0.18450000000000077,3.0545,446980.62,284264.5659,6.1237,233226.954,6.1426,225519.9308,6.5079,374925.5768
274,000540.SZ,20160530,6.0791,6.0888,6.0208,6.0402,6.0791,-0.03890000000000082,-0.6399,130847.88,81494.2762,6.1121,192681.574,6.1373,208878.5631,6.5226,373136.6656
275,000540.SZ,20160527,6.1373,6.1373,6.0694,6.0791,6.1665,-0.0873999999999997,-1.4173,146604.9,92111.5356,6.1238,205143.97,6.1486,213950.9869,6.546,382320.0168
276,000540.SZ,20160526,6.1082,6.1956,5.9625,6.1665,6.1082,0.05830000000000002,0.9545,265322.92,165359.4833,6.1276,214917.238,6.1598,219578.52,6.5676,390673.3209
277,000540.SZ,20160525,6.1665,6.1956,6.0694,6.1082,6.1665,-0.05830000000000002,-0.9454,176378.45,111133.123,6.1082,209809.14,6.165,236164.0669,6.5837,392242.5
278,000540.SZ,20160524,6.0985,6.1665,6.0014,6.1665,6.0985,0.0680000000000005,1.115,244253.72,152488.9651,6.114,233247.336,6.2076,255318.3392,6.6037,401862.1371
279,000540.SZ,20160523,6.1082,6.1373,6.0694,6.0985,6.0985,0.0,0.0,193159.86,121465.3316,6.1276,223900.52,6.2613,262479.7385,6.6217,404676.6132
280,000540.SZ,20160520,6.0402,6.1373,6.0014,6.0985,6.0694,0.02909999999999968,0.4795,195471.24,122154.3871,6.1626,227652.452,6.3151,273675.0115,6.6365,409051.2915
281,000540.SZ,20160519,6.1082,6.1665,6.0499,6.0694,6.1373,-0.06789999999999985,-1.1063,239782.43,150782.8322,6.1742,226547.902,6.3711,295127.1846,6.6537,413142.8406
282,000540.SZ,20160518,6.2053,6.2053,5.9722,6.1373,6.2344,-0.09710000000000019,-1.5575,293569.43,184101.5449,6.1917,224719.984,6.4242,322600.8777,6.6743,414487.5035
283,000540.SZ,20160517,6.2733,6.3121,6.1956,6.2344,6.2733,-0.038899999999999935,-0.6201,197519.64,127197.6528,6.2014,205363.976,6.475,322082.8738,6.6909,417096.82
284,000540.SZ,20160516,6.1762,6.2927,6.0791,6.2733,6.1568,0.11650000000000027,1.8922,211919.52,135428.2217,6.1995,209812.614,6.5153,336760.9677,6.708,421663.1832
285,000540.SZ,20160513,6.1665,6.2539,6.1276,6.1568,6.1568,0.0,0.0,189948.49,121133.7484,6.1917,263615.716,6.5557,353071.2015,6.724,433555.5291
286,000540.SZ,20160512,6.1373,6.1859,5.9431,6.1568,6.1859,-0.02910000000000057,-0.4704,230642.84,144633.7743,6.2927,310702.816,6.602,393124.2415,6.749,456961.3871
287,000540.SZ,20160511,6.2636,6.3024,6.1665,6.1859,6.2247,-0.03880000000000017,-0.6233,196789.39,126183.0131,6.4345,332044.63,6.6724,407584.4169,6.7662,469987.2159
288,000540.SZ,20160510,6.2539,6.3121,6.1665,6.2247,6.2344,-0.009699999999999598,-0.1556,219762.83,141341.913,6.5568,360426.434,6.7398,433489.8515,6.7744,475121.5691
289,000540.SZ,20160509,6.6132,6.6132,6.1665,6.2344,6.6617,-0.4272999999999998,-6.4143,480935.03,315443.0333,6.6773,411343.766,6.818,501500.9385,6.7777,475476.7479
290,000540.SZ,20160506,6.8754,6.8851,6.652,6.6617,6.8657,-0.20400000000000063,-2.9713,425383.99,296106.1763,6.7821,434544.848,6.8751,499756.2938,6.7837,469538.3215
291,000540.SZ,20160505,6.7977,6.9239,6.7783,6.8657,6.7977,0.0680000000000005,1.0003,337351.91,238497.2428,6.8093,406835.126,6.8936,527584.6946,6.7794,470650.6991
292,000540.SZ,20160504,6.8268,6.8462,6.7783,6.7977,6.8268,-0.02910000000000057,-0.4263,338698.41,237571.3701,6.788,417031.716,6.8884,527844.0362,6.7643,467852.2947
293,000540.SZ,20160503,6.7588,6.8268,6.6326,6.8268,6.7588,0.0680000000000005,1.0061,474349.49,330404.8405,6.788,434082.546,6.8949,558985.2277,6.7501,466377.3497
294,000540.SZ,20160429,6.9822,6.9822,6.7103,6.7588,6.7977,-0.038899999999999935,-0.5723,596940.44,420444.7088,6.7746,481340.25,6.8818,547061.2785,6.7385,462093.0385
295,000540.SZ,20160425,6.7491,6.8754,6.6714,6.7977,6.7588,0.038899999999999935,0.5755,286835.38,200835.2799,6.8371,445677.186,6.8789,530847.2169,6.7363,463062.5124
296,000540.SZ,20160422,6.8559,6.8559,6.6326,6.7588,6.7977,-0.038899999999999935,-0.5723,388334.86,269778.1958,6.89,495022.118,6.8818,542866.1738,6.7382,470726.6262
297,000540.SZ,20160421,6.7599,6.9393,6.741,6.7977,6.7599,0.037799999999999834,0.5592,423952.56,306595.5668,6.9865,638136.538,6.8863,546118.6646,6.7419,490629.3732
298,000540.SZ,20160420,7.0809,7.1376,6.6088,6.7599,7.0715,-0.3116000000000003,-4.4064,710638.01,513834.7334,7.0224,644996.956,6.8797,538020.3915,6.743,526787.9106
299,000540.SZ,20160419,7.0998,7.2225,6.9865,7.0715,7.062,0.009500000000000064,0.1345,418625.12,314445.2374,7.0507,660299.994,6.8819,522082.5531,6.7424,529660.4626
300,000540.SZ,20160418,7.1659,7.1942,7.0243,7.062,7.2414,-0.17939999999999934,-2.4774,533560.04,400684.1027,6.9959,644719.64,6.8594,516030.3062,6.7146,530680.0203
301,000540.SZ,20160415,7.0148,7.3169,6.9771,7.2414,6.9771,0.26429999999999954,3.7881,1103906.96,838786.7737,6.9601,686714.412,6.8238,501287.1431,6.6819,530289.2668
302,000540.SZ,20160414,6.9393,6.9865,6.8826,6.9771,6.9015,0.07559999999999967,1.0954,458254.65,336462.272,6.843,529800.65,6.781,442108.4469,6.653,508361.5391
303,000540.SZ,20160413,6.826,7.0526,6.826,6.9015,6.7977,0.10380000000000056,1.527,787153.2,578695.8791,6.792,515381.248,6.765,428819.7023,6.6305,510377.8471
304,000540.SZ,20160412,6.8732,6.9015,6.7505,6.7977,6.8826,-0.0849000000000002,-1.2335,340723.35,245342.8373,6.7788,446566.972,6.7497,397676.0862,6.6305,497055.0676
305,000540.SZ,20160411,6.7693,6.9204,6.7316,6.8826,6.6561,0.2264999999999997,3.4029,743533.9,540497.5668,6.7826,464545.75,6.7512,398603.2123,6.6324,497401.525
306,000540.SZ,20160408,6.7033,6.7127,6.5805,6.6561,6.7221,-0.06599999999999984,-0.9818,319338.15,224624.4951,6.7486,379573.972,6.7461,388812.8569,6.6363,488942.9888
307,000540.SZ,20160407,6.8638,6.8921,6.7127,6.7221,6.8354,-0.11329999999999973,-1.6575,386157.64,277588.5362,6.775,416395.564,6.773,440075.1269,6.6424,488182.2771
308,000540.SZ,20160406,6.8071,6.8826,6.7693,6.8354,6.8166,0.018799999999999706,0.2758,443081.82,320312.147,6.7863,407153.218,6.7744,462180.0023,6.648,492356.4835
309,000540.SZ,20160405,6.7221,6.8354,6.6844,6.8166,6.7127,0.10390000000000033,1.5478,430617.24,309201.9732,6.7391,386916.638,6.7461,456662.7392,6.6486,490324.2341
310,000540.SZ,20160401,6.7505,6.7882,6.6372,6.7127,6.7882,-0.0754999999999999,-1.1122,318675.01,226236.6877,6.7127,367709.972,6.7091,441372.0985,6.648,488266.77
311,000540.SZ,20160331,6.8071,6.9298,6.7316,6.7882,6.7788,0.009399999999999409,0.1387,503446.11,364032.6861,6.724,361075.164,6.688,438322.3692,6.6436,488049.095
312,000540.SZ,20160330,6.6277,6.7788,6.6277,6.7788,6.5994,0.17940000000000023,2.7184,339945.91,241912.9071,6.707,336843.18,6.667,435226.8862,6.6436,482058.6859
313,000540.SZ,20160329,6.7221,6.7788,6.5239,6.5994,6.6844,-0.08499999999999996,-1.2716,341898.92,240366.7087,6.7146,339409.196,6.6343,427708.4438,6.6455,484152.0029
314,000540.SZ,20160328,6.7693,6.8638,6.6561,6.6844,6.7693,-0.0849000000000002,-1.2542,334583.91,239531.0058,6.758,394281.268,6.6125,423604.7023,6.6522,492211.4274
315,000540.SZ,20160325,6.741,6.8449,6.7127,6.7693,6.7033,0.06600000000000072,0.9846,285500.97,204657.912,6.8222,524514.018,6.5929,423150.7792,6.6524,498915.4506
316,000540.SZ,20160324,6.7599,6.8354,6.6655,6.7033,6.8166,-0.11330000000000062,-1.6621,382286.19,273066.7255,6.8166,602118.028,6.5863,449643.2085,6.6394,502422.0729
317,000540.SZ,20160323,6.7882,6.8826,6.7221,6.8166,6.8166,0.0,0.0,352775.99,254146.3644,6.7694,599932.27,6.5987,462345.4438,6.628,503759.2032
318,000540.SZ,20160322,6.911,6.9771,6.8071,6.8166,7.0054,-0.18879999999999963,-2.6951,616259.28,448397.1577,6.6731,575744.854,6.6038,517134.08,6.6083,507491.1409
319,000540.SZ,20160321,6.8921,7.1564,6.7599,7.0054,6.741,0.2644000000000002,3.9223,985747.66,724676.1349,6.5975,508298.704,6.6052,596909.7377,6.5925,507552.5788
320,000540.SZ,20160318,6.4956,6.8449,6.4767,6.741,6.4672,0.2737999999999996,4.2337,673521.02,474572.9456,6.4993,403790.138,6.5849,583260.2854,6.565,493006.4894
321,000540.SZ,20160317,6.3445,6.5522,6.3445,6.4672,6.3351,0.13210000000000033,2.0852,371357.4,253635.6218,6.4219,317527.166,6.5377,566319.4438,6.5641,482321.7688
322,000540.SZ,20160316,6.42,6.4956,6.3256,6.3351,6.4389,-0.10380000000000056,-1.6121,231838.91,156805.4726,6.3917,300965.742,6.4977,577774.5992,6.5714,480767.8994
323,000540.SZ,20160315,6.5144,6.5144,6.3539,6.4389,6.5144,-0.0754999999999999,-1.159,279028.53,190182.5443,6.4106,320334.542,6.4919,587507.3154,6.5791,486415.1524
324,000540.SZ,20160314,6.4106,6.6655,6.4106,6.5144,6.3539,0.16049999999999986,2.526,463204.83,321573.2871,6.4597,390509.346,6.4745,606567.3608,6.5919,490698.1335
325,000540.SZ,20160311,6.3067,6.3728,6.2312,6.3539,6.3162,0.03770000000000007,0.5969,242206.16,161741.9381,6.5296,407351.43,6.5043,596642.2738,6.6055,492571.62
326,000540.SZ,20160310,6.4483,6.5144,6.2784,6.3162,6.4295,-0.11329999999999973,-1.7622,288550.28,195357.0148,6.6353,571915.85,6.5435,605126.6385,6.6163,496944.9571
327,000540.SZ,20160309,6.5144,6.5711,6.42,6.4295,6.6844,-0.2549000000000001,-3.8134,328682.91,225738.1114,6.7391,844874.36,6.5972,618003.0531,6.628,502449.6391
328,000540.SZ,20160308,6.7977,6.826,6.3351,6.6844,6.8638,-0.17940000000000023,-2.6137,629902.55,437048.8852,6.8014,940798.734,6.6306,615294.6715,6.6461,509543.4709
329,000540.SZ,20160307,6.9393,7.0243,6.7788,6.8638,6.8826,-0.018799999999999706,-0.2732,547415.25,399363.6189,6.69,905476.24,6.6481,607462.2185,6.653,506426.6788
330,000540.SZ,20160304,6.7033,7.0148,6.6844,6.8826,6.8354,0.04720000000000013,0.6905,1065028.26,775673.252,6.5069,900048.074,6.6473,594121.4562,6.6647,504572.5609
331,000540.SZ,20160303,7.0337,7.3641,6.7788,6.8354,6.741,0.09440000000000026,1.4004,1653342.83,1232370.6646,6.3822,758715.266,6.6408,539939.5485,6.6749,498476.8538
332,000540.SZ,20160302,6.1368,6.741,6.0801,6.741,6.1273,0.6136999999999997,10.0158,808304.78,563090.5032,6.2576,533408.524,6.6197,436703.4892,6.6902,472433.6876
333,000540.SZ,20160301,6.0424,6.2973,5.9763,6.1273,5.948,0.17929999999999957,3.0145,453290.08,294195.3314,6.2897,438583.308,6.6234,397585.5985,6.7035,454471.3132
334,000540.SZ,20160229,6.3256,6.4578,5.7591,5.948,6.2595,-0.31149999999999967,-4.9764,520274.42,333359.275,6.437,418425.872,6.6786,394341.6454,6.7549,460686.7279
335,000540.SZ,20160226,6.3256,6.3728,6.1651,6.2595,6.2123,0.04720000000000013,0.7598,358364.22,238216.3225,6.6504,405559.722,6.7461,401698.9477,6.8043,473109.3241
336,000540.SZ,20160225,6.8732,6.9015,6.2123,6.2123,6.9015,-0.6892000000000005,-9.9862,526809.12,363998.9228,6.7712,392581.668,6.7795,417403.2923,6.8485,483977.9424
337,000540.SZ,20160224,6.8638,6.9204,6.741,6.9015,6.8638,0.03770000000000007,0.5493,334178.7,242050.9295,6.911,392835.976,6.7882,408012.2931,6.919,493514.7144
338,000540.SZ,20160223,7.0148,7.0243,6.7977,6.8638,7.0148,-0.1509999999999998,-2.1526,352502.9,257453.8159,6.9015,400797.304,6.7432,415209.9792,6.9748,508395.5359
339,000540.SZ,20160222,7.0431,7.1187,6.9771,7.0148,6.8638,0.1509999999999998,2.1999,455943.67,340081.1816,6.8883,402429.416,6.688,424991.4385,7.0348,526771.4618
340,000540.SZ,20160219,6.8921,6.9487,6.8354,6.8638,6.911,-0.04719999999999924,-0.683,293473.95,214145.9222,6.7977,373495.494,6.6314,437484.0923,7.0895,556205.7744
341,000540.SZ,20160218,6.8921,7.1376,6.8732,6.911,6.8543,0.056699999999999307,0.8272,528080.66,391352.0758,6.7826,374755.144,6.5704,452692.2977,7.1562,683819.4959
342,000540.SZ,20160217,6.826,6.8921,6.7788,6.8543,6.7977,0.05660000000000043,0.8326,373985.34,270594.9019,6.7693,351362.75,6.5551,435935.3638,7.242,681893.9812
343,000540.SZ,20160216,6.5711,6.8354,6.5711,6.7977,6.5616,0.23609999999999953,3.5982,360663.46,257933.693,6.7637,399749.552,6.5442,431669.2485,7.3389,691175.7203
344,000540.SZ,20160215,6.4956,6.6655,6.42,6.5616,6.7882,-0.22659999999999947,-3.3381,311274.06,216339.0655,6.7429,440121.0,6.529,436529.4062,7.4416,695983.8888
345,000540.SZ,20160205,6.8543,6.911,6.7599,6.7882,6.8449,-0.056700000000000195,-0.8284,299772.2,217438.3848,6.6957,458811.414,6.5529,445250.6238,7.553,707663.0118
346,000540.SZ,20160204,6.8449,6.9393,6.7599,6.8449,6.826,0.01890000000000036,0.2769,411118.69,298364.0406,6.6013,484406.698,6.5675,462722.2523,7.6482,713864.4288
347,000540.SZ,20160203,6.7316,6.9959,6.7033,6.826,6.6938,0.1321999999999992,1.975,615919.35,446168.3898,6.4616,498115.334,6.558,461166.9392,7.7457,722245.7468
348,000540.SZ,20160202,6.3256,6.8826,6.3256,6.6938,6.3256,0.36820000000000075,5.8208,562520.7,395933.8623,6.352,498601.098,6.5493,450381.5638,7.8359,720457.2756
349,000540.SZ,20160201,6.2878,6.3823,6.2029,6.3256,6.3162,0.009399999999999409,0.1488,404726.13,270566.2822,6.2274,484333.082,6.5762,450947.14,7.9381,722863.4426
350,000540.SZ,20160129,6.1273,6.3917,6.0896,6.3162,6.1462,0.16999999999999993,2.7659,427748.62,284012.3626,6.3048,465435.96,6.6219,460116.7931,8.0506,740272.8585
351,000540.SZ,20160128,6.1085,6.3162,5.9196,6.1462,6.2784,-0.1322000000000001,-2.1056,479661.87,312033.7852,6.3841,443591.404,6.6945,464472.6869,8.1722,769267.9409
352,000540.SZ,20160127,6.1085,6.2878,5.5514,6.2784,6.0707,0.2077,3.4214,618348.17,387995.4924,6.4748,432428.132,6.7781,493558.2523,8.2708,766012.8121
353,000540.SZ,20160126,6.6466,6.6561,6.0424,6.0707,6.7127,-0.6419999999999995,-9.564,491180.62,331846.1636,6.5937,393688.476,6.8609,505060.33,8.3635,755787.7294
354,000540.SZ,20160125,6.7788,6.7977,6.6466,6.7127,6.7127,0.0,0.0,310240.52,220908.2069,6.775,400833.026,6.9473,482475.9785,8.4618,754195.7765
355,000540.SZ,20160122,6.6372,6.7505,6.5428,6.7127,6.5994,0.11329999999999973,1.7168,318525.84,224561.5825,6.7769,416964.846,7.0366,509735.4908,8.5526,753847.8874
356,000540.SZ,20160121,6.7788,6.8921,6.59,6.5994,6.8732,-0.2737999999999996,-3.9836,423845.51,302572.245,6.7769,448401.572,7.1071,557744.4792,8.6465,757444.235
357,000540.SZ,20160120,6.9204,7.0054,6.8166,6.8732,6.9771,-0.10390000000000033,-1.4892,424649.89,310584.7696,6.8656,477607.108,7.1964,581133.0738,8.7523,761400.8753
358,000540.SZ,20160119,6.7599,7.0337,6.6844,6.9771,6.7221,0.2549999999999999,3.7935,526903.37,383600.9561,6.8751,497463.454,7.33,613933.8031,8.8481,765577.9341
359,000540.SZ,20160118,6.6088,6.8166,6.4956,6.7221,6.7127,0.009400000000000297,0.14,390899.62,278057.9212,6.9317,488957.828,7.4702,638027.9,8.9383,769594.3532
360,000540.SZ,20160115,7.0148,7.062,6.6655,6.7127,7.0431,-0.3304,-4.6911,475709.47,345123.6445,7.0337,582332.748,7.6379,683134.42,9.0219,778185.635
361,000540.SZ,20160114,6.7316,7.0809,6.59,7.0431,6.9204,0.12270000000000003,1.773,569873.19,413898.168,7.1621,640765.89,7.8043,758596.0223,9.1108,787889.6662
362,000540.SZ,20160113,7.3547,7.3925,6.8732,6.9204,7.2603,-0.3399000000000001,-4.6816,523931.62,399351.0146,7.1923,566308.062,7.9648,1071093.5062,9.2213,787329.4459
363,000540.SZ,20160112,7.2792,7.3925,7.0054,7.2603,7.232,0.02829999999999977,0.3913,484375.24,370859.8987,7.383,594444.574,8.1884,1066376.7015,9.3412,786771.0738
364,000540.SZ,20160111,7.4208,7.6851,7.1753,7.232,7.3547,-0.12270000000000003,-1.6683,857774.22,675467.3826,7.4567,686098.064,8.4107,1082160.4885,9.4534,791342.6924
365,000540.SZ,20160108,7.468,7.5435,6.8543,7.3547,7.1942,0.16049999999999986,2.231,767875.18,594933.599,7.5624,660122.668,8.646,1056496.4092,9.5587,796113.4188
366,000540.SZ,20160107,7.6851,7.6851,7.1753,7.1942,7.874,-0.6797999999999993,-8.6335,197584.05,156070.4196,7.8136,676759.506,8.8762,1051918.6446,9.6739,824721.4638
367,000540.SZ,20160106,7.7135,8.0061,7.704,7.874,7.6285,0.24549999999999983,3.2182,664614.18,551718.087,8.1346,805268.022,9.0941,1075998.3623,9.7958,865940.6529
368,000540.SZ,20160105,7.3547,7.8268,7.1942,7.6285,7.7607,-0.1322000000000001,-1.7035,942642.69,752703.7037,8.3404,867802.062,9.2698,1078419.0792,9.8974,917195.0782
369,000540.SZ,20160104,8.6009,8.6576,7.7512,7.7607,8.6104,-0.8497000000000003,-9.8683,727897.24,632210.8914,8.5896,970615.584,9.4441,1048608.9746,9.976,911972.9718
370,000540.SZ,20151231,8.8181,8.8559,8.6104,8.6104,8.7992,-0.18880000000000052,-2.1456,851059.37,784344.7847,8.8634,1751504.232,9.6293,1042180.7546,10.0499,907367.3468
371,000540.SZ,20151230,8.8936,8.9408,8.7331,8.7992,8.9031,-0.10389999999999944,-1.167,840126.63,783810.7064,9.107,1673814.99,9.7477,1053379.7469,10.0921,896753.7906
372,000540.SZ,20151229,8.8747,8.9408,8.516,8.9031,8.8747,0.028399999999999537,0.32,977284.38,904755.9378,9.377,1643702.558,9.8748,1097491.6538,10.1243,886742.8929
373,000540.SZ,20151228,8.9219,9.073,8.8464,8.8747,9.1296,-0.25489999999999924,-2.792,1456710.3,1377915.0147,9.6546,1553073.92,9.9205,1050699.5854,10.1598,872565.3188
374,000540.SZ,20151225,9.8,9.8094,8.8464,9.1296,9.8283,-0.6987000000000005,-7.1091,4632340.48,4443235.648,9.9491,1403404.708,9.9634,959467.6669,10.199,849159.8976
375,000540.SZ,20151224,10.0927,10.2343,9.7433,9.8283,10.1493,-0.32099999999999973,-3.1628,462613.16,484123.9199,10.1285,579060.688,9.9852,636753.3392,10.2293,733511.0979
376,000540.SZ,20151223,10.1776,10.4703,10.0549,10.1493,10.2909,-0.1416000000000004,-1.376,689564.47,749572.9949,10.1946,625754.756,9.983,624122.5031,10.2432,749298.8388
377,000540.SZ,20151222,10.3664,10.4325,10.121,10.2909,10.3476,-0.056699999999999307,-0.548,524141.19,569620.0744,10.1436,598864.128,9.9641,604986.9023,10.2359,748543.0756
378,000540.SZ,20151221,10.0266,10.4609,10.0266,10.3476,10.0266,0.32099999999999973,3.2015,708364.24,774010.02,10.1191,622901.966,9.9569,607619.9862,10.2245,746906.7059
379,000540.SZ,20151218,10.1304,10.1871,9.9699,10.0266,10.1587,-0.13209999999999944,-1.3004,510620.38,544580.3297,10.0794,680558.372,9.9401,596720.4208,10.1998,736710.4026
380,000540.SZ,20151217,9.9888,10.3476,9.9038,10.1587,9.8944,0.2643000000000004,2.6712,696083.5,749417.5581,10.1644,861150.58,9.9416,608477.4392,10.1901,732864.1571
381,000540.SZ,20151216,10.121,10.1587,9.8661,9.8944,10.1682,-0.2738000000000014,-2.6927,555111.33,587388.1394,10.0322,795731.378,9.8958,607471.2623,10.181,727027.9788
382,000540.SZ,20151215,10.1493,10.4325,10.0643,10.1682,10.1493,0.01890000000000036,0.1862,644330.38,697528.7521,9.9397,738848.184,9.8835,626743.2008,10.1812,725007.3691
383,000540.SZ,20151214,10.1493,10.3098,9.8,10.1493,10.4514,-0.30209999999999937,-2.8905,996646.27,1058332.924,9.7887,697392.952,9.9321,619550.5331,10.1751,728427.6444
384,000540.SZ,20151211,9.5167,10.4514,9.4223,10.4514,9.4979,0.9535,10.0391,1413581.42,1529958.5777,9.7188,557746.156,9.9975,581727.51,10.169,721553.0176
385,000540.SZ,20151210,9.4884,9.8944,9.4318,9.4979,9.4318,0.06609999999999872,0.7008,368987.49,377404.9193,9.6093,363190.204,10.0454,522206.6523,10.1576,713279.1162
386,000540.SZ,20151209,9.3185,9.5734,9.2807,9.4318,9.4129,0.01890000000000036,0.2008,270695.36,271437.0611,9.749,401066.962,10.1464,572282.9162,10.1859,754760.9044
387,000540.SZ,20151208,9.6772,9.7622,9.4034,9.4129,9.8,-0.3871000000000002,-3.95,437054.22,440674.6411,9.8887,460261.868,10.288,685348.5585,10.2071,799311.425
388,000540.SZ,20151207,9.8849,9.9416,9.715,9.8,9.9038,-0.10379999999999967,-1.0481,298412.29,309258.6087,10.0152,505543.348,10.4362,774731.8092,10.2015,789634.2497
389,000540.SZ,20151204,10.1021,10.121,9.8189,9.9038,10.1965,-0.29269999999999996,-2.8706,440801.66,465792.476,9.968,582461.53,10.5538,936951.2208,10.1598,781188.9168
390,000540.SZ,20151203,10.0549,10.4042,9.9133,10.1965,10.1304,0.06610000000000049,0.6525,558371.28,602884.8407,9.934,655430.504,10.5843,961896.56,10.0926,768441.7244
391,000540.SZ,20151202,10.0077,10.3381,9.7244,10.1304,10.0454,0.08499999999999908,0.8462,566669.89,602835.0009,10.0549,653921.388,10.5901,962891.5377,9.9966,773595.6382
392,000540.SZ,20151201,9.5734,10.4797,9.4223,10.0454,9.5639,0.4815000000000005,5.0346,663461.62,699153.9938,10.2286,641576.804,10.5836,957009.12,9.8997,781334.9159
393,000540.SZ,20151130,9.63,9.8189,8.9691,9.5639,9.7339,-0.16999999999999993,-1.7465,683003.2,684374.1515,10.4344,636846.534,10.572,944416.3885,9.8275,772295.0994
394,000540.SZ,20151127,10.8102,10.8763,9.7244,9.7339,10.8007,-1.0668000000000006,-9.8771,805646.53,874073.5619,10.6837,704241.678,10.6141,929973.5931,9.7941,765479.2912
395,000540.SZ,20151126,11.1406,11.235,10.7724,10.8007,10.999,-0.1982999999999997,-1.8029,550825.7,640738.3906,10.9914,891222.114,10.6504,918841.2431,9.7833,755465.5288
396,000540.SZ,20151125,10.9801,11.1595,10.8952,10.999,11.0745,-0.0754999999999999,-0.6817,504946.97,587336.1085,11.0991,1100864.27,10.601,930337.8269,9.7553,755984.5947
397,000540.SZ,20151124,10.8196,11.1878,10.763,11.0745,10.8102,0.2643000000000004,2.4449,639810.27,743372.9019,11.1652,1481327.804,10.5473,968372.3946,9.7375,765062.8244
398,000540.SZ,20151123,10.9801,11.1784,10.7252,10.8102,11.2728,-0.4626000000000001,-4.1037,1019978.92,1180103.5467,11.0104,1506383.964,10.4572,970223.0292,9.6978,779503.3012
399,000540.SZ,20151120,11.4333,11.8865,11.1878,11.2728,11.3389,-0.06610000000000049,-0.5829,1740548.71,2122592.0145,10.9027,1416649.378,10.3875,927801.9292,9.6947,768613.4656
400,000540.SZ,20151119,11.3295,11.405,11.0273,11.3389,11.3295,0.009400000000001185,0.083,1599036.48,1902934.416,10.6572,1166579.328,10.2517,821735.8692,9.68,745741.4218
401,000540.SZ,20151118,10.4042,11.3295,10.3004,11.3295,10.3004,1.0290999999999997,9.9909,2407264.64,2842165.7486,10.3683,946723.254,10.1253,727952.1423,9.6517,713190.8794
402,000540.SZ,20151117,10.3664,10.4609,10.1871,10.3004,10.272,0.028399999999999537,0.2765,765091.07,835433.3994,10.1247,564319.698,10.0113,581058.9731,9.6167,659182.4862
403,000540.SZ,20151116,9.8944,10.3287,9.8094,10.272,10.0454,0.22659999999999947,2.2558,571305.99,615592.021,10.1058,543486.68,9.9808,559622.0138,9.6234,663477.7465
404,000540.SZ,20151113,9.7811,10.1776,9.6961,10.0454,9.8944,0.15100000000000158,1.5261,490198.46,514458.4652,10.0832,569281.74,9.9568,574184.61,9.6242,667128.8691
405,000540.SZ,20151112,10.1965,10.2059,9.8377,9.8944,10.1115,-0.2171000000000003,-2.1471,499756.11,527693.8455,10.1342,671121.318,9.9488,595162.3408,9.6156,663120.825
406,000540.SZ,20151111,10.2437,10.2437,10.0266,10.1115,10.2059,-0.09440000000000026,-0.925,495246.86,530396.7148,10.1361,703943.8,9.9619,643817.1608,9.6061,658317.5947
407,000540.SZ,20151110,10.2059,10.5081,10.0549,10.2059,10.1587,0.04720000000000013,0.4646,660925.98,719624.5456,10.0945,698595.352,9.9888,742595.7323,9.5987,658435.21
408,000540.SZ,20151109,10.1965,10.2909,9.9982,10.1587,10.3004,-0.14170000000000016,-1.3757,700281.29,754258.4155,9.9548,638748.142,9.9844,829094.7385,9.5984,655660.7562
409,000540.SZ,20151106,9.9133,10.3759,9.8189,10.3004,9.9038,0.3965999999999994,4.0045,999396.35,1065338.8541,9.8623,574661.49,9.9125,783536.9669,9.5862,656800.6791
410,000540.SZ,20151105,9.9133,10.0266,9.7811,9.9038,9.9038,0.0,0.0,663868.52,696885.8179,9.7716,474312.908,9.7651,707527.3223,9.5798,646386.7062
411,000540.SZ,20151104,9.5639,9.9605,9.5356,9.9038,9.5073,0.39649999999999963,4.1705,468504.62,484917.2204,9.7716,438821.324,9.5894,657029.5223,9.577,648820.5426
412,000540.SZ,20151103,9.6961,9.8472,9.4412,9.5073,9.6961,-0.18879999999999875,-1.9472,361689.93,367274.4899,9.783,497244.348,9.3606,677421.8092,9.5839,652065.9382
413,000540.SZ,20151102,9.6112,10.0549,9.5734,9.6961,9.8472,-0.15110000000000134,-1.5344,379848.03,396105.3472,9.8698,577488.154,9.1551,713430.6862,9.5864,672185.3088
414,000540.SZ,20151030,9.9227,10.1871,9.63,9.8472,9.9038,-0.05659999999999954,-0.5715,497653.44,522834.8903,9.9435,727972.302,8.9931,711604.5192,9.592,686673.1968
415,000540.SZ,20151029,10.1587,10.2909,9.7622,9.9038,9.9605,-0.056699999999999307,-0.5692,486410.6,512849.4813,10.0662,984315.272,8.8842,708036.2331,9.6253,705417.7191
416,000540.SZ,20151028,9.7717,10.5553,9.7056,9.9605,9.9416,0.01890000000000036,0.1901,760619.74,820060.9772,10.1153,1244115.764,8.8428,706403.0031,9.6703,722716.6241
417,000540.SZ,20151027,9.7622,10.0266,9.4695,9.9416,10.0643,-0.12270000000000003,-1.2192,762908.96,789456.0605,9.968,1113597.868,8.8341,691622.5569,9.6958,725922.6426
418,000540.SZ,20151026,10.4703,10.4892,9.8566,10.0643,10.4609,-0.3966000000000012,-3.7913,1132268.77,1213500.7786,9.6565,963270.27,8.8689,695522.3892,9.7275,731461.3224
419,000540.SZ,20151023,10.8574,10.9896,10.3853,10.4609,10.1493,0.3116000000000003,3.0702,1779368.29,2011668.4444,9.1674,738295.94,8.8428,695408.3669,9.7589,739250.5394
420,000540.SZ,20151022,9.4412,10.1493,9.2241,10.1493,9.2241,0.9252000000000002,10.0302,1785413.06,1859936.7118,8.4612,529143.152,8.8617,608512.6915,9.7658,730870.3776
421,000540.SZ,20151021,9.2241,9.2241,9.2241,9.2241,8.3838,0.8402999999999992,10.0229,108030.26,105545.564,7.7984,338021.606,8.9096,545242.3962,9.7575,714429.5394
422,000540.SZ,20151020,8.3838,8.3838,8.3838,8.3838,7.6191,0.7647000000000004,10.0366,11270.97,10008.6214,7.4718,387637.126,8.9982,574802.9946,9.75,755077.8544
423,000540.SZ,20151019,7.6191,7.6191,7.6191,7.6191,6.9298,0.6893000000000002,9.9469,7397.12,5969.4758,7.4812,475636.076,9.1333,617857.4792,9.7708,820436.6079
424,000540.SZ,20150827,6.8921,7.1848,6.1651,6.9298,6.8354,0.09440000000000026,1.381,733604.35,525291.5274,7.8305,567192.374,9.357,687375.3869,9.8114,881683.0565
425,000540.SZ,20150826,7.5907,7.8268,6.8354,6.8354,7.5907,-0.7553000000000001,-9.9503,829805.33,639931.9781,8.414,534166.292,9.6162,684439.9877,9.8627,896600.245
426,000540.SZ,20150825,7.5907,7.8362,7.5907,7.5907,8.431,-0.8402999999999992,-9.9668,356107.86,286868.3828,9.1259,530926.582,9.8406,647833.8054,9.9452,911471.9574
427,000540.SZ,20150824,9.0352,9.0352,8.431,8.431,9.3657,-0.9347000000000012,-9.98,451265.72,407482.0084,9.5526,685862.306,9.9932,646321.3762,10.0368,945135.0385
428,000540.SZ,20150821,9.6867,9.8755,9.2524,9.3657,9.8472,-0.4815000000000005,-4.8897,465178.61,471059.7968,10.0077,725554.064,10.1028,650012.15,10.1387,980750.7309
429,000540.SZ,20150820,10.4042,10.4042,9.8,9.8472,10.3948,-0.5475999999999992,-5.268,568473.94,609226.124,10.289,825098.186,10.1667,657813.3762,10.1818,1016402.1115
430,000540.SZ,20150819,9.7244,10.5742,9.4412,10.3948,9.7244,0.6704000000000008,6.894,813606.78,862472.3009,10.3948,809867.006,10.1587,670933.74,10.2457,1030083.6079
431,000540.SZ,20150818,10.7441,11.2539,9.6395,9.7244,10.7063,-0.9819000000000013,-9.1712,1130786.48,1276442.8836,10.3438,761341.504,10.1348,657988.7008,10.3326,1047535.2688
432,000540.SZ,20150817,10.6686,10.7819,10.4797,10.7063,10.7724,-0.06609999999999872,-0.6136,649724.51,731489.2432,10.5043,717410.192,10.1413,628437.3531,10.4517,1048909.3659
433,000540.SZ,20150814,10.3853,11.084,10.3853,10.7724,10.3759,0.39649999999999963,3.8214,962899.22,1098530.7639,10.4231,726554.122,10.0977,622985.3192,10.5325,1067076.23
434,000540.SZ,20150813,10.0077,10.4137,10.0077,10.3759,10.1399,0.23599999999999888,2.3274,492318.04,535535.9958,10.2192,604759.27,10.007,629358.3431,10.6219,1078727.5532
435,000540.SZ,20150812,10.3948,10.5458,10.1021,10.1399,10.5269,-0.3869999999999987,-3.6763,570979.27,624920.7671,10.0587,573584.918,9.9692,658598.2031,10.768,1109479.8574
436,000540.SZ,20150811,10.2909,10.8102,10.1871,10.5269,10.3004,0.2264999999999997,2.1989,911129.92,1019087.1963,10.002,559238.22,10.0338,701981.89,10.9454,1144192.7832
437,000540.SZ,20150810,9.8094,10.4514,9.8094,10.3004,9.7528,0.5475999999999992,5.6148,695444.16,748885.2097,9.9359,490331.146,10.1035,714554.4631,11.1034,1179592.7082
438,000540.SZ,20150807,9.7244,9.9038,9.6395,9.7528,9.5734,0.17940000000000111,1.8739,353924.96,366235.0451,9.8245,499050.048,10.1442,727952.9408,11.2564,1217294.5047
439,000540.SZ,20150806,9.6017,9.8283,9.479,9.5734,9.8566,-0.2832000000000008,-2.8732,336446.28,343375.6039,9.8906,557329.31,10.2415,773899.0262,11.45,1268634.9856
440,000540.SZ,20150805,10.1493,10.2437,9.8189,9.8566,10.1965,-0.3399000000000001,-3.3335,499245.78,531297.5554,9.9378,639363.846,10.3614,855487.9392,11.6443,1352484.3765
441,000540.SZ,20150804,9.7433,10.272,9.715,10.1965,9.7433,0.4532000000000007,4.6514,566594.55,600902.0254,9.9945,655284.304,10.426,932041.5554,11.8157,1388493.5629
442,000540.SZ,20150803,9.8472,9.9982,9.2146,9.7433,10.0832,-0.3399000000000001,-3.371,739038.67,751052.5373,9.8736,751115.1,10.4006,982797.71,11.9351,1430882.0085
443,000540.SZ,20150731,9.6112,10.1682,9.6112,10.0832,9.8094,0.2737999999999996,2.7912,645321.27,678389.5073,9.9019,777794.61,10.341,1040569.5792,12.0959,1474932.0821
444,000540.SZ,20150730,10.0077,10.5364,9.7244,9.8094,10.1399,-0.3305000000000007,-3.2594,746618.96,804114.0561,10.0813,875723.796,10.2648,1162734.7577,12.2611,1570477.3265
445,000540.SZ,20150729,9.8944,10.1682,9.479,10.1399,9.5923,0.547600000000001,5.7087,578848.07,598224.7565,10.4061,941314.678,10.2023,1266054.5585,12.4152,1674529.1997
446,000540.SZ,20150728,9.63,9.9133,8.9691,9.5923,9.8849,-0.2926000000000002,-2.9601,1045748.53,1045396.3964,10.5439,999469.938,10.0898,1316973.0731,12.5193,1736476.7821
447,000540.SZ,20150727,10.6874,11.1029,9.8849,9.8849,10.9801,-1.0952000000000002,-9.9744,872436.22,974437.5837,10.8291,980565.046,10.0934,1339257.3054,12.6029,1738697.1444
448,000540.SZ,20150724,11.4239,11.5277,10.8574,10.9801,11.4333,-0.45319999999999894,-3.9639,1134967.2,1354300.1278,11.0783,1085498.232,10.1566,1387581.6438,12.6659,1740352.3065
449,000540.SZ,20150723,10.8291,11.5466,10.7535,11.4333,10.8291,0.6041999999999987,5.5794,1074573.37,1267536.9056,11.0217,1157393.35,10.227,1428137.9562,12.6832,1743861.4524
450,000540.SZ,20150722,10.9046,11.1406,10.5647,10.8291,11.0179,-0.18879999999999875,-1.7136,869624.37,1000356.4711,10.7082,1187763.588,10.1805,1474503.5085,12.6976,1763321.7953
451,000540.SZ,20150721,10.9518,11.3672,10.7252,11.0179,11.1312,-0.11330000000000062,-1.0179,951224.07,1118852.0072,10.3362,1311853.308,10.272,1487120.4662,12.7584,1783256.4785
452,000540.SZ,20150720,10.8385,11.4994,10.4797,11.1312,10.6969,0.43430000000000035,4.0601,1397102.15,1642762.2844,9.951,1568302.212,10.4514,1522177.3262,12.8226,1821918.7353
453,000540.SZ,20150717,10.3004,10.8102,10.0832,10.6969,9.8661,0.8308,8.4208,1494442.79,1667299.7974,9.5243,1706837.056,10.6548,1505285.2977,12.8789,1830285.4232
454,000540.SZ,20150716,9.8661,9.8661,9.3374,9.8661,8.9691,0.8970000000000002,10.001,1226424.56,1274629.3181,9.1202,1656106.25,10.8668,1487820.3054,12.9478,1841414.2874
455,000540.SZ,20150708,8.2611,9.3846,8.1855,8.9691,9.0919,-0.12280000000000157,-1.3507,1490072.97,1391876.7669,9.0749,1677910.048,11.1704,1498021.8169,13.0405,1858156.9762
456,000540.SZ,20150707,8.8653,9.4507,8.3744,9.0919,8.9975,0.09440000000000026,1.0492,2233468.59,2139483.3492,9.4223,1680025.978,11.6606,1501700.5408,13.1522,1902305.5759
457,000540.SZ,20150706,9.5262,9.5262,7.8079,8.9975,8.6765,0.32099999999999973,3.6996,2089776.37,1914537.9346,9.9831,1565772.112,12.2053,1464604.3992,13.2663,1839701.925
458,000540.SZ,20150703,8.9786,9.7244,8.6765,8.6765,9.6395,-0.9629999999999992,-9.9901,1240788.76,1171789.58,10.3495,1483281.948,12.7362,1466523.7069,13.3485,1780255.9679
459,000540.SZ,20150702,10.7819,10.999,9.6395,9.6395,10.7063,-1.0668000000000006,-9.9642,1335443.55,1423844.9958,11.0179,1441853.16,13.2613,1523178.8208,13.4085,1764003.4188
460,000540.SZ,20150701,11.8015,12.0847,10.7063,10.7063,11.8959,-1.1895999999999987,-10.0001,1500652.62,1837146.115,11.76,1456157.1,13.7762,1581952.4946,13.431,1753095.2279
461,000540.SZ,20150630,10.8007,11.9148,9.7433,11.8959,10.8291,1.0667999999999989,9.8512,1662199.26,1875593.8776,12.3737,1391527.732,14.1974,1711696.5677,13.4537,1731189.1071
462,000540.SZ,20150629,12.4246,12.6512,10.8196,10.8291,12.0187,-1.1896000000000004,-9.8979,1677325.55,2053141.0754,12.6852,1312567.458,14.4886,1716416.48,13.4523,1709306.0035
463,000540.SZ,20150626,12.7456,13.0855,12.0187,12.0187,13.3499,-1.331199999999999,-9.9716,1033644.82,1350535.4383,13.2819,1248911.19,14.7523,1741837.7223,13.5001,1695178.7559
464,000540.SZ,20150625,13.8408,14.1618,13.1988,13.3499,13.7747,-0.4247999999999994,-3.0839,1406963.25,2042592.278,13.9466,1349761.502,14.9977,1834383.5954,13.5095,1710879.5294
465,000540.SZ,20150624,13.737,14.0674,13.2838,13.7747,13.4537,0.32099999999999973,2.386,1177505.78,1712076.8849,14.5111,1418612.602,15.1786,2025683.3131,13.4629,1688302.65
466,000540.SZ,20150623,13.7275,14.1713,12.4341,13.4537,13.8125,-0.35880000000000045,-2.5976,1267397.89,1785741.1062,14.936,1606056.92,15.2766,2264673.8415,13.4054,1679443.9144
467,000540.SZ,20150619,15.2948,15.3136,13.8125,13.8125,15.342,-1.5295000000000005,-9.9694,1359044.21,2076198.9235,15.3458,1748038.39,15.294,2373725.2246,13.3729,1677151.3718
468,000540.SZ,20150618,16.0501,16.5127,15.1059,15.342,16.1728,-0.8307999999999982,-5.137,1537896.38,2607317.3594,15.8499,1896129.81,15.188,2355432.6585,13.3218,1669439.4256
469,000540.SZ,20150617,15.9556,16.3144,14.7283,16.1728,15.899,0.2737999999999996,1.7221,1751218.75,2874040.2379,16.018,2226015.648,14.9331,2308572.3008,13.238,1663846.1468
470,000540.SZ,20150616,15.0587,16.5032,14.7094,15.899,15.5025,0.39649999999999963,2.5577,2114727.37,3559849.3877,15.9198,2220483.522,14.5787,2270346.1015,13.1363,1656476.8332
471,000540.SZ,20150615,16.3333,16.6165,15.3703,15.5025,16.3333,-0.8308000000000018,-5.0865,1977305.24,3339222.7309,15.5912,2199098.388,14.2729,2241230.5369,13.0414,1632236.1812
472,000540.SZ,20150612,16.1256,16.6826,15.8801,16.3333,16.1822,0.15109999999999957,0.9337,2099501.31,3636046.4024,15.5327,2250985.574,14.0725,2208161.18,12.9578,1638873.8206
473,000540.SZ,20150611,16.3333,16.9564,15.9368,16.1822,15.6818,0.5004000000000008,3.191,3187325.57,5555396.962,15.4061,2609857.228,13.8314,2220948.8331,12.8278,1614076.2126
474,000540.SZ,20150610,14.2562,15.6818,13.8597,15.6818,14.2562,1.425600000000001,9.9999,1723558.12,2773418.0658,15.1796,2829268.644,13.5903,2105121.4462,12.6987,1557447.8256
475,000540.SZ,20150609,15.1059,15.1059,14.0957,14.2562,15.2098,-0.9535999999999998,-6.2696,2007801.7,3086353.7813,14.7793,3021570.194,13.3869,2116603.45,12.6012,1546472.4897
476,000540.SZ,20150608,15.4458,15.9745,15.1059,15.2098,15.7007,-0.4908999999999999,-3.1266,2236741.17,3637210.4481,14.4148,2844258.024,13.2918,2100286.0869,12.5468,1539733.17
477,000540.SZ,20150605,15.6252,16.2766,15.1059,15.7007,15.0493,0.6513999999999989,4.3284,3893859.58,6486177.2071,13.7785,2582652.136,13.1037,2158315.64,12.4777,1531012.8688
478,000540.SZ,20150604,14.0202,15.0493,13.4065,15.0493,13.6803,1.3689999999999998,10.0071,4284382.65,6544852.6673,12.9515,2054735.852,12.8938,1866860.6308,12.4005,1508989.2821
479,000540.SZ,20150603,12.4341,13.6803,12.283,13.6803,12.4341,1.2462,10.0224,2685065.87,3722947.6686,12.3264,1545104.328,12.6432,1542570.7215,12.3352,1476627.3474
480,000540.SZ,20150602,12.0847,12.4435,11.8676,12.4341,12.0281,0.4060000000000006,3.3754,1121240.85,1435290.2186,12.1697,1317571.874,12.4152,1388965.8154,12.3158,1476334.6126
481,000540.SZ,20150601,11.5466,12.0753,11.4239,12.0281,11.5655,0.4626000000000001,3.9998,928711.73,1168138.082,12.3227,1546471.864,12.259,1376913.8315,12.3424,1561640.4635
482,000540.SZ,20150529,11.9242,12.1225,10.7724,11.5655,11.9242,-0.3587000000000007,-3.0082,1254278.16,1535319.658,12.5266,1697043.426,12.2169,1363616.3531,12.3838,1576580.0494
483,000540.SZ,20150528,12.9061,13.2083,11.8959,11.9242,12.8967,-0.9724999999999984,-7.5407,1736225.03,2339639.1721,12.8212,1820752.628,12.2387,1337762.1669,12.4177,1581066.1241
484,000540.SZ,20150527,13.2743,13.3593,12.8873,12.8967,13.1988,-0.30210000000000115,-2.2888,1547403.6,2134463.1344,13.0402,1832642.818,12.2794,1296283.2515,12.407,1565684.3382
485,000540.SZ,20150526,13.0761,13.3121,12.7928,13.1988,13.0478,0.1509999999999998,1.1573,2265740.8,3143060.5465,13.0138,2121387.17,12.2365,1297826.9069,12.3368,1570220.3053
486,000540.SZ,20150525,12.8967,13.2177,12.7645,13.0478,13.0383,0.009500000000000952,0.0729,1681569.54,2323521.8358,12.9684,1689227.902,12.1261,1172719.8723,12.2372,1517338.3121
487,000540.SZ,20150522,13.1705,13.2177,12.7551,13.0383,13.0194,0.01890000000000036,0.1452,1872824.17,2584093.2635,12.7173,1366636.76,12.0317,1110776.7362,12.1157,1493890.3026
488,000540.SZ,20150521,12.7645,13.2177,12.2736,13.0194,12.7645,0.25489999999999924,1.9969,1795675.98,2395518.2195,12.2528,1129712.344,11.9787,1058209.6031,11.9895,1464204.2956
489,000540.SZ,20150520,14.2657,14.2657,12.7456,12.7645,12.9722,-0.20770000000000088,-1.6011,2991125.36,4208409.378,11.7298,963490.16,11.9061,1004452.8385,11.8436,1427755.5112
490,000540.SZ,20150519,12.9722,12.9722,12.9722,12.9722,11.7921,1.1801000000000013,10.0075,104944.46,144193.688,11.473,516433.99,11.885,878037.4185,11.6963,1354064.655
491,000540.SZ,20150518,11.7921,11.7921,11.7921,11.7921,10.7158,1.0762999999999998,10.044,68613.83,85698.6737,11.2483,679079.846,11.8654,985400.3131,11.5408,1368019.0982
492,000540.SZ,20150508,10.4042,10.7535,10.4042,10.7158,10.4042,0.3116000000000003,2.9949,688202.09,771477.2648,11.3804,904756.906,11.933,1079395.0338,11.4149,1386120.7271
493,000540.SZ,20150507,11.3767,11.405,10.3853,10.4042,11.4805,-1.0762999999999998,-9.375,964565.06,1105488.1773,11.7052,1080610.712,12.0826,1195916.7946,11.3058,1378668.1624
494,000540.SZ,20150506,11.8487,12.0942,11.3295,11.4805,11.8487,-0.36819999999999986,-3.1075,755844.51,938095.3241,11.9771,1015567.57,12.1988,1218364.3008,11.1972,1358556.4903
495,000540.SZ,20150505,12.453,12.5851,11.7637,11.8487,12.453,-0.6043000000000003,-4.8526,918173.74,1182508.6011,12.0451,1039660.422,12.2227,1257296.2931,11.0589,1346823.1665
496,000540.SZ,20150504,12.2452,12.8117,12.1414,12.453,12.3397,0.11329999999999885,0.9182,1196999.13,1589165.0542,12.1452,1093915.962,12.2627,1290544.2131,10.9092,1335267.0432
497,000540.SZ,20150430,11.9054,12.7456,11.9054,12.3397,11.7637,0.5760000000000005,4.8964,1567471.12,2058834.4416,12.0696,1073883.744,12.259,1335287.7285,10.7558,1313392.5835
498,000540.SZ,20150429,11.7921,11.9998,11.5277,11.7637,11.8204,-0.056699999999999307,-0.4797,639349.35,796720.837,12.0998,1029934.5,12.299,1363963.0985,10.6005,1279954.815
499,000540.SZ,20150428,12.3113,12.3302,11.7543,11.8204,12.3491,-0.5287000000000006,-4.2813,876308.77,1113105.6845,12.2906,1202197.048,12.3999,1556709.8892,10.46,1278287.7712
500,000540.SZ,20150427,12.0375,12.519,11.9903,12.3491,12.0753,0.2737999999999996,2.2674,1189451.44,1535107.4327,12.4605,1285044.334,12.4776,1734230.5123,10.3067,1261207.27
501,000540.SZ,20150424,12.2358,12.453,11.9526,12.0753,12.4907,-0.4154,-3.3257,1096838.04,1414292.2484,12.5228,1487751.042,12.5292,1848512.1623,10.1441,1235378.47
502,000540.SZ,20150423,12.7268,12.7928,12.4341,12.4907,12.7173,-0.22659999999999947,-1.7818,1347724.9,1791375.6205,12.4907,1519659.962,12.6265,2073496.9115,9.9911,1216361.23
503,000540.SZ,20150422,12.6795,12.8873,12.5568,12.7173,12.6701,0.04720000000000013,0.3725,1500662.09,2022690.3881,12.351,1502507.064,12.6991,2080337.8923,9.828,1189724.3053
504,000540.SZ,20150421,12.5379,12.8023,12.3585,12.6701,12.6607,0.009399999999999409,0.0742,1290545.2,1719118.778,12.2811,1472453.986,12.6992,2073118.0931,9.6538,1158972.29
505,000540.SZ,20150420,11.9431,12.8589,11.6882,12.6607,11.9148,0.7459000000000007,6.2603,2202984.98,2893022.9038,12.2283,1570077.912,12.6139,2067171.8708,9.4776,1139146.2935
506,000540.SZ,20150417,11.811,12.0375,11.6316,11.9148,11.7921,0.12270000000000003,1.0405,1256382.64,1579187.9917,12.2679,1517531.102,12.4484,2028605.8323,9.3085,1097623.7644
507,000540.SZ,20150416,12.1225,12.1225,11.3389,11.7921,12.368,-0.5759000000000007,-4.6564,1261960.41,1580463.7755,12.5002,1895266.1,12.2866,1967942.0162,9.1546,1069206.7568
508,000540.SZ,20150415,12.5285,12.7928,12.2736,12.368,12.4057,-0.03769999999999918,-0.3039,1350396.7,1792897.0377,12.7079,2279689.392,12.0655,1938894.0785,8.9863,1045733.0115
509,000540.SZ,20150414,12.7928,12.7928,12.368,12.4057,12.8589,-0.4532000000000007,-3.5244,1778664.83,2357603.3347,12.8381,2544632.63,11.7871,1901440.4808,8.795,1016844.5691
510,000540.SZ,20150413,12.8212,13.1044,12.5568,12.8589,13.0761,-0.21720000000000006,-1.661,1940250.93,2630511.9393,13.0251,2993227.62,11.4526,1807421.4408,8.5958,973890.9085
511,000540.SZ,20150410,13.973,13.973,12.8589,13.0761,12.8306,0.24549999999999983,1.9134,3145057.63,4463635.3568,13.1402,2892508.964,11.0602,1695528.0038,8.3844,927833.7791
512,000540.SZ,20150403,12.7456,13.0289,12.2736,12.8306,13.0194,-0.18879999999999875,-1.4501,3184076.87,4240317.1077,13.0685,2544858.378,10.6453,1498169.3808,8.1522,842364.0462
513,000540.SZ,20150402,13.0289,13.482,12.9439,13.0194,13.3404,-0.3210000000000015,-2.4062,2675112.89,3716914.0974,12.8146,2150691.866,10.2363,1305861.0992,7.9289,762989.4985
514,000540.SZ,20150401,13.7842,14.0391,12.604,13.3404,13.4348,-0.09439999999999849,-0.7027,4021639.78,5580289.292,12.3127,1955994.584,9.7738,1133530.4838,7.7081,701575.1812
515,000540.SZ,20150331,12.849,13.7164,12.3158,13.4347,12.7176,0.7171000000000003,5.6386,1436657.65,5017179.3214,11.6069,1245217.234,9.2637,845771.1323,7.4862,599583.4432
516,000540.SZ,20150330,12.0154,12.7176,12.0117,12.7176,11.5611,1.1564999999999994,10.0034,1406804.7,4707256.0886,10.7035,1134753.148,8.7519,762713.7362,7.2608,572237.0788
517,000540.SZ,20150327,10.6036,11.5611,9.9728,11.5611,10.5097,1.0513999999999992,10.0041,1213244.31,3478714.8084,9.9097,1026092.194,8.2935,694903.0323,7.0468,544027.3953
518,000540.SZ,20150326,10.7012,10.7914,10.0479,10.5097,9.8113,0.6984000000000012,7.1183,1701626.48,4824586.6132,9.209,894726.794,7.9608,636443.2777,6.8636,523258.9371
519,000540.SZ,20150325,9.7175,9.8113,9.5936,9.8113,8.9177,0.8935999999999993,10.0205,467753.03,1218517.0995,8.6586,651528.748,7.6954,538671.0092,6.7175,482692.8856
520,000540.SZ,20150324,8.6398,9.0003,8.2043,8.9177,8.7487,0.16900000000000048,1.9317,884337.22,2036936.6966,8.2328,673857.248,7.4782,547510.7654,6.5921,483825.5556
521,000540.SZ,20150323,8.2043,8.8651,8.0165,8.7487,8.0578,0.6908999999999992,8.5743,863499.93,1975539.2754,7.952,633803.646,7.3005,502221.1123,6.4987,486642.4568
522,000540.SZ,20150320,7.7312,8.1067,7.6223,8.0578,7.7575,0.3003,3.8711,556417.31,1165562.2874,7.6035,548066.638,7.1521,459742.0592,6.408,487652.4047
523,000540.SZ,20150319,7.6598,7.8401,7.4721,7.7575,7.6824,0.07509999999999994,0.9776,485636.25,984012.7212,7.3339,492936.818,7.0611,451575.4877,6.3226,495068.9906
524,000540.SZ,20150318,7.4345,7.8401,7.4008,7.6824,7.5134,0.16900000000000048,2.2493,579395.53,1177749.9959,7.1387,467191.868,6.9987,448224.1962,6.2459,502125.6538
525,000540.SZ,20150317,7.044,7.6936,6.9164,7.5134,7.0065,0.5068999999999999,7.2347,684069.21,1309218.7382,6.9539,456365.872,6.9303,438662.5069,6.1613,509478.1453
526,000540.SZ,20150316,6.7699,7.1116,6.7587,7.0065,6.7099,0.29659999999999975,4.4203,434814.89,802178.5566,6.8984,410205.53,6.8661,433461.9,6.0752,508950.5997
527,000540.SZ,20150313,6.7324,6.8037,6.646,6.7099,6.7812,-0.07129999999999992,-1.0514,280768.21,501218.1188,6.9089,409359.95,6.8589,460877.6,5.9917,508174.0165
528,000540.SZ,20150312,6.8,6.8413,6.5709,6.7812,6.7587,0.022499999999999964,0.3329,356911.5,637397.6436,6.9644,469740.28,6.8566,461603.4592,5.9247,508806.3329
529,000540.SZ,20150311,7.2355,7.2656,6.7549,6.7587,7.2355,-0.4767999999999999,-6.5897,525265.55,975016.8487,6.9299,457472.326,6.802,469829.7338,5.8576,511996.5679
530,000540.SZ,20150310,7.0778,7.3444,6.984,7.2355,7.0591,0.1764000000000001,2.4989,453267.5,864701.0915,6.9419,414673.664,6.7333,457746.9731,5.7833,506184.0988
531,000540.SZ,20150309,6.9765,7.1604,6.8751,7.0591,6.9877,0.07139999999999969,1.0218,430586.99,806052.1611,6.8698,414070.54,6.6099,447360.2708,5.6899,497982.8132
532,000540.SZ,20150306,6.6535,7.1529,6.601,6.9877,6.6085,0.3792,5.7381,582669.86,1071852.2052,6.8473,416367.034,6.5031,443031.1585,5.5996,496525.0238
533,000540.SZ,20150305,6.7925,6.7925,6.601,6.6085,6.8188,-0.21030000000000015,-3.0841,295571.73,524546.365,6.8083,390851.776,6.3641,416601.6854,5.5189,488928.9524
534,000540.SZ,20150304,6.8751,6.9389,6.7211,6.8188,6.8751,-0.05629999999999935,-0.8189,311272.24,564330.9012,6.8225,455029.694,6.2587,431199.4177,5.4506,488459.4191
535,000540.SZ,20150303,6.8713,7.1191,6.7887,6.8751,6.9464,-0.07129999999999992,-1.0264,450251.88,835835.375,6.8413,551019.044,6.1582,452411.2531,5.3812,488788.9565
536,000540.SZ,20150302,6.8826,7.0853,6.8188,6.9464,6.7925,0.15389999999999926,2.2657,442069.46,816765.8847,6.8022,519009.544,6.0753,460385.7769,5.3088,489326.4215
537,000540.SZ,20150227,6.7211,6.8826,6.6085,6.7925,6.6798,0.11270000000000024,1.6872,455093.57,818484.9178,6.6272,523366.266,5.9849,465371.3,5.2369,503849.3029
538,000540.SZ,20150226,6.9014,6.984,6.6273,6.6798,6.9126,-0.23280000000000012,-3.3678,616461.32,1110023.2079,6.4417,505985.484,5.8809,464800.6762,,
539,000540.SZ,20150225,6.7887,7.2919,6.7624,6.9126,6.6798,0.23280000000000012,3.4851,791218.99,1470364.541,6.2322,446341.294,5.7772,456389.5538,,
540,000540.SZ,20150217,6.6686,6.6798,6.4958,6.6798,6.0715,0.6082999999999998,10.0189,290204.38,514242.0411,5.9837,362959.202,5.6718,420325.0723,,
541,000540.SZ,20150213,5.9138,6.0941,5.8463,6.0715,5.865,0.20650000000000013,3.5209,463853.07,739665.0751,5.684,352735.668,5.5849,436945.0285,,
542,000540.SZ,20150212,5.6397,5.9138,5.6322,5.865,5.6322,0.23280000000000012,4.1334,368189.66,571529.9886,5.5173,357033.504,5.5594,476657.2431,,
543,000540.SZ,20150211,5.7449,5.7749,5.5571,5.6322,5.6698,-0.0376000000000003,-0.6632,318240.37,480050.0082,5.4468,400800.792,5.5441,517399.4354,,
544,000540.SZ,20150210,5.1817,5.6698,5.1554,5.6698,5.1817,0.4881000000000002,9.4197,374308.53,541840.4463,5.4798,447936.856,5.5072,555117.9631,,
545,000540.SZ,20150209,5.238,5.3131,5.0728,5.1817,5.238,-0.05630000000000024,-1.0748,239086.71,330509.7831,5.5001,474451.402,5.4673,582137.5223,,
546,000540.SZ,20150206,5.4295,5.6397,5.2004,5.238,5.5121,-0.2740999999999998,-4.9727,485342.25,697073.605,5.5519,516169.152,5.4384,627544.7169,,
547,000540.SZ,20150205,5.9702,5.9702,5.4858,5.5121,5.7974,-0.28529999999999944,-4.9212,587026.1,900427.349,5.5706,520524.048,5.3882,641451.6715,,
548,000540.SZ,20150204,5.7449,6.0002,5.6698,5.7974,5.7712,0.026199999999999335,0.454,553920.69,857523.2791,5.5766,467594.974,5.2848,627712.0531,,
549,000540.SZ,20150203,5.4783,5.7974,5.4708,5.7712,5.4407,0.3305000000000007,6.0746,506881.26,760589.139,5.5271,458063.598,5.1796,608354.0746,,
550,000540.SZ,20150202,5.2492,5.5984,5.1854,5.4407,5.3318,0.10889999999999933,2.0425,447675.46,648433.3286,5.5211,552709.718,5.082,605161.6308,,
551,000540.SZ,20150130,5.5496,5.6135,5.2492,5.3318,5.5421,-0.21029999999999927,-3.7946,507116.73,728465.9497,5.5661,642742.258,4.989,595928.2569,,
552,000540.SZ,20150129,5.467,5.6698,5.4257,5.5421,5.5496,-0.007500000000000284,-0.1351,322380.73,477904.3531,5.5301,703035.158,4.8911,570336.4923,,
553,000540.SZ,20150128,5.7449,5.7524,5.4933,5.5496,5.7411,-0.19150000000000045,-3.3356,506263.81,757252.4447,5.452,783671.572,4.7718,574847.3708,,
554,000540.SZ,20150127,5.7824,5.9026,5.5196,5.7411,5.666,0.07509999999999994,1.3255,980111.86,1496849.7697,5.3033,848294.858,4.6713,560858.1108,,
555,000540.SZ,20150126,5.3919,5.666,5.3131,5.666,5.1516,0.5144000000000002,9.9852,897838.16,1331198.3754,5.072,785499.018,4.5592,506973.1677,,
556,000540.SZ,20150123,5.1403,5.3994,5.1103,5.1516,5.1516,0.0,0.0,808581.23,1124110.7863,4.7724,687613.598,4.4665,462714.5792,,
557,000540.SZ,20150122,4.7686,5.2004,4.7386,5.1516,4.8062,0.3454000000000006,7.1866,725562.8,962216.5485,4.6282,586350.746,4.4096,436556.4608,,
558,000540.SZ,20150121,4.6935,5.0127,4.6372,4.8062,4.5846,0.22159999999999958,4.8336,829380.24,1065912.6135,4.4983,534314.084,4.3596,452732.2015,,
559,000540.SZ,20150120,4.3143,4.5846,4.2655,4.5846,4.1679,0.4166999999999996,9.9978,666132.66,797107.2351,4.3834,433966.356,,,,
560,000540.SZ,20150119,4.2054,4.3368,4.0928,4.1679,4.4307,-0.2627999999999995,-5.9313,408411.06,459675.5218,4.2783,335624.582,,,,
561,000540.SZ,20150116,4.5321,4.5584,4.4119,4.4307,4.502,-0.07129999999999992,-1.5837,302266.97,359894.7802,4.243,330146.8,,,,
562,000540.SZ,20150115,4.2617,4.502,4.2467,4.502,4.2317,0.27029999999999976,6.3875,465379.49,547753.7284,4.2054,334574.092,,,,
563,000540.SZ,20150114,4.0627,4.3706,4.0515,4.2317,4.059,0.17269999999999985,4.2547,327641.6,369975.4793,4.1619,297419.714,,,,
564,000540.SZ,20150113,3.9914,4.1078,3.9463,4.059,3.9914,0.0676000000000001,1.6936,174423.79,187838.8943,4.2077,296386.696,,,,
565,000540.SZ,20150112,4.1791,4.2317,3.9351,3.9914,4.2429,-0.2514999999999996,-5.9275,381022.15,411618.481,4.2782,355207.076,,,,
566,000540.SZ,20150109,4.2805,4.3856,4.2392,4.2429,4.2843,-0.041400000000000325,-0.9663,324403.43,372970.7682,4.3804,466172.132,,,,
567,000540.SZ,20150108,4.4607,4.4682,4.2805,4.2843,4.4607,-0.1764000000000001,-3.9545,279607.6,323265.5391,,,,,,
568,000540.SZ,20150107,4.3894,4.4757,4.318,4.4607,4.4119,0.048799999999999955,1.1061,322476.51,378663.2484,,,,,,
569,000540.SZ,20150106,4.4082,4.5809,4.3406,4.4119,4.502,-0.09009999999999962,-2.0013,468525.69,553150.3128,,,,,,
570,000540.SZ,20150105,4.5246,4.7273,4.4682,4.502,4.4232,0.0788000000000002,1.7815,935847.43,1141126.0971,,,,,,
